CustomerID,State,Customer Lifetime Value,Response,Coverage,Coverage Index,Education,Education Index,Effective To Date,Employment Status,Employment Status Index,Gender,Income,Marital Status,Marital Status Index,Months Since Last Claim,Months Since Policy Inception,Number of Open Complaints,Number of Policies,Policy Type,Policy Type Index,Policy,Policy Index,Renew Offer Type,Sales Channel,Sales Channel Index,Vehicle Size,Vehicle Size Index,Claim over 1k
QC35222,California,3622.69,No,Basic,0,Bachelor,2,1/1/2024,Employed,1,F,65163,Married,1,4,107,3,1,Corporate Auto,1,Corporate L2,4,3,Web,0,Medsize,1,0
AE98193,Washington,10610.21,No,Basic,0,High School or Below,0,1/1/2024,Unemployed,0,M,0,Single,0,26,14,0,7,Personal Auto,0,Personal L1,0,1,Branch,1,Medsize,1,1
TM23514,Oregon,13868.02,No,Extended,1,College,1,1/1/2024,Employed,1,M,81196,Single,0,11,38,0,3,Personal Auto,0,Personal L3,2,3,Web,0,Medsize,1,0
QZ42725,Washington,3119.69,No,Basic,0,Bachelor,2,1/1/2024,Unemployed,0,F,0,Single,0,16,32,0,1,Personal Auto,0,Personal L3,2,2,Agent,2,Medsize,1,0
SG81493,Arizona,5999.04,No,Premium,2,Bachelor,2,1/1/2024,Employed,1,M,62618,Married,1,45,126,0,1,Corporate Auto,1,Corporate L1,3,2,Web,0,Medsize,1,0
FN69743,California,6259.34,Yes,Basic,0,College,1,1/1/2024,Retired,3,M,36183,Married,1,9,58,1,5,Corporate Auto,1,Corporate L1,3,2,Agent,2,Medsize,1,0
BW52697,California,7431.83,No,Basic,0,College,1,1/1/2024,Employed,1,F,116278,Married,1,41,14,0,3,Personal Auto,0,Personal L3,2,2,Call Center,3,Medsize,1,0
HP55391,Oregon,7325.28,No,Basic,0,Master,3,1/1/2024,Unemployed,0,M,0,Married,1,45,112,0,3,Corporate Auto,1,Corporate L3,5,1,Agent,2,Medsize,1,0
US45383,California,16579.03,Yes,Premium,2,College,1,1/1/2024,Employed,1,M,119259,Married,1,22,1,0,2,Personal Auto,0,Personal L3,2,1,Branch,1,Medsize,1,0
XC16387,Arizona,6804.56,No,Basic,0,High School or Below,0,1/1/2024,Employed,1,F,62197,Single,0,0,82,0,4,Personal Auto,0,Personal L3,2,1,Branch,1,Medsize,1,0
VU53417,Arizona,5180.43,No,Extended,1,High School or Below,0,1/1/2024,Medical Leave,2,M,31119,Divorced,2,42,116,0,1,Personal Auto,0,Personal L1,0,1,Agent,2,Medsize,1,0
SV34223,California,27644.1,No,Basic,0,College,1,1/1/2024,Employed,1,F,78728,Married,1,0,76,0,2,Personal Auto,0,Personal L2,1,4,Call Center,3,Medsize,1,0
JO13576,California,3554.57,No,Basic,0,High School or Below,0,1/1/2024,Retired,3,F,29512,Married,1,4,15,0,1,Personal Auto,0,Personal L3,2,2,Agent,2,Medsize,1,0
AC75391,Arizona,7786.92,No,Basic,0,College,1,1/1/2024,Employed,1,F,47373,Divorced,2,36,26,0,9,Corporate Auto,1,Corporate L1,3,1,Branch,1,Medsize,1,0
LP47259,Arizona,11237.71,No,Extended,1,High School or Below,0,1/1/2024,Unemployed,0,M,0,Single,0,15,124,0,5,Corporate Auto,1,Corporate L3,5,2,Branch,1,Medsize,1,1
VF21395,Oregon,3581.14,No,Basic,0,Bachelor,2,1/1/2024,Employed,1,M,111584,Married,1,11,126,0,1,Personal Auto,0,Personal L2,1,2,Web,0,Medsize,1,0
JG36165,California,8157.53,No,Extended,1,Bachelor,2,1/1/2024,Unemployed,0,M,0,Single,0,16,28,0,5,Personal Auto,0,Personal L1,0,4,Web,0,Medsize,1,1
TC84427,Oregon,6817.08,No,Basic,0,High School or Below,0,1/1/2024,Employed,1,F,82458,Single,0,9,55,2,9,Personal Auto,0,Personal L3,2,1,Call Center,3,Medsize,1,0
LI85491,Oregon,5055.18,No,Basic,0,High School or Below,0,1/1/2024,Unemployed,0,F,0,Single,0,4,43,0,1,Personal Auto,0,Personal L3,2,1,Agent,2,Small,0,0
EF87528,Arizona,6259.34,Yes,Basic,0,College,1,1/1/2024,Retired,3,M,36183,Married,1,9,58,1,5,Special Auto,2,Special L3,8,2,Agent,2,Medsize,1,0
EP18940,Oregon,12788.51,No,Extended,1,Bachelor,2,1/1/2024,Unemployed,0,F,0,Married,1,41,43,0,2,Personal Auto,0,Personal L3,2,1,Call Center,3,Medsize,1,0
OH83248,California,11419.02,No,Premium,2,Master,3,1/1/2024,Employed,1,M,77482,Married,1,11,15,0,3,Personal Auto,0,Personal L3,2,4,Call Center,3,Medsize,1,0
VM34210,Washington,9988.69,No,Basic,0,College,1,1/1/2024,Unemployed,0,F,0,Married,1,38,46,0,6,Personal Auto,0,Personal L2,1,1,Web,0,Medsize,1,0
ZM28138,Arizona,9756.61,No,Basic,0,Bachelor,2,1/1/2024,Employed,1,F,54207,Single,0,1,134,0,2,Personal Auto,0,Personal L3,2,1,Agent,2,Medsize,1,0
XE10977,Oregon,3614.62,No,Basic,0,High School or Below,0,1/1/2024,Employed,1,F,96773,Married,1,9,23,0,1,Personal Auto,0,Personal L3,2,2,Web,0,Medsize,1,0
WE19034,Oregon,3277.49,No,Basic,0,College,1,1/1/2024,Employed,1,M,32952,Married,1,5,18,0,1,Corporate Auto,1,Corporate L2,4,4,Agent,2,Small,0,0
XZ81226,Arizona,8703.34,No,Extended,1,Bachelor,2,1/1/2024,Employed,1,F,58695,Married,1,36,107,0,9,Personal Auto,0,Personal L1,0,1,Branch,1,Medsize,1,0
RA63927,Oregon,9710.69,No,Extended,1,High School or Below,0,1/1/2024,Employed,1,M,41696,Married,1,9,72,0,4,Personal Auto,0,Personal L1,0,3,Web,0,Medsize,1,0
YQ50209,Arizona,6543.78,No,Basic,0,High School or Below,0,1/1/2024,Unemployed,0,M,0,Single,0,0,43,0,7,Corporate Auto,1,Corporate L1,3,2,Agent,2,Small,0,0
QT46430,California,11061.56,No,Basic,0,College,1,1/1/2024,Medical Leave,2,F,17253,Married,1,23,72,2,6,Personal Auto,0,Personal L1,0,2,Call Center,3,Medsize,1,0
ZZ22858,Arizona,20271.85,No,Basic,0,Bachelor,2,1/1/2024,Employed,1,F,95336,Married,1,3,113,0,3,Personal Auto,0,Personal L3,2,3,Branch,1,Medsize,1,0
IG94072,Oregon,13403.98,No,Extended,1,High School or Below,0,1/1/2024,Employed,1,F,101824,Married,1,4,66,0,6,Personal Auto,0,Personal L1,0,1,Branch,1,Large,2,1
HQ32112,Arizona,7079.95,No,Extended,1,High School or Below,0,1/1/2024,Employed,1,M,91977,Married,1,30,36,0,1,Personal Auto,0,Personal L2,1,4,Branch,1,Medsize,1,0
BW94308,Washington,27130.81,Yes,Basic,0,High School or Below,0,1/1/2024,Employed,1,F,125234,Married,1,23,20,0,2,Personal Auto,0,Personal L2,1,2,Agent,2,Large,2,0
EV78251,Oregon,9670.78,No,Basic,0,Doctor,4,1/1/2024,Unemployed,0,F,0,Single,0,11,15,0,2,Personal Auto,0,Personal L3,2,4,Branch,1,Small,0,0
NU64028,Nevada,16558.56,No,Basic,0,Bachelor,2,1/1/2024,Employed,1,M,48186,Divorced,2,11,85,0,2,Personal Auto,0,Personal L1,0,1,Branch,1,Small,0,0
UQ73252,Arizona,6259.34,Yes,Basic,0,College,1,1/1/2024,Retired,3,M,36183,Married,1,9,58,1,5,Personal Auto,0,Personal L3,2,2,Agent,2,Medsize,1,0
LK91880,California,11308.05,No,Basic,0,College,1,1/1/2024,Employed,1,F,35705,Married,1,9,57,0,3,Personal Auto,0,Personal L3,2,3,Agent,2,Medsize,1,0
PO56357,California,7240.76,No,Basic,0,High School or Below,0,1/1/2024,Employed,1,F,87215,Married,1,24,96,1,8,Personal Auto,0,Personal L3,2,1,Web,0,Medsize,1,0
HA82735,Arizona,5208.23,No,Extended,1,Bachelor,2,1/1/2024,Unemployed,0,F,0,Single,0,16,90,2,1,Personal Auto,0,Personal L2,1,1,Web,0,Medsize,1,1
UK29448,Oregon,3331.07,No,Basic,0,Bachelor,2,1/1/2024,Unemployed,0,M,0,Single,0,39,19,0,1,Personal Auto,0,Personal L2,1,1,Agent,2,Medsize,1,0
PY98628,Arizona,7518.08,Yes,Extended,1,High School or Below,0,1/1/2024,Unemployed,0,M,0,Single,0,28,72,1,7,Personal Auto,0,Personal L2,1,1,Agent,2,Medsize,1,0
SP56326,Arizona,10061.55,No,Premium,2,High School or Below,0,1/1/2024,Medical Leave,2,F,16463,Divorced,2,39,47,0,7,Personal Auto,0,Personal L3,2,1,Branch,1,Medsize,1,0
RA27021,Nevada,37212.4,No,Extended,1,Bachelor,2,1/1/2024,Disabled,4,F,35654,Married,1,23,122,0,2,Corporate Auto,1,Corporate L1,3,2,Agent,2,Large,2,0
XJ97760,California,6398.81,No,Basic,0,Master,3,1/1/2024,Employed,1,M,47303,Single,0,9,117,0,8,Personal Auto,0,Personal L1,0,1,Call Center,3,Medsize,1,0
RY23571,California,3352.96,No,Basic,0,Bachelor,2,1/1/2024,Employed,1,F,102080,Married,1,22,53,5,1,Personal Auto,0,Personal L3,2,2,Branch,1,Medsize,1,0
JT47995,Arizona,81750.86,No,Extended,1,College,1,1/1/2024,Unemployed,0,F,0,Married,1,47,61,0,2,Personal Auto,0,Personal L3,2,1,Web,0,Large,2,1
NK53938,Oregon,3509.96,No,Basic,0,Master,3,1/1/2024,Employed,1,M,60994,Married,1,28,92,0,1,Personal Auto,0,Personal L2,1,4,Call Center,3,Medsize,1,0
IB36843,California,7513.95,No,Basic,0,Master,3,1/1/2024,Employed,1,M,122319,Single,0,11,120,0,3,Personal Auto,0,Personal L2,1,2,Web,0,Medsize,1,0
YR85283,Nevada,20363.11,No,Extended,1,High School or Below,0,1/1/2024,Employed,1,F,35128,Married,1,8,43,0,2,Personal Auto,0,Personal L2,1,4,Agent,2,Small,0,0
CO25601,Washington,5552.04,No,Basic,0,High School or Below,0,1/1/2024,Unemployed,0,M,0,Single,0,22,122,3,9,Personal Auto,0,Personal L2,1,1,Agent,2,Medsize,1,0
HB29169,Washington,57325.01,No,Premium,2,Bachelor,2,1/1/2024,Unemployed,0,F,0,Married,1,22,124,1,2,Personal Auto,0,Personal L3,2,1,Branch,1,Medsize,1,1
XL80761,California,12547.02,No,Basic,0,College,1,1/1/2024,Employed,1,M,91184,Married,1,3,20,0,3,Corporate Auto,1,Corporate L3,5,1,Branch,1,Small,0,0
UD27331,Nevada,4376.48,No,Extended,1,Bachelor,2,1/1/2024,Employed,1,M,45496,Single,0,19,30,3,1,Personal Auto,0,Personal L3,2,1,Agent,2,Medsize,1,0
SG71810,Oregon,15673.84,No,Basic,0,College,1,1/1/2024,Employed,1,F,56029,Married,1,38,93,0,2,Personal Auto,0,Personal L3,2,1,Agent,2,Small,0,0
LR32149,Arizona,30969.52,No,Basic,0,Bachelor,2,1/1/2024,Employed,1,F,71541,Married,1,22,116,0,2,Personal Auto,0,Personal L1,0,1,Call Center,3,Medsize,1,0
FC68244,Oregon,8270.87,No,Extended,1,High School or Below,0,1/1/2024,Employed,1,M,82538,Married,1,5,22,0,4,Personal Auto,0,Personal L2,1,2,Web,0,Medsize,1,0
ET47892,Oregon,16579.03,Yes,Premium,2,College,1,1/1/2024,Employed,1,M,119259,Married,1,22,1,0,2,Personal Auto,0,Personal L3,2,1,Branch,1,Medsize,1,0
ZS35830,Oregon,3625.97,No,Basic,0,College,1,1/1/2024,Employed,1,F,78524,Married,1,4,26,0,1,Personal Auto,0,Personal L2,1,2,Call Center,3,Medsize,1,0
AY55759,California,27130.81,Yes,Basic,0,High School or Below,0,1/1/2024,Employed,1,F,125234,Married,1,23,20,0,2,Personal Auto,0,Personal L2,1,2,Agent,2,Large,2,0
ZO30377,California,4687.7,No,Premium,2,High School or Below,0,1/1/2024,Unemployed,0,M,0,Single,0,34,65,0,1,Personal Auto,0,Personal L3,2,2,Agent,2,Medsize,1,1
FV15346,Arizona,47849.82,No,Extended,1,College,1,1/1/2024,Employed,1,M,130752,Divorced,2,46,92,0,2,Personal Auto,0,Personal L3,2,1,Call Center,3,Medsize,1,0
AX28231,Washington,7332.35,No,Basic,0,High School or Below,0,1/1/2024,Employed,1,M,66616,Married,1,14,16,0,7,Personal Auto,0,Personal L3,2,2,Agent,2,Medsize,1,0
UM94104,Oregon,7040.21,No,Basic,0,High School or Below,0,1/1/2024,Employed,1,M,88256,Married,1,12,113,0,3,Personal Auto,0,Personal L3,2,4,Branch,1,Medsize,1,0
TG70775,California,27130.81,Yes,Basic,0,High School or Below,0,1/1/2024,Employed,1,F,125234,Married,1,23,20,0,2,Personal Auto,0,Personal L3,2,2,Agent,2,Large,2,0
YK60829,Oregon,27130.81,Yes,Basic,0,High School or Below,0,1/1/2024,Employed,1,F,125234,Married,1,23,20,0,2,Corporate Auto,1,Corporate L1,3,2,Agent,2,Large,2,0
ZT52415,Oregon,10997.08,No,Basic,0,Bachelor,2,1/1/2024,Employed,1,F,84421,Married,1,14,1,0,2,Personal Auto,0,Personal L1,0,2,Branch,1,Medsize,1,0
QW81912,California,10808.4,No,Extended,1,High School or Below,0,1/1/2024,Employed,1,F,86079,Married,1,18,74,0,4,Personal Auto,0,Personal L1,0,2,Branch,1,Medsize,1,0
IV37346,Oregon,10006.24,No,Basic,0,College,1,1/1/2024,Employed,1,F,70871,Divorced,2,30,62,0,2,Corporate Auto,1,Corporate L3,5,1,Agent,2,Small,0,0
ZF77631,California,30724.53,No,Basic,0,Master,3,1/1/2024,Employed,1,M,108729,Married,1,36,100,0,2,Personal Auto,0,Personal L2,1,4,Agent,2,Medsize,1,0
ZQ28996,Nevada,7273.83,No,Basic,0,College,1,1/1/2024,Employed,1,M,66008,Married,1,22,36,0,7,Corporate Auto,1,Corporate L1,3,1,Web,0,Large,2,0
UU84036,California,11161.6,No,Basic,0,High School or Below,0,1/1/2024,Employed,1,M,80456,Married,1,8,80,0,2,Special Auto,2,Special L2,7,1,Agent,2,Medsize,1,0
XQ51968,California,7518.08,Yes,Extended,1,High School or Below,0,1/1/2024,Unemployed,0,M,0,Single,0,28,72,1,7,Corporate Auto,1,Corporate L3,5,1,Agent,2,Medsize,1,0
DY92795,Oregon,4356.25,No,Extended,1,Bachelor,2,1/1/2024,Employed,1,F,112390,Married,1,5,132,0,1,Personal Auto,0,Personal L1,0,2,Call Center,3,Medsize,1,0
VU79621,Oregon,10989,No,Basic,0,Master,3,1/1/2024,Unemployed,0,M,0,Divorced,2,14,57,0,6,Personal Auto,0,Personal L2,1,2,Branch,1,Large,2,0
NU57274,California,12628.07,No,Extended,1,Bachelor,2,1/1/2024,Unemployed,0,M,0,Single,0,32,90,0,8,Personal Auto,0,Personal L1,0,1,Branch,1,Large,2,1
JO64353,Oregon,7157.48,No,Basic,0,High School or Below,0,1/1/2024,Employed,1,F,27363,Married,1,19,107,0,3,Personal Auto,0,Personal L3,2,1,Agent,2,Small,0,0
WR88041,Washington,6809.13,No,Basic,0,High School or Below,0,1/1/2024,Employed,1,M,48373,Divorced,2,1,59,0,7,Personal Auto,0,Personal L3,2,1,Agent,2,Medsize,1,0
CY30418,Washington,7807.29,No,Basic,0,College,1,1/1/2024,Employed,1,M,97678,Divorced,2,12,14,0,8,Personal Auto,0,Personal L3,2,1,Agent,2,Medsize,1,0
HJ21793,Oregon,6275.53,No,Extended,1,Bachelor,2,1/1/2024,Unemployed,0,F,0,Married,1,15,14,0,1,Personal Auto,0,Personal L1,0,3,Call Center,3,Medsize,1,1
TU67471,Washington,27130.81,Yes,Basic,0,High School or Below,0,1/1/2024,Employed,1,F,125234,Married,1,23,20,0,2,Personal Auto,0,Personal L2,1,2,Agent,2,Large,2,0
FD45309,Oregon,7518.08,Yes,Extended,1,High School or Below,0,1/1/2024,Unemployed,0,M,0,Single,0,28,72,1,7,Personal Auto,0,Personal L2,1,1,Agent,2,Medsize,1,0
LC92080,Oregon,9784.44,No,Basic,0,College,1,1/1/2024,Employed,1,M,31780,Married,1,16,51,0,2,Personal Auto,0,Personal L3,2,2,Agent,2,Medsize,1,0
DJ27518,California,13621.22,No,Extended,1,High School or Below,0,1/1/2024,Employed,1,F,85937,Single,0,1,35,0,7,Corporate Auto,1,Corporate L3,5,4,Agent,2,Medsize,1,0
RK63095,California,4216.03,No,Extended,1,College,1,1/1/2024,Employed,1,M,98437,Single,0,34,97,0,1,Personal Auto,0,Personal L3,2,2,Web,0,Medsize,1,0
NP19156,Arizona,6243.15,No,Basic,0,Master,3,1/1/2024,Employed,1,F,38156,Divorced,2,30,16,4,6,Corporate Auto,1,Corporate L2,4,1,Agent,2,Medsize,1,0
TM12486,Oregon,3995.93,No,Extended,1,High School or Below,0,1/1/2024,Retired,3,M,37989,Single,0,31,7,0,1,Personal Auto,0,Personal L3,2,3,Web,0,Small,0,0
CS30775,California,5657.93,No,Basic,0,High School or Below,0,1/1/2024,Unemployed,0,M,0,Single,0,4,72,1,7,Personal Auto,0,Personal L3,2,4,Web,0,Small,0,0
LX71137,Arizona,4987.1,No,Extended,1,Bachelor,2,1/1/2024,Employed,1,F,118105,Divorced,2,16,77,0,1,Personal Auto,0,Personal L3,2,3,Branch,1,Medsize,1,0
MO82744,California,7635.87,No,Basic,0,Bachelor,2,1/1/2024,Employed,1,F,61541,Divorced,2,23,27,0,4,Personal Auto,0,Personal L2,1,1,Branch,1,Medsize,1,0
GG20671,Nevada,21158.73,No,Extended,1,College,1,1/1/2024,Employed,1,M,58410,Married,1,11,14,0,2,Special Auto,2,Special L2,7,4,Agent,2,Large,2,0
FU51754,Arizona,7518.08,Yes,Extended,1,High School or Below,0,1/1/2024,Unemployed,0,M,0,Single,0,28,72,1,7,Personal Auto,0,Personal L2,1,1,Agent,2,Medsize,1,0
GB94407,California,16579.03,Yes,Premium,2,College,1,1/1/2024,Employed,1,M,119259,Married,1,22,1,0,2,Corporate Auto,1,Corporate L2,4,1,Branch,1,Medsize,1,0
WX19595,Arizona,19480.36,No,Basic,0,High School or Below,0,1/1/2024,Unemployed,0,M,0,Married,1,5,42,0,9,Personal Auto,0,Personal L2,1,4,Agent,2,Small,0,1
AH53588,California,6259.34,Yes,Basic,0,College,1,1/1/2024,Retired,3,M,36183,Married,1,9,58,1,5,Personal Auto,0,Personal L2,1,2,Agent,2,Medsize,1,0
PG27422,California,7971.54,No,Basic,0,Bachelor,2,1/1/2024,Employed,1,F,121437,Single,0,4,57,0,3,Corporate Auto,1,Corporate L3,5,2,Web,0,Medsize,1,0
VO25412,Washington,12064.71,No,Basic,0,Master,3,1/1/2024,Employed,1,F,50652,Married,1,28,41,0,2,Special Auto,2,Special L3,8,1,Agent,2,Medsize,1,0
FA90739,Oregon,16843.47,No,Extended,1,High School or Below,0,1/1/2024,Unemployed,0,M,0,Single,0,9,46,0,2,Corporate Auto,1,Corporate L3,5,1,Call Center,3,Medsize,1,1
QG39997,Arizona,5687.28,No,Premium,2,College,1,1/1/2024,Disabled,4,F,13631,Married,1,23,93,0,1,Personal Auto,0,Personal L1,0,1,Web,0,Medsize,1,0
AL43475,California,9953.86,No,Basic,0,College,1,1/1/2024,Employed,1,F,60666,Married,1,9,50,0,1,Personal Auto,0,Personal L3,2,2,Branch,1,Large,2,1
NF60680,Arizona,27130.81,Yes,Basic,0,High School or Below,0,1/1/2024,Employed,1,F,125234,Married,1,23,20,0,2,Personal Auto,0,Personal L2,1,2,Agent,2,Large,2,0
EC66666,Arizona,9850.27,No,Basic,0,College,1,1/1/2024,Unemployed,0,F,0,Divorced,2,39,119,0,2,Personal Auto,0,Personal L1,0,1,Web,0,Medsize,1,0
JV79596,Oregon,19702.51,No,Basic,0,Bachelor,2,1/1/2024,Disabled,4,F,37296,Married,1,14,58,0,2,Special Auto,2,Special L2,7,3,Call Center,3,Small,0,0
UH22701,Oregon,13130.84,No,Extended,1,Master,3,1/1/2024,Employed,1,F,97519,Married,1,3,39,0,2,Personal Auto,0,Personal L3,2,2,Call Center,3,Medsize,1,0
ZP27971,California,5135.13,No,Extended,1,High School or Below,0,1/1/2024,Employed,1,M,35168,Married,1,5,69,0,1,Personal Auto,0,Personal L3,2,2,Branch,1,Small,0,0
TG37225,California,6259.34,Yes,Basic,0,College,1,1/1/2024,Retired,3,M,36183,Married,1,9,58,1,5,Personal Auto,0,Personal L3,2,2,Agent,2,Medsize,1,0
CO68055,Oregon,41804.53,No,Basic,0,Bachelor,2,1/1/2024,Unemployed,0,M,0,Married,1,24,3,0,2,Personal Auto,0,Personal L1,0,3,Branch,1,Small,0,0
QU69375,Nevada,7518.08,Yes,Extended,1,High School or Below,0,1/1/2024,Unemployed,0,M,0,Single,0,28,72,1,7,Corporate Auto,1,Corporate L2,4,1,Agent,2,Medsize,1,0
BK57087,California,5868.67,No,Basic,0,College,1,1/1/2024,Employed,1,F,51601,Married,1,36,24,2,1,Personal Auto,0,Personal L3,2,3,Branch,1,Medsize,1,0
WW41496,Nevada,42167.11,No,Extended,1,Bachelor,2,1/1/2024,Employed,1,F,94721,Divorced,2,46,4,0,2,Personal Auto,0,Personal L3,2,2,Agent,2,Medsize,1,0
JP10227,California,16579.03,Yes,Premium,2,College,1,1/1/2024,Employed,1,M,119259,Married,1,22,1,0,2,Corporate Auto,1,Corporate L2,4,1,Branch,1,Medsize,1,0
RT36566,California,7101.84,No,Basic,0,Bachelor,2,1/1/2024,Employed,1,F,41858,Divorced,2,27,22,0,4,Personal Auto,0,Personal L3,2,2,Call Center,3,Medsize,1,0
BD69478,California,7012.78,No,Basic,0,College,1,1/1/2024,Employed,1,M,70042,Married,1,11,134,0,9,Personal Auto,0,Personal L2,1,2,Call Center,3,Small,0,0
HJ64239,California,11154.55,No,Basic,0,College,1,1/1/2024,Unemployed,0,F,0,Single,0,34,74,0,3,Corporate Auto,1,Corporate L3,5,1,Agent,2,Medsize,1,1
ZF70768,California,5467.88,No,Premium,2,High School or Below,0,1/1/2024,Employed,1,M,111723,Married,1,22,50,0,1,Personal Auto,0,Personal L2,1,2,Branch,1,Large,2,0
CZ57208,California,20581.09,No,Basic,0,Bachelor,2,1/1/2024,Employed,1,F,40777,Single,0,32,1,0,4,Personal Auto,0,Personal L3,2,1,Agent,2,Large,2,1
GO36627,Arizona,5180.56,No,Extended,1,College,1,1/13/2011,Employed,1,M,29538,Married,1,39,50,0,1,Special Auto,2,Special L2,7,1,Branch,1,Medsize,1,0
GK73582,California,4021.44,No,Extended,1,Bachelor,2,1/13/2011,Employed,1,F,87191,Single,0,4,23,0,1,Personal Auto,0,Personal L1,0,3,Branch,1,Medsize,1,0
MF82000,Washington,3193.22,No,Basic,0,Bachelor,2,1/13/2011,Unemployed,0,F,0,Married,1,34,69,2,1,Special Auto,2,Special L2,7,2,Branch,1,Medsize,1,0
SV38190,Nevada,8750.06,No,Extended,1,Bachelor,2,1/13/2011,Employed,1,F,41430,Married,1,31,69,0,5,Personal Auto,0,Personal L2,1,4,Branch,1,Medsize,1,0
ZC24631,Oregon,18788.46,No,Extended,1,College,1,1/13/2011,Employed,1,M,90810,Single,0,42,14,0,2,Corporate Auto,1,Corporate L3,5,3,Call Center,3,Medsize,1,0
YR34689,California,15279.48,No,Extended,1,High School or Below,0,1/13/2011,Employed,1,F,107015,Married,1,38,82,3,2,Personal Auto,0,Personal L1,0,2,Branch,1,Medsize,1,0
MO33320,Oregon,6287.17,No,Basic,0,College,1,1/13/2011,Disabled,4,M,24332,Single,0,18,1,0,3,Personal Auto,0,Personal L3,2,1,Agent,2,Medsize,1,0
EI71732,Oregon,8458.21,Yes,Extended,1,Doctor,4,1/13/2011,Unemployed,0,F,0,Married,1,24,34,1,4,Personal Auto,0,Personal L1,0,1,Agent,2,Medsize,1,0
RY92254,Washington,6139.65,No,Premium,2,Bachelor,2,1/13/2011,Employed,1,M,45267,Married,1,15,20,0,1,Personal Auto,0,Personal L3,2,4,Agent,2,Medsize,1,1
NK91488,Nevada,7397.4,Yes,Basic,0,Master,3,1/13/2011,Employed,1,M,75607,Married,1,42,41,1,3,Personal Auto,0,Personal L3,2,1,Branch,1,Small,0,0
EP61084,Nevada,4345.12,No,Extended,1,High School or Below,0,1/13/2011,Employed,1,F,92848,Married,1,38,105,0,1,Personal Auto,0,Personal L3,2,3,Call Center,3,Medsize,1,0
GY74661,Oregon,5453.08,No,Basic,0,College,1,1/13/2011,Employed,1,F,47130,Divorced,2,8,42,1,1,Personal Auto,0,Personal L3,2,4,Agent,2,Large,2,0
JW24035,Oregon,9250.2,No,Basic,0,College,1,1/13/2011,Unemployed,0,M,0,Single,0,9,61,1,2,Personal Auto,0,Personal L2,1,2,Branch,1,Medsize,1,0
SR30440,California,11676.39,No,Basic,0,College,1,1/13/2011,Employed,1,F,58567,Married,1,9,81,0,8,Personal Auto,0,Personal L1,0,3,Branch,1,Medsize,1,1
LT89398,California,4617.61,No,Extended,1,High School or Below,0,1/13/2011,Unemployed,0,M,0,Married,1,3,51,0,1,Personal Auto,0,Personal L2,1,4,Web,0,Small,0,0
KP65334,California,7871.26,No,Extended,1,College,1,1/13/2011,Unemployed,0,F,0,Married,1,15,49,0,6,Corporate Auto,1,Corporate L1,3,1,Agent,2,Medsize,1,1
QD73891,Oregon,7102.51,No,Basic,0,High School or Below,0,1/13/2011,Employed,1,M,121793,Married,1,19,119,1,5,Personal Auto,0,Personal L1,0,4,Web,0,Small,0,0
NC42524,California,13105.32,No,Extended,1,College,1,1/13/2011,Employed,1,M,41081,Single,0,8,104,0,2,Special Auto,2,Special L3,8,4,Web,0,Small,0,0
LM44949,Oregon,7671.4,No,Basic,0,Doctor,4,1/13/2011,Employed,1,F,49866,Married,1,43,42,0,3,Special Auto,2,Special L2,7,1,Agent,2,Medsize,1,0
QQ53360,Nevada,3697.73,No,Extended,1,College,1,1/13/2011,Unemployed,0,M,0,Married,1,35,15,4,1,Personal Auto,0,Personal L2,1,3,Agent,2,Medsize,1,0
MX28412,Oregon,3476.69,No,Basic,0,College,1,1/13/2011,Medical Leave,2,F,38745,Married,1,3,88,3,1,Personal Auto,0,Personal L2,1,4,Web,0,Medsize,1,0
TG57800,Oregon,3510.87,No,Basic,0,College,1,1/13/2011,Unemployed,0,F,0,Single,0,26,5,0,1,Personal Auto,0,Personal L2,1,1,Call Center,3,Medsize,1,0
GJ47896,Arizona,3592.4,No,Basic,0,College,1,1/13/2011,Employed,1,F,47929,Married,1,19,128,0,1,Personal Auto,0,Personal L3,2,1,Branch,1,Medsize,1,0
QE92747,Oregon,11082.22,No,Premium,2,Bachelor,2,1/13/2011,Employed,1,F,104331,Married,1,11,73,0,3,Corporate Auto,1,Corporate L2,4,1,Agent,2,Medsize,1,0
CL37990,Arizona,9043.95,No,Extended,1,Bachelor,2,1/13/2011,Unemployed,0,F,0,Single,0,28,47,1,4,Corporate Auto,1,Corporate L1,3,1,Call Center,3,Medsize,1,0
RI35792,Nevada,5349.81,No,Extended,1,College,1,1/13/2011,Unemployed,0,F,0,Married,1,36,131,4,1,Personal Auto,0,Personal L3,2,3,Branch,1,Small,0,0
HV62406,Oregon,3351.26,No,Basic,0,High School or Below,0,1/13/2011,Disabled,4,F,35235,Single,0,8,39,0,1,Personal Auto,0,Personal L3,2,1,Agent,2,Medsize,1,0
ZN59196,Oregon,5640.13,No,Premium,2,Bachelor,2,1/13/2011,Medical Leave,2,F,19046,Married,1,36,119,0,1,Personal Auto,0,Personal L1,0,1,Call Center,3,Small,0,0
JS58659,Nevada,12016.98,No,Basic,0,Bachelor,2,1/13/2011,Employed,1,M,103353,Married,1,3,61,0,2,Special Auto,2,Special L1,6,4,Agent,2,Medsize,1,0
ST59524,Oregon,3587.72,No,Basic,0,College,1,1/13/2011,Unemployed,0,M,0,Married,1,30,34,0,1,Personal Auto,0,Personal L1,0,3,Call Center,3,Medsize,1,0
PR22184,California,12332.64,No,Basic,0,College,1,1/13/2011,Employed,1,F,128696,Married,1,1,1,0,3,Corporate Auto,1,Corporate L2,4,4,Branch,1,Medsize,1,0
AW86033,California,2861.86,No,Basic,0,College,1,1/13/2011,Disabled,4,M,24687,Married,1,8,76,4,1,Personal Auto,0,Personal L2,1,1,Agent,2,Medsize,1,0
WV37081,California,6964.08,No,Basic,0,College,1,1/13/2011,Employed,1,M,35050,Married,1,15,47,0,9,Personal Auto,0,Personal L3,2,2,Web,0,Medsize,1,0
MV41462,Arizona,6839.96,No,Basic,0,Bachelor,2,1/13/2011,Employed,1,F,48055,Married,1,15,124,0,3,Personal Auto,0,Personal L2,1,1,Agent,2,Medsize,1,0
CI27304,California,12582.12,No,Extended,1,College,1,1/13/2011,Employed,1,M,54363,Married,1,0,96,2,2,Personal Auto,0,Personal L2,1,2,Agent,2,Medsize,1,0
NI49607,Oregon,5934.45,No,Basic,0,College,1,1/13/2011,Employed,1,F,38771,Married,1,0,23,0,1,Personal Auto,0,Personal L3,2,2,Branch,1,Medsize,1,1
JZ63423,Arizona,7183.5,No,Extended,1,College,1,1/13/2011,Employed,1,M,91032,Divorced,2,38,23,1,1,Personal Auto,0,Personal L3,2,2,Call Center,3,Large,2,0
XH93021,Nevada,7343.11,No,Extended,1,High School or Below,0,1/13/2011,Unemployed,0,M,0,Single,0,16,54,0,6,Personal Auto,0,Personal L3,2,1,Branch,1,Small,0,0
GH86762,California,26263.45,No,Extended,1,Bachelor,2,1/13/2011,Employed,1,F,80802,Single,0,24,107,0,2,Special Auto,2,Special L2,7,1,Web,0,Small,0,0
BW80872,Washington,5986.46,No,Premium,2,High School or Below,0,1/13/2011,Employed,1,M,46641,Married,1,11,105,0,1,Personal Auto,0,Personal L2,1,2,Web,0,Medsize,1,0
TV77808,Arizona,7669.76,No,Basic,0,High School or Below,0,1/13/2011,Employed,1,M,90628,Married,1,46,96,0,6,Corporate Auto,1,Corporate L2,4,2,Branch,1,Large,2,0
PA38372,Washington,12632.95,No,Premium,2,High School or Below,0,1/13/2011,Employed,1,F,44631,Married,1,26,123,0,3,Personal Auto,0,Personal L2,1,1,Branch,1,Medsize,1,0
KI82366,Arizona,10007.5,No,Premium,2,College,1,1/13/2011,Unemployed,0,M,0,Single,0,43,100,0,5,Personal Auto,0,Personal L3,2,4,Call Center,3,Medsize,1,1
YD22081,Arizona,13096.39,No,Extended,1,College,1,1/13/2011,Employed,1,F,61652,Married,1,9,74,0,2,Personal Auto,0,Personal L3,2,2,Branch,1,Medsize,1,0
YC83239,Washington,3866.53,No,Extended,1,Bachelor,2,1/13/2011,Unemployed,0,F,0,Single,0,23,41,0,1,Personal Auto,0,Personal L2,1,4,Web,0,Medsize,1,1
DR68556,Oregon,10607.43,No,Basic,0,High School or Below,0,1/13/2011,Employed,1,M,114840,Married,1,46,69,0,2,Personal Auto,0,Personal L3,2,2,Branch,1,Medsize,1,0
OC88207,California,7529.27,No,Basic,0,Master,3,1/13/2011,Employed,1,M,104308,Married,1,34,14,0,3,Special Auto,2,Special L3,8,2,Branch,1,Medsize,1,0
JG83987,Arizona,8709.21,No,Extended,1,Bachelor,2,1/13/2011,Employed,1,F,41657,Married,1,23,19,0,7,Personal Auto,0,Personal L3,2,3,Web,0,Large,2,0
BE75190,California,13709.66,No,Extended,1,College,1,1/13/2011,Employed,1,M,38818,Single,0,12,23,0,2,Corporate Auto,1,Corporate L1,3,2,Web,0,Medsize,1,0
PS47550,California,17790.88,No,Basic,0,High School or Below,0,1/13/2011,Employed,1,F,108320,Married,1,5,96,0,2,Personal Auto,0,Personal L3,2,1,Branch,1,Medsize,1,1
MF23895,Arizona,3523.27,No,Basic,0,College,1,1/13/2011,Employed,1,F,78488,Married,1,39,104,1,1,Corporate Auto,1,Corporate L3,5,4,Agent,2,Medsize,1,0
ZX68434,California,6918.73,No,Extended,1,Doctor,4,1/13/2011,Unemployed,0,F,0,Divorced,2,18,76,0,1,Personal Auto,0,Personal L2,1,3,Web,0,Medsize,1,0
CN17219,Oregon,34535.17,No,Basic,0,College,1,1/13/2011,Employed,1,M,37747,Married,1,20,86,0,2,Personal Auto,0,Personal L3,2,1,Agent,2,Small,0,0
GT89774,Arizona,23097.68,No,Extended,1,Bachelor,2,1/13/2011,Employed,1,F,117638,Married,1,24,36,0,3,Personal Auto,0,Personal L3,2,4,Agent,2,Medsize,1,0
UD31660,California,5483.15,No,Premium,2,Bachelor,2,1/13/2011,Employed,1,M,94674,Married,1,32,77,1,1,Personal Auto,0,Personal L2,1,1,Branch,1,Medsize,1,0
RA43827,Oregon,11648.21,No,Basic,0,High School or Below,0,1/13/2011,Unemployed,0,F,0,Single,0,15,85,0,5,Special Auto,2,Special L2,7,2,Branch,1,Medsize,1,1
ZZ42291,California,54318.56,No,Extended,1,Master,3,1/13/2011,Employed,1,F,104143,Married,1,7,66,3,2,Personal Auto,0,Personal L3,2,1,Agent,2,Small,0,0
HX36471,California,9163.91,No,Extended,1,High School or Below,0,1/13/2011,Unemployed,0,F,0,Single,0,3,95,0,9,Personal Auto,0,Personal L3,2,2,Branch,1,Medsize,1,1
NM77390,Nevada,11066.91,No,Basic,0,High School or Below,0,1/13/2011,Employed,1,M,76664,Single,0,30,46,5,7,Special Auto,2,Special L3,8,1,Agent,2,Medsize,1,0
NN79124,Nevada,6149.13,No,Basic,0,Bachelor,2,1/13/2011,Employed,1,M,121711,Married,1,22,8,0,1,Personal Auto,0,Personal L1,0,2,Call Center,3,Small,0,0
MR13691,Arizona,8506.49,No,Extended,1,Bachelor,2,1/13/2011,Employed,1,M,64290,Married,1,20,18,0,7,Personal Auto,0,Personal L3,2,1,Call Center,3,Medsize,1,0
QA78691,Nevada,22123.93,No,Basic,0,Bachelor,2,1/13/2011,Unemployed,0,F,0,Single,0,7,5,1,2,Personal Auto,0,Personal L2,1,2,Call Center,3,Large,2,0
KA29693,California,15543.03,No,Basic,0,College,1,1/13/2011,Medical Leave,2,M,21959,Married,1,15,31,0,2,Special Auto,2,Special L1,6,2,Web,0,Medsize,1,1
RA87395,California,11280.84,No,Basic,0,Bachelor,2,1/13/2011,Unemployed,0,M,0,Married,1,34,39,0,7,Personal Auto,0,Personal L3,2,1,Agent,2,Medsize,1,0
TG60853,Nevada,8458.21,Yes,Extended,1,Doctor,4,1/13/2011,Unemployed,0,F,0,Married,1,24,34,1,4,Corporate Auto,1,Corporate L2,4,1,Agent,2,Medsize,1,0
YU90693,California,3350.49,No,Basic,0,High School or Below,0,1/13/2011,Employed,1,F,105291,Single,0,35,14,0,1,Personal Auto,0,Personal L1,0,2,Agent,2,Medsize,1,0
QB26845,Oregon,15630.47,No,Basic,0,Bachelor,2,1/13/2011,Unemployed,0,M,0,Single,0,28,62,0,2,Personal Auto,0,Personal L3,2,1,Agent,2,Medsize,1,1
QC34927,California,4479.17,No,Extended,1,High School or Below,0,1/13/2011,Employed,1,M,100092,Married,1,32,81,0,1,Personal Auto,0,Personal L3,2,4,Branch,1,Medsize,1,0
AX71707,Arizona,8617.7,No,Extended,1,College,1,1/13/2011,Employed,1,F,91639,Married,1,8,95,0,4,Personal Auto,0,Personal L2,1,3,Branch,1,Medsize,1,0
EU98982,Arizona,10260.6,No,Basic,0,High School or Below,0,1/13/2011,Unemployed,0,M,0,Single,0,23,78,2,3,Personal Auto,0,Personal L3,2,2,Branch,1,Medsize,1,1
GH30325,Oregon,3272.97,No,Basic,0,College,1,1/13/2011,Employed,1,M,36576,Married,1,14,26,0,1,Personal Auto,0,Personal L2,1,3,Branch,1,Medsize,1,0
YJ42538,Arizona,5448.17,No,Basic,0,Bachelor,2,1/13/2011,Employed,1,F,28835,Married,1,34,7,0,1,Personal Auto,0,Personal L3,2,4,Agent,2,Medsize,1,0
UA58104,California,10710.66,No,Basic,0,College,1,1/13/2011,Employed,1,F,103282,Married,1,43,120,0,2,Personal Auto,0,Personal L3,2,1,Branch,1,Medsize,1,0
RY44996,Oregon,3614.25,No,Basic,0,High School or Below,0,1/13/2011,Employed,1,F,76324,Divorced,2,14,85,0,1,Special Auto,2,Special L1,6,4,Web,0,Medsize,1,0
JK30153,Oregon,11564.67,No,Basic,0,Master,3,1/13/2011,Employed,1,F,134530,Married,1,28,108,2,4,Personal Auto,0,Personal L3,2,1,Branch,1,Large,2,0
LA78882,California,8500.95,No,Basic,0,Bachelor,2,1/13/2011,Unemployed,0,M,0,Single,0,20,69,1,1,Personal Auto,0,Personal L3,2,1,Agent,2,Medsize,1,1
UN98304,Oregon,9288.86,No,Basic,0,High School or Below,0,1/13/2011,Unemployed,0,M,0,Single,0,32,65,0,2,Corporate Auto,1,Corporate L3,5,1,Web,0,Small,0,0
VO30155,Nevada,7319.08,No,Basic,0,High School or Below,0,1/13/2011,Employed,1,M,115353,Single,0,31,3,2,3,Corporate Auto,1,Corporate L2,4,4,Branch,1,Medsize,1,0
CY33307,California,7538.17,No,Basic,0,College,1,1/13/2011,Employed,1,F,43744,Married,1,42,63,0,9,Corporate Auto,1,Corporate L2,4,1,Agent,2,Medsize,1,0
XF89906,Arizona,78579.62,No,Extended,1,High School or Below,0,1/13/2011,Disabled,4,M,39548,Married,1,34,68,0,2,Personal Auto,0,Personal L3,2,1,Agent,2,Large,2,1
MR46875,Washington,6561.78,No,Basic,0,Master,3,1/13/2011,Employed,1,M,55520,Divorced,2,38,120,0,8,Corporate Auto,1,Corporate L2,4,3,Call Center,3,Medsize,1,0
VY23882,Arizona,7489.84,Yes,Basic,0,Bachelor,2,1/13/2011,Employed,1,M,91527,Divorced,2,1,105,0,9,Personal Auto,0,Personal L1,0,1,Agent,2,Medsize,1,0
IM78342,Oregon,11651.44,No,Extended,1,College,1,1/13/2011,Unemployed,0,F,0,Married,1,26,97,2,3,Personal Auto,0,Personal L3,2,1,Branch,1,Medsize,1,0
WZ56476,California,8458.21,Yes,Extended,1,Doctor,4,1/13/2011,Unemployed,0,F,0,Married,1,24,34,1,4,Personal Auto,0,Personal L3,2,1,Agent,2,Medsize,1,0
RA97108,Oregon,8741.02,No,Extended,1,High School or Below,0,1/13/2011,Unemployed,0,F,0,Single,0,28,31,0,3,Personal Auto,0,Personal L2,1,3,Call Center,3,Medsize,1,0
TS81548,Oregon,7654.47,No,Basic,0,Master,3,1/13/2011,Employed,1,F,58612,Married,1,9,134,0,5,Personal Auto,0,Personal L3,2,3,Branch,1,Medsize,1,0
JQ70222,Washington,11540.21,No,Basic,0,High School or Below,0,1/13/2011,Employed,1,F,71624,Single,0,41,41,2,3,Personal Auto,0,Personal L1,0,3,Call Center,3,Small,0,0
HS13676,California,11092.13,No,Premium,2,High School or Below,0,1/13/2011,Unemployed,0,M,0,Single,0,4,45,0,9,Personal Auto,0,Personal L2,1,1,Agent,2,Medsize,1,1
MO48960,California,8458.21,Yes,Extended,1,Doctor,4,1/13/2011,Unemployed,0,F,0,Married,1,24,34,1,4,Personal Auto,0,Personal L2,1,1,Agent,2,Medsize,1,0
ZG95780,Arizona,11021.82,No,Basic,0,College,1,1/13/2011,Disabled,4,M,15111,Single,0,3,119,0,6,Personal Auto,0,Personal L2,1,2,Agent,2,Small,0,1
NC40609,Nevada,4233.03,No,Extended,1,College,1,1/13/2011,Unemployed,0,M,0,Single,0,16,8,0,1,Corporate Auto,1,Corporate L3,5,2,Call Center,3,Small,0,0
YD89516,California,6058.98,No,Basic,0,High School or Below,0,1/13/2011,Unemployed,0,M,0,Single,0,1,82,0,9,Corporate Auto,1,Corporate L3,5,2,Web,0,Small,0,1
MN81810,California,3933.19,No,Basic,0,High School or Below,0,1/13/2011,Employed,1,F,103461,Single,0,3,74,1,1,Personal Auto,0,Personal L3,2,3,Agent,2,Small,0,0
CI19819,Arizona,3200.34,No,Basic,0,High School or Below,0,1/13/2011,Unemployed,0,M,0,Single,0,1,89,1,1,Personal Auto,0,Personal L1,0,1,Agent,2,Medsize,1,0
BU61331,Arizona,7931.54,No,Basic,0,College,1,1/13/2011,Employed,1,M,62663,Married,1,22,19,0,7,Corporate Auto,1,Corporate L2,4,2,Branch,1,Medsize,1,0
FH69597,California,9682.29,No,Basic,0,High School or Below,0,1/13/2011,Employed,1,F,99679,Married,1,11,47,3,1,Personal Auto,0,Personal L3,2,1,Branch,1,Medsize,1,0
FJ12205,Oregon,8790.48,No,Extended,1,Master,3,1/13/2011,Employed,1,M,57513,Married,1,9,101,3,3,Personal Auto,0,Personal L3,2,2,Agent,2,Medsize,1,0
MI16758,Nevada,16271.4,No,Basic,0,High School or Below,0,1/13/2011,Employed,1,F,58298,Divorced,2,8,109,0,2,Personal Auto,0,Personal L3,2,1,Web,0,Small,0,0
DH18269,Arizona,14329.77,No,Extended,1,College,1,1/13/2011,Medical Leave,2,M,21654,Divorced,2,39,126,0,2,Personal Auto,0,Personal L3,2,1,Branch,1,Medsize,1,0
LC60153,California,16661.48,No,Basic,0,Bachelor,2,1/13/2011,Employed,1,M,97879,Single,0,39,134,0,2,Personal Auto,0,Personal L2,1,3,Agent,2,Large,2,0
FM52759,Nevada,7489.84,Yes,Basic,0,Bachelor,2,1/13/2011,Employed,1,M,91527,Divorced,2,1,105,0,9,Personal Auto,0,Personal L3,2,1,Agent,2,Medsize,1,0
ZZ22047,Washington,7489.84,Yes,Basic,0,Bachelor,2,1/13/2011,Employed,1,M,91527,Divorced,2,1,105,0,9,Corporate Auto,1,Corporate L3,5,1,Agent,2,Medsize,1,0
DC85335,Oregon,6126.46,No,Basic,0,College,1,1/13/2011,Employed,1,M,67258,Married,1,35,65,4,3,Personal Auto,0,Personal L2,1,4,Web,0,Small,0,0
OJ38536,California,6161.21,No,Basic,0,Doctor,4,1/13/2011,Employed,1,F,83714,Married,1,3,69,0,1,Personal Auto,0,Personal L3,2,2,Agent,2,Medsize,1,0
BO58202,California,3272.7,No,Basic,0,Bachelor,2,1/13/2011,Disabled,4,F,30497,Single,0,9,82,0,1,Personal Auto,0,Personal L3,2,1,Call Center,3,Medsize,1,0
GM84292,California,19876.6,No,Extended,1,Master,3,1/13/2011,Employed,1,F,51841,Married,1,23,84,0,2,Corporate Auto,1,Corporate L1,3,1,Agent,2,Medsize,1,0
YH81239,California,8647.75,No,Extended,1,High School or Below,0,1/13/2011,Employed,1,M,64977,Divorced,2,8,116,0,3,Personal Auto,0,Personal L3,2,1,Call Center,3,Medsize,1,0
FL50705,California,11019.53,No,Premium,2,High School or Below,0,1/14/2011,Employed,1,F,89289,Married,1,15,28,0,3,Corporate Auto,1,Corporate L2,4,1,Call Center,3,Small,0,0
CN24514,Arizona,10961.77,No,Basic,0,College,1,1/14/2011,Employed,1,F,62934,Married,1,30,104,0,2,Personal Auto,0,Personal L1,0,3,Agent,2,Large,2,0
FO35655,Oregon,11707.51,No,Extended,1,Bachelor,2,1/14/2011,Unemployed,0,M,0,Single,0,46,112,0,1,Corporate Auto,1,Corporate L3,5,1,Branch,1,Medsize,1,1
NC53424,California,5907.71,No,Basic,0,Bachelor,2,1/14/2011,Unemployed,0,M,0,Married,1,28,95,4,3,Personal Auto,0,Personal L2,1,4,Web,0,Medsize,1,0
HR85211,Washington,6916.28,No,Basic,0,Master,3,1/14/2011,Employed,1,F,121337,Married,1,23,27,0,3,Personal Auto,0,Personal L3,2,2,Web,0,Medsize,1,0
TR67616,Oregon,6387.35,No,Basic,0,High School or Below,0,1/14/2011,Employed,1,M,41426,Single,0,30,61,0,3,Corporate Auto,1,Corporate L3,5,2,Web,0,Medsize,1,0
HB67642,Arizona,46725.36,Yes,Basic,0,High School or Below,0,1/14/2011,Employed,1,F,27122,Married,1,14,80,0,2,Personal Auto,0,Personal L1,0,2,Agent,2,Medsize,1,0
XH97711,California,3281.18,No,Basic,0,Bachelor,2,1/14/2011,Employed,1,M,112239,Married,1,34,95,0,1,Corporate Auto,1,Corporate L3,5,4,Agent,2,Medsize,1,0
OY51402,Washington,11145.28,No,Basic,0,High School or Below,0,1/14/2011,Employed,1,F,72954,Married,1,19,119,0,4,Personal Auto,0,Personal L2,1,1,Agent,2,Medsize,1,0
UK25655,Oregon,4637.59,No,Extended,1,Bachelor,2,1/14/2011,Employed,1,F,86870,Married,1,34,24,0,1,Personal Auto,0,Personal L2,1,2,Call Center,3,Medsize,1,0
VY79030,Arizona,30376.19,No,Basic,0,College,1,1/14/2011,Unemployed,0,F,0,Single,0,1,31,0,2,Corporate Auto,1,Corporate L2,4,4,Call Center,3,Medsize,1,0
PN98247,California,10584.22,Yes,Extended,1,College,1,1/14/2011,Employed,1,M,78859,Single,0,9,32,2,1,Personal Auto,0,Personal L3,2,2,Agent,2,Small,0,1
XC15133,Nevada,3474.93,Yes,Basic,0,Master,3,1/14/2011,Employed,1,F,47237,Single,0,31,99,0,1,Personal Auto,0,Personal L3,2,2,Web,0,Medsize,1,0
FY62633,Oregon,12301.56,No,Extended,1,Bachelor,2,1/14/2011,Unemployed,0,M,0,Single,0,28,28,0,2,Personal Auto,0,Personal L1,0,1,Agent,2,Medsize,1,0
QE12539,California,17188.13,Yes,Basic,0,Doctor,4,1/14/2011,Employed,1,M,55175,Married,1,4,76,0,2,Personal Auto,0,Personal L1,0,1,Agent,2,Large,2,0
AH65907,California,3860.2,No,Basic,0,Bachelor,2,1/14/2011,Employed,1,F,69917,Married,1,16,58,0,1,Personal Auto,0,Personal L3,2,2,Agent,2,Large,2,0
QA41472,Oregon,18029.91,No,Basic,0,Bachelor,2,1/14/2011,Employed,1,M,46568,Married,1,36,39,0,2,Personal Auto,0,Personal L3,2,3,Branch,1,Medsize,1,0
VM85856,Oregon,3474.93,Yes,Basic,0,Master,3,1/14/2011,Employed,1,F,47237,Single,0,31,99,0,1,Personal Auto,0,Personal L3,2,2,Web,0,Medsize,1,0
BD77090,Washington,11622.36,Yes,Basic,0,Bachelor,2,1/14/2011,Employed,1,F,106772,Married,1,3,100,0,3,Personal Auto,0,Personal L1,0,2,Branch,1,Medsize,1,0
XK15687,Oregon,14714.06,No,Extended,1,High School or Below,0,1/14/2011,Employed,1,F,78999,Married,1,23,12,0,3,Personal Auto,0,Personal L3,2,1,Agent,2,Medsize,1,0
EL88957,California,4671.17,No,Basic,0,College,1,1/14/2011,Unemployed,0,M,0,Married,1,20,130,1,1,Personal Auto,0,Personal L3,2,1,Agent,2,Medsize,1,0
OG77759,Arizona,9611.37,No,Basic,0,Bachelor,2,1/14/2011,Disabled,4,M,38106,Married,1,19,32,0,2,Personal Auto,0,Personal L3,2,1,Agent,2,Small,0,0
UT48216,Nevada,10584.22,Yes,Extended,1,College,1,1/14/2011,Employed,1,M,78859,Single,0,9,32,2,1,Personal Auto,0,Personal L1,0,2,Agent,2,Small,0,1
FG29932,California,10584.22,Yes,Extended,1,College,1,1/14/2011,Employed,1,M,78859,Single,0,9,32,2,1,Special Auto,2,Special L2,7,2,Agent,2,Small,0,1
EL89222,California,11622.36,Yes,Basic,0,Bachelor,2,1/14/2011,Employed,1,F,106772,Married,1,3,100,0,3,Personal Auto,0,Personal L3,2,2,Branch,1,Medsize,1,0
BZ50261,Arizona,15686.89,No,Basic,0,High School or Below,0,1/14/2011,Employed,1,F,105671,Married,1,16,49,0,2,Personal Auto,0,Personal L2,1,4,Branch,1,Small,0,0
KC50464,Arizona,3474.93,Yes,Basic,0,Master,3,1/14/2011,Employed,1,F,47237,Single,0,31,99,0,1,Corporate Auto,1,Corporate L2,4,2,Web,0,Medsize,1,0
ZW51071,Oregon,8939.77,No,Extended,1,High School or Below,0,1/14/2011,Employed,1,F,109322,Divorced,2,43,36,2,3,Personal Auto,0,Personal L3,2,1,Agent,2,Medsize,1,0
CK74127,Arizona,5610.53,No,Basic,0,Bachelor,2,1/14/2011,Unemployed,0,M,0,Single,0,11,27,0,7,Corporate Auto,1,Corporate L3,5,2,Agent,2,Medsize,1,0
TH68648,California,6921.23,No,Basic,0,College,1,1/14/2011,Employed,1,M,115455,Married,1,1,76,0,3,Personal Auto,0,Personal L2,1,4,Branch,1,Medsize,1,0
OZ19432,Nevada,5904.95,No,Premium,2,High School or Below,0,1/14/2011,Employed,1,F,46597,Married,1,16,95,3,1,Special Auto,2,Special L2,7,4,Branch,1,Medsize,1,0
LC77957,Oregon,11533.38,No,Basic,0,Bachelor,2,1/14/2011,Employed,1,M,133893,Married,1,20,27,0,3,Personal Auto,0,Personal L1,0,3,Branch,1,Small,0,0
TB31268,Arizona,11886.13,No,Basic,0,College,1,1/14/2011,Employed,1,F,66137,Married,1,4,27,0,2,Personal Auto,0,Personal L3,2,2,Web,0,Medsize,1,0
MS34991,Arizona,9223.7,No,Extended,1,High School or Below,0,1/14/2011,Employed,1,M,89946,Married,1,43,74,0,8,Personal Auto,0,Personal L1,0,2,Branch,1,Medsize,1,0
PX71218,Arizona,9194.21,No,Basic,0,Bachelor,2,1/14/2011,Unemployed,0,M,0,Married,1,9,63,0,2,Personal Auto,0,Personal L3,2,4,Branch,1,Large,2,0
FM54600,Washington,25452.55,No,Premium,2,High School or Below,0,1/14/2011,Unemployed,0,F,0,Single,0,32,28,0,2,Corporate Auto,1,Corporate L2,4,2,Branch,1,Medsize,1,1
LL57541,California,10411.79,No,Extended,1,Master,3,1/14/2011,Employed,1,F,85892,Married,1,14,7,0,5,Personal Auto,0,Personal L3,2,1,Call Center,3,Medsize,1,0
XT54610,California,2570.4,No,Basic,0,Bachelor,2,1/14/2011,Unemployed,0,F,0,Single,0,30,9,3,1,Personal Auto,0,Personal L1,0,1,Agent,2,Medsize,1,0
ON50913,California,17289.57,No,Basic,0,College,1,1/14/2011,Unemployed,0,F,0,Married,1,43,28,0,2,Special Auto,2,Special L2,7,1,Agent,2,Small,0,0
UU53919,Oregon,7294.79,No,Basic,0,Master,3,1/14/2011,Employed,1,F,37031,Married,1,34,16,0,4,Personal Auto,0,Personal L2,1,3,Call Center,3,Medsize,1,0
BH52611,California,15454.13,No,Premium,2,Bachelor,2,1/14/2011,Employed,1,F,36939,Married,1,31,38,0,8,Personal Auto,0,Personal L2,1,1,Branch,1,Medsize,1,0
DP92488,Washington,3682.15,No,Basic,0,Doctor,4,1/14/2011,Employed,1,F,100699,Married,1,12,41,0,1,Personal Auto,0,Personal L1,0,4,Agent,2,Medsize,1,0
NW21079,Washington,6587.17,No,Basic,0,Master,3,1/14/2011,Employed,1,F,90670,Married,1,23,55,2,5,Personal Auto,0,Personal L1,0,1,Call Center,3,Small,0,0
CD48033,Oregon,17188.13,Yes,Basic,0,Doctor,4,1/14/2011,Employed,1,M,55175,Married,1,4,76,0,2,Personal Auto,0,Personal L3,2,1,Agent,2,Large,2,0
HT31871,Arizona,6562.85,No,Basic,0,High School or Below,0,1/14/2011,Employed,1,M,49012,Married,1,26,82,0,9,Personal Auto,0,Personal L1,0,4,Branch,1,Small,0,0
TZ22914,Oregon,6926.61,No,Basic,0,Master,3,1/14/2011,Disabled,4,M,17469,Divorced,2,9,49,0,3,Personal Auto,0,Personal L3,2,1,Agent,2,Large,2,0
YR63096,Nevada,8070.01,No,Basic,0,High School or Below,0,1/14/2011,Employed,1,F,106839,Married,1,12,80,0,9,Corporate Auto,1,Corporate L3,5,1,Agent,2,Small,0,0
EY86980,Oregon,8399.99,No,Extended,1,Bachelor,2,1/14/2011,Employed,1,M,100265,Single,0,45,3,0,7,Corporate Auto,1,Corporate L2,4,4,Agent,2,Medsize,1,0
ZG69918,Oregon,11027.76,No,Basic,0,College,1,1/14/2011,Disabled,4,M,28106,Married,1,5,88,1,2,Special Auto,2,Special L2,7,1,Call Center,3,Medsize,1,0
FA59186,California,6291.01,No,Basic,0,High School or Below,0,1/14/2011,Unemployed,0,M,0,Single,0,15,117,0,3,Personal Auto,0,Personal L2,1,1,Web,0,Medsize,1,0
AU91447,Oregon,17188.13,Yes,Basic,0,Doctor,4,1/14/2011,Employed,1,M,55175,Married,1,4,76,0,2,Special Auto,2,Special L2,7,1,Agent,2,Large,2,0
MV93555,Oregon,14928.6,No,Extended,1,High School or Below,0,1/14/2011,Employed,1,F,94219,Single,0,1,128,0,3,Personal Auto,0,Personal L3,2,2,Web,0,Medsize,1,0
QO62792,Oregon,10584.22,Yes,Extended,1,College,1,1/14/2011,Employed,1,M,78859,Single,0,9,32,2,1,Personal Auto,0,Personal L3,2,2,Agent,2,Small,0,1
VZ70667,Oregon,19179.42,No,Basic,0,College,1,1/14/2011,Disabled,4,F,35176,Married,1,23,99,0,2,Personal Auto,0,Personal L3,2,1,Branch,1,Medsize,1,0
VB94165,Nevada,9064,No,Extended,1,Master,3,1/14/2011,Unemployed,0,M,0,Married,1,11,57,1,3,Special Auto,2,Special L2,7,1,Agent,2,Small,0,0
CI60365,California,46725.36,Yes,Basic,0,High School or Below,0,1/14/2011,Employed,1,F,27122,Married,1,14,80,0,2,Special Auto,2,Special L3,8,2,Agent,2,Medsize,1,0
OR40901,California,17188.13,Yes,Basic,0,Doctor,4,1/14/2011,Employed,1,M,55175,Married,1,4,76,0,2,Corporate Auto,1,Corporate L3,5,1,Agent,2,Large,2,0
NQ45562,California,9575.06,No,Premium,2,Master,3,1/14/2011,Employed,1,M,47484,Married,1,32,12,2,1,Personal Auto,0,Personal L2,1,1,Agent,2,Medsize,1,0
OM13505,Washington,6814.1,No,Basic,0,Bachelor,2,1/14/2011,Employed,1,M,110350,Single,0,14,127,0,8,Corporate Auto,1,Corporate L2,4,1,Agent,2,Medsize,1,0
GK24074,Arizona,4983.88,No,Extended,1,College,1,1/14/2011,Employed,1,F,50223,Married,1,41,116,0,1,Personal Auto,0,Personal L3,2,3,Branch,1,Medsize,1,0
GA27295,California,53143.15,No,Basic,0,Master,3,1/14/2011,Employed,1,F,134831,Divorced,2,16,50,0,2,Personal Auto,0,Personal L3,2,3,Call Center,3,Medsize,1,0
AZ75509,Arizona,3347.89,No,Basic,0,Bachelor,2,1/14/2011,Employed,1,F,42765,Married,1,9,4,0,1,Personal Auto,0,Personal L2,1,2,Branch,1,Medsize,1,0
CD27895,California,10310.1,No,Basic,0,Bachelor,2,1/14/2011,Unemployed,0,F,0,Single,0,1,39,0,2,Personal Auto,0,Personal L2,1,1,Call Center,3,Large,2,0
IW78492,Arizona,5572.12,No,Basic,0,College,1,1/14/2011,Unemployed,0,F,0,Single,0,27,120,3,1,Personal Auto,0,Personal L2,1,1,Web,0,Medsize,1,1
FG46631,Oregon,22544.27,No,Premium,2,Bachelor,2,1/14/2011,Employed,1,F,109890,Married,1,8,26,0,2,Special Auto,2,Special L2,7,2,Web,0,Small,0,0
RQ99149,California,3710.95,No,Basic,0,Master,3,1/14/2011,Employed,1,M,43790,Married,1,5,99,0,1,Corporate Auto,1,Corporate L2,4,2,Branch,1,Medsize,1,0
SU95720,California,12046.2,No,Extended,1,High School or Below,0,1/14/2011,Unemployed,0,M,0,Married,1,30,108,0,9,Personal Auto,0,Personal L3,2,4,Branch,1,Small,0,1
QY78671,Arizona,3928.93,No,Extended,1,High School or Below,0,1/14/2011,Medical Leave,2,M,16265,Married,1,8,62,0,1,Corporate Auto,1,Corporate L1,3,2,Agent,2,Large,2,0
WE90911,Arizona,7279.79,No,Extended,1,Bachelor,2,1/14/2011,Employed,1,F,101841,Single,0,15,131,0,1,Personal Auto,0,Personal L3,2,1,Call Center,3,Medsize,1,0
HR44460,California,35557.09,No,Basic,0,Bachelor,2,1/14/2011,Employed,1,F,82310,Divorced,2,27,14,0,2,Personal Auto,0,Personal L3,2,1,Agent,2,Medsize,1,0
CZ72326,Oregon,11415.96,No,Extended,1,High School or Below,0,1/14/2011,Unemployed,0,F,0,Single,0,19,22,3,2,Corporate Auto,1,Corporate L3,5,1,Agent,2,Medsize,1,0
FM30352,Oregon,12279.26,No,Premium,2,High School or Below,0,1/14/2011,Unemployed,0,F,0,Single,0,41,43,0,1,Personal Auto,0,Personal L3,2,3,Agent,2,Medsize,1,1
VU99589,Arizona,46725.36,Yes,Basic,0,High School or Below,0,1/14/2011,Employed,1,F,27122,Married,1,14,80,0,2,Personal Auto,0,Personal L3,2,2,Agent,2,Medsize,1,0
FH22442,California,3535.69,No,Basic,0,High School or Below,0,1/14/2011,Employed,1,F,81644,Married,1,16,51,0,1,Corporate Auto,1,Corporate L3,5,2,Agent,2,Medsize,1,0
MT27589,Oregon,10584.22,Yes,Extended,1,College,1,1/14/2011,Employed,1,M,78859,Single,0,9,32,2,1,Corporate Auto,1,Corporate L1,3,2,Agent,2,Small,0,1
IF30418,California,3474.93,Yes,Basic,0,Master,3,1/14/2011,Employed,1,F,47237,Single,0,31,99,0,1,Personal Auto,0,Personal L3,2,2,Web,0,Medsize,1,0
FX55409,Oregon,11109.48,No,Basic,0,Master,3,1/14/2011,Unemployed,0,F,0,Married,1,7,85,0,3,Personal Auto,0,Personal L2,1,3,Web,0,Medsize,1,0
FQ24781,Oregon,3474.93,Yes,Basic,0,Master,3,1/14/2011,Employed,1,F,47237,Single,0,31,99,0,1,Personal Auto,0,Personal L1,0,2,Web,0,Medsize,1,0
CR86548,Nevada,16672.1,No,Basic,0,Master,3,1/14/2011,Employed,1,F,90785,Divorced,2,26,5,0,2,Personal Auto,0,Personal L2,1,3,Call Center,3,Medsize,1,0
ML93514,California,6396.09,No,Premium,2,Bachelor,2,1/14/2011,Employed,1,M,86369,Married,1,14,105,0,1,Personal Auto,0,Personal L3,2,1,Agent,2,Medsize,1,0
LQ45358,Nevada,5448.29,No,Premium,2,Bachelor,2,1/14/2011,Unemployed,0,M,0,Married,1,8,99,0,1,Personal Auto,0,Personal L1,0,3,Call Center,3,Medsize,1,0
JQ22359,Oregon,4412.24,No,Extended,1,College,1,1/14/2011,Unemployed,0,F,0,Single,0,12,47,0,1,Personal Auto,0,Personal L2,1,4,Branch,1,Medsize,1,0
DB34757,Arizona,3550.79,No,Basic,0,College,1,1/14/2011,Employed,1,M,108174,Married,1,8,95,0,1,Personal Auto,0,Personal L1,0,4,Branch,1,Medsize,1,0
HO94329,Arizona,34965.27,No,Basic,0,College,1,1/14/2011,Employed,1,M,71692,Married,1,8,88,0,2,Corporate Auto,1,Corporate L1,3,3,Agent,2,Medsize,1,0
TE50227,Arizona,25512.74,No,Extended,1,College,1,1/14/2011,Unemployed,0,M,0,Single,0,31,45,0,2,Personal Auto,0,Personal L1,0,1,Agent,2,Medsize,1,1
JK53304,California,8314.67,No,Extended,1,High School or Below,0,1/14/2011,Employed,1,F,131838,Married,1,9,111,1,3,Personal Auto,0,Personal L3,2,1,Call Center,3,Medsize,1,0
BA49679,Arizona,10247.73,No,Basic,0,Bachelor,2,1/14/2011,Employed,1,F,70670,Divorced,2,45,24,1,2,Personal Auto,0,Personal L2,1,3,Branch,1,Medsize,1,0
TD86744,Arizona,46725.36,Yes,Basic,0,High School or Below,0,1/14/2011,Employed,1,F,27122,Married,1,14,80,0,2,Personal Auto,0,Personal L3,2,2,Agent,2,Medsize,1,0
LR82946,Oregon,8933.14,No,Basic,0,Bachelor,2,1/14/2011,Unemployed,0,M,0,Single,0,27,82,0,1,Personal Auto,0,Personal L3,2,3,Branch,1,Medsize,1,1
LA31975,Arizona,17745.06,No,Basic,0,College,1,1/14/2011,Unemployed,0,M,0,Single,0,31,46,0,7,Personal Auto,0,Personal L3,2,1,Branch,1,Small,0,1
LX27768,Oregon,5673.6,No,Basic,0,Bachelor,2,1/14/2011,Employed,1,F,99977,Married,1,16,101,1,1,Personal Auto,0,Personal L2,1,3,Branch,1,Small,0,0
BP54465,Arizona,14237.98,No,Extended,1,Master,3,1/14/2011,Employed,1,F,59295,Married,1,35,119,0,2,Personal Auto,0,Personal L3,2,2,Web,0,Medsize,1,0
SZ86381,Oregon,6901.97,No,Basic,0,Bachelor,2,1/14/2011,Employed,1,M,76392,Divorced,2,5,119,1,6,Personal Auto,0,Personal L3,2,1,Web,0,Medsize,1,0
KS42294,California,28255.57,No,Basic,0,College,1,1/14/2011,Employed,1,F,41222,Married,1,30,24,0,2,Personal Auto,0,Personal L3,2,2,Call Center,3,Small,0,0
TJ58873,Oregon,3710.88,No,Basic,0,High School or Below,0,1/14/2011,Employed,1,M,76815,Married,1,15,46,0,1,Personal Auto,0,Personal L3,2,3,Agent,2,Medsize,1,0
ZG59671,Oregon,13193.19,No,Extended,1,College,1,1/14/2011,Employed,1,M,80089,Divorced,2,27,103,0,2,Personal Auto,0,Personal L2,1,1,Branch,1,Medsize,1,0
VW88885,California,22958.1,No,Basic,0,Bachelor,2,1/14/2011,Employed,1,F,79137,Married,1,15,69,0,2,Corporate Auto,1,Corporate L2,4,3,Call Center,3,Medsize,1,0
FG43850,Oregon,10088.11,No,Extended,1,High School or Below,0,1/14/2011,Employed,1,M,59920,Single,0,8,42,0,7,Corporate Auto,1,Corporate L3,5,4,Call Center,3,Small,0,0
BF45697,California,7654.68,No,Basic,0,College,1,1/14/2011,Employed,1,M,112166,Married,1,1,58,3,3,Personal Auto,0,Personal L3,2,3,Agent,2,Medsize,1,0
TJ68521,Washington,7090.16,No,Basic,0,Master,3,1/14/2011,Employed,1,M,56688,Single,0,19,101,0,3,Personal Auto,0,Personal L2,1,1,Call Center,3,Large,2,0
QQ18636,Arizona,18753.76,No,Basic,0,College,1,1/14/2011,Employed,1,F,95479,Divorced,2,3,0,0,2,Corporate Auto,1,Corporate L3,5,2,Web,0,Medsize,1,0
QN68814,Oregon,3204.62,No,Basic,0,Bachelor,2,1/14/2011,Unemployed,0,M,0,Married,1,43,119,0,1,Corporate Auto,1,Corporate L2,4,1,Agent,2,Medsize,1,0
WC34456,California,5380.29,No,Extended,1,Bachelor,2,1/14/2011,Employed,1,F,104948,Married,1,42,82,0,1,Personal Auto,0,Personal L3,2,2,Call Center,3,Large,2,0
WO81184,California,6820.72,No,Basic,0,Bachelor,2,1/14/2011,Employed,1,M,46771,Single,0,1,3,3,5,Special Auto,2,Special L3,8,3,Agent,2,Large,2,0
EP26605,Washington,7679.08,No,Basic,0,Bachelor,2,1/14/2011,Employed,1,F,60525,Divorced,2,32,80,0,3,Personal Auto,0,Personal L2,1,1,Agent,2,Medsize,1,0
PF26758,Oregon,8466.28,No,Extended,1,College,1,1/14/2011,Employed,1,F,128088,Single,0,24,99,3,3,Special Auto,2,Special L2,7,1,Agent,2,Medsize,1,0
QI89498,Oregon,2974.84,No,Basic,0,College,1,1/14/2011,Unemployed,0,F,0,Single,0,11,16,0,1,Personal Auto,0,Personal L3,2,2,Agent,2,Small,0,1
GP83239,California,10584.22,Yes,Extended,1,College,1,1/14/2011,Employed,1,M,78859,Single,0,9,32,2,1,Personal Auto,0,Personal L3,2,2,Agent,2,Small,0,1
CL73599,Arizona,11622.36,Yes,Basic,0,Bachelor,2,1/14/2011,Employed,1,F,106772,Married,1,3,100,0,3,Personal Auto,0,Personal L3,2,2,Branch,1,Medsize,1,0
GY69750,Oregon,7150.73,No,Basic,0,Master,3,1/14/2011,Unemployed,0,M,0,Divorced,2,45,59,0,3,Personal Auto,0,Personal L3,2,1,Branch,1,Large,2,0
OO72857,Oregon,23292.95,No,Basic,0,Bachelor,2,1/14/2011,Unemployed,0,M,0,Married,1,45,66,1,2,Personal Auto,0,Personal L1,0,1,Agent,2,Medsize,1,0
LR69185,Nevada,7748.76,No,Extended,1,College,1,1/14/2011,Unemployed,0,M,0,Single,0,36,119,0,3,Personal Auto,0,Personal L2,1,2,Agent,2,Medsize,1,1
MD41042,Arizona,7960.32,No,Basic,0,College,1,1/14/2011,Employed,1,F,53046,Married,1,23,65,0,6,Personal Auto,0,Personal L3,2,2,Web,0,Medsize,1,0
SG82836,Oregon,8693.7,No,Extended,1,High School or Below,0,1/14/2011,Employed,1,M,64006,Married,1,14,53,0,7,Personal Auto,0,Personal L2,1,1,Branch,1,Small,0,0
LM58227,Oregon,7135.17,No,Basic,0,High School or Below,0,1/14/2011,Employed,1,F,87880,Married,1,4,109,3,8,Personal Auto,0,Personal L2,1,1,Call Center,3,Medsize,1,0
BQ32117,California,17188.13,Yes,Basic,0,Doctor,4,1/14/2011,Employed,1,M,55175,Married,1,4,76,0,2,Personal Auto,0,Personal L1,0,1,Agent,2,Large,2,0
BQ60673,California,7026.78,No,Basic,0,Bachelor,2,1/14/2011,Employed,1,M,44477,Married,1,18,9,0,6,Corporate Auto,1,Corporate L3,5,1,Branch,1,Small,0,0
VQ53427,California,7299.04,No,Basic,0,College,1,1/14/2011,Medical Leave,2,M,29504,Married,1,28,66,1,6,Corporate Auto,1,Corporate L2,4,1,Web,0,Medsize,1,0
GC69429,California,20002.88,No,Extended,1,Master,3,1/14/2011,Unemployed,0,M,0,Divorced,2,24,76,0,2,Personal Auto,0,Personal L2,1,1,Branch,1,Medsize,1,0
HX41374,California,20566.91,No,Extended,1,High School or Below,0,1/14/2011,Employed,1,M,98534,Married,1,8,104,0,2,Personal Auto,0,Personal L3,2,3,Call Center,3,Medsize,1,0
ZA60820,California,3252.15,No,Basic,0,High School or Below,0,1/14/2011,Unemployed,0,M,0,Single,0,9,97,0,1,Personal Auto,0,Personal L2,1,2,Call Center,3,Medsize,1,0
YN69214,California,10381.11,No,Basic,0,Bachelor,2,1/14/2011,Unemployed,0,M,0,Single,0,4,99,0,2,Personal Auto,0,Personal L1,0,2,Web,0,Medsize,1,0
RA89822,California,46725.36,Yes,Basic,0,High School or Below,0,1/14/2011,Employed,1,F,27122,Married,1,14,80,0,2,Personal Auto,0,Personal L2,1,2,Agent,2,Medsize,1,0
YV55495,Arizona,7754.71,No,Basic,0,High School or Below,0,1/15/2011,Employed,1,F,93132,Married,1,15,54,0,6,Personal Auto,0,Personal L1,0,1,Branch,1,Medsize,1,0
FG63582,Oregon,4508.68,No,Extended,1,Bachelor,2,1/15/2011,Unemployed,0,M,0,Single,0,27,72,0,1,Personal Auto,0,Personal L3,2,1,Agent,2,Small,0,1
RB81636,Washington,3070.95,No,Basic,0,College,1,1/15/2011,Unemployed,0,F,0,Single,0,3,7,0,1,Personal Auto,0,Personal L2,1,2,Agent,2,Small,0,0
VE89726,California,10833.61,No,Basic,0,High School or Below,0,1/15/2011,Unemployed,0,F,0,Single,0,8,65,1,8,Personal Auto,0,Personal L1,0,3,Branch,1,Medsize,1,1
RZ13254,Nevada,10209.81,No,Basic,0,Bachelor,2,1/15/2011,Unemployed,0,F,0,Single,0,31,123,0,2,Personal Auto,0,Personal L1,0,2,Branch,1,Large,2,0
OY74069,Arizona,4776.38,No,Basic,0,College,1,1/15/2011,Unemployed,0,F,0,Single,0,16,90,5,7,Personal Auto,0,Personal L2,1,4,Call Center,3,Medsize,1,0
GL67540,California,7970.52,No,Basic,0,College,1,1/15/2011,Employed,1,F,131508,Married,1,28,108,0,6,Personal Auto,0,Personal L3,2,1,Agent,2,Medsize,1,0
WT43034,California,16876.14,No,Premium,2,High School or Below,0,1/15/2011,Unemployed,0,F,0,Married,1,22,58,0,3,Personal Auto,0,Personal L3,2,3,Call Center,3,Medsize,1,1
TC14209,Arizona,12279.26,No,Extended,1,High School or Below,0,1/15/2011,Unemployed,0,F,0,Single,0,7,103,0,8,Personal Auto,0,Personal L2,1,1,Agent,2,Medsize,1,1
NG27780,Oregon,3402.17,No,Basic,0,College,1,1/15/2011,Unemployed,0,M,0,Married,1,24,63,0,1,Corporate Auto,1,Corporate L1,3,2,Agent,2,Medsize,1,0
JJ76159,California,3286.82,No,Basic,0,College,1,1/15/2011,Employed,1,M,129661,Divorced,2,32,47,0,1,Corporate Auto,1,Corporate L3,5,2,Web,0,Large,2,0
RM42344,Oregon,3705.93,No,Basic,0,College,1,1/15/2011,Employed,1,M,123872,Married,1,39,78,1,1,Personal Auto,0,Personal L3,2,2,Web,0,Medsize,1,0
AS55677,California,11257.64,No,Premium,2,High School or Below,0,1/15/2011,Employed,1,F,95221,Divorced,2,42,96,0,3,Personal Auto,0,Personal L2,1,3,Branch,1,Medsize,1,0
CH85057,Oregon,15476.39,No,Premium,2,Doctor,4,1/15/2011,Employed,1,F,61228,Married,1,7,69,0,1,Personal Auto,0,Personal L3,2,4,Agent,2,Medsize,1,0
OV50124,Oregon,6664.8,No,Basic,0,College,1,1/15/2011,Unemployed,0,F,0,Single,0,9,46,2,7,Personal Auto,0,Personal L3,2,2,Agent,2,Medsize,1,0
MY31220,California,12146,No,Premium,2,College,1,1/15/2011,Employed,1,F,73211,Married,1,14,28,0,9,Personal Auto,0,Personal L2,1,2,Agent,2,Medsize,1,0
BT76268,California,7935.57,No,Basic,0,College,1,1/15/2011,Employed,1,F,29782,Married,1,34,34,0,8,Personal Auto,0,Personal L2,1,2,Branch,1,Medsize,1,0
VG56765,Arizona,3336.56,Yes,Basic,0,High School or Below,0,1/15/2011,Employed,1,M,129191,Married,1,22,74,0,1,Personal Auto,0,Personal L2,1,2,Agent,2,Medsize,1,0
UW37050,Oregon,26860.17,No,Extended,1,Bachelor,2,1/15/2011,Employed,1,F,81567,Married,1,11,100,0,8,Personal Auto,0,Personal L2,1,2,Web,0,Medsize,1,0
GE29173,Nevada,11598.26,No,Extended,1,Bachelor,2,1/15/2011,Unemployed,0,M,0,Single,0,5,32,0,6,Corporate Auto,1,Corporate L2,4,1,Branch,1,Medsize,1,1
PC83755,Oregon,3336.56,Yes,Basic,0,High School or Below,0,1/15/2011,Employed,1,M,129191,Married,1,22,74,0,1,Personal Auto,0,Personal L2,1,2,Agent,2,Medsize,1,0
ED29955,California,7133.46,No,Basic,0,Bachelor,2,1/15/2011,Employed,1,M,83082,Married,1,45,112,0,6,Personal Auto,0,Personal L3,2,1,Agent,2,Medsize,1,0
EQ69638,Washington,6895.29,No,Extended,1,College,1,1/15/2011,Unemployed,0,M,0,Single,0,3,96,0,9,Personal Auto,0,Personal L3,2,3,Branch,1,Small,0,0
MJ14480,Arizona,7559.17,No,Basic,0,High School or Below,0,1/15/2011,Employed,1,F,47266,Single,0,0,68,0,6,Personal Auto,0,Personal L3,2,2,Agent,2,Medsize,1,0
DQ98402,Nevada,4920.53,Yes,Extended,1,High School or Below,0,1/15/2011,Employed,1,F,111344,Married,1,1,93,0,1,Corporate Auto,1,Corporate L3,5,2,Agent,2,Large,2,0
WN53966,California,4986.15,No,Extended,1,Master,3,1/15/2011,Employed,1,M,115926,Married,1,5,34,1,1,Personal Auto,0,Personal L3,2,4,Call Center,3,Medsize,1,0
AT49447,California,10248.97,No,Extended,1,Bachelor,2,1/15/2011,Employed,1,M,134135,Married,1,22,26,0,9,Personal Auto,0,Personal L3,2,2,Call Center,3,Medsize,1,0
FB25242,Oregon,7677.34,No,Basic,0,College,1,1/15/2011,Employed,1,M,85243,Married,1,42,115,0,3,Corporate Auto,1,Corporate L3,5,1,Call Center,3,Medsize,1,0
No73819,California,14709.67,No,Extended,1,Master,3,1/15/2011,Employed,1,F,39643,Married,1,19,105,0,7,Personal Auto,0,Personal L1,0,2,Agent,2,Large,2,0
QF74147,California,11416.58,No,Basic,0,College,1,1/15/2011,Employed,1,F,114175,Divorced,2,18,101,0,2,Special Auto,2,Special L2,7,1,Call Center,3,Medsize,1,0
TC88451,Nevada,7746.67,No,Basic,0,High School or Below,0,1/15/2011,Employed,1,F,118874,Married,1,15,50,0,6,Personal Auto,0,Personal L1,0,4,Call Center,3,Medsize,1,0
EQ62488,Oregon,20292.61,No,Basic,0,College,1,1/15/2011,Employed,1,F,80266,Married,1,15,9,0,8,Personal Auto,0,Personal L3,2,2,Call Center,3,Large,2,1
HX74855,Washington,3336.56,Yes,Basic,0,High School or Below,0,1/15/2011,Employed,1,M,129191,Married,1,22,74,0,1,Personal Auto,0,Personal L3,2,2,Agent,2,Medsize,1,0
ML23548,Arizona,14240.52,No,Extended,1,Doctor,4,1/15/2011,Employed,1,F,37068,Married,1,24,84,1,3,Personal Auto,0,Personal L1,0,3,Call Center,3,Medsize,1,0
JO17193,Washington,3105.93,Yes,Basic,0,Bachelor,2,1/15/2011,Retired,3,M,34972,Divorced,2,28,16,0,1,Personal Auto,0,Personal L3,2,1,Agent,2,Large,2,0
GI70742,Oregon,11585.21,No,Basic,0,High School or Below,0,1/15/2011,Employed,1,F,89729,Married,1,27,47,0,2,Personal Auto,0,Personal L3,2,2,Call Center,3,Medsize,1,0
SH85263,California,10409.73,No,Basic,0,Bachelor,2,1/15/2011,Employed,1,M,104817,Married,1,27,19,0,2,Personal Auto,0,Personal L3,2,1,Branch,1,Large,2,0
FM67585,California,7952.21,No,Basic,0,High School or Below,0,1/15/2011,Employed,1,M,103781,Married,1,28,5,0,9,Personal Auto,0,Personal L3,2,3,Agent,2,Medsize,1,0
TG75223,California,5822.37,No,Basic,0,Bachelor,2,1/15/2011,Retired,3,M,28355,Single,0,36,27,0,3,Personal Auto,0,Personal L3,2,2,Call Center,3,Medsize,1,0
FP60372,Nevada,10898.21,No,Basic,0,Bachelor,2,1/15/2011,Employed,1,M,41288,Married,1,14,50,0,2,Personal Auto,0,Personal L2,1,3,Branch,1,Medsize,1,0
AS26192,Oregon,7450.76,No,Basic,0,High School or Below,0,1/15/2011,Employed,1,M,68048,Divorced,2,27,31,0,9,Corporate Auto,1,Corporate L3,5,1,Call Center,3,Medsize,1,0
NC68853,Oregon,15246.88,No,Basic,0,High School or Below,0,1/15/2011,Unemployed,0,M,0,Married,1,26,43,0,2,Personal Auto,0,Personal L3,2,1,Call Center,3,Medsize,1,0
UY94269,Oregon,4038.42,No,Basic,0,Master,3,1/15/2011,Employed,1,F,48067,Married,1,0,128,0,1,Personal Auto,0,Personal L3,2,3,Agent,2,Medsize,1,0
LO57874,Oregon,3105.93,Yes,Basic,0,Bachelor,2,1/15/2011,Retired,3,M,34972,Divorced,2,28,16,0,1,Corporate Auto,1,Corporate L3,5,1,Agent,2,Large,2,0
PY80506,Oregon,6432.56,No,Basic,0,High School or Below,0,1/15/2011,Employed,1,M,106322,Married,1,11,76,3,1,Personal Auto,0,Personal L2,1,4,Agent,2,Medsize,1,0
WO17738,Oregon,11769.1,No,Premium,2,High School or Below,0,1/15/2011,Employed,1,F,49471,Single,0,28,68,0,7,Corporate Auto,1,Corporate L3,5,2,Agent,2,Large,2,0
XL44677,California,3105.93,Yes,Basic,0,Bachelor,2,1/15/2011,Retired,3,M,34972,Divorced,2,28,16,0,1,Personal Auto,0,Personal L1,0,1,Agent,2,Large,2,0
IN41344,Washington,3924.94,No,Basic,0,College,1,1/15/2011,Employed,1,M,32466,Married,1,46,108,0,1,Personal Auto,0,Personal L3,2,4,Branch,1,Medsize,1,0
TC18805,Washington,13417.99,No,Extended,1,Bachelor,2,1/15/2011,Disabled,4,M,17829,Married,1,22,111,2,3,Personal Auto,0,Personal L1,0,1,Agent,2,Medsize,1,0
LQ50657,Arizona,4920.53,Yes,Extended,1,High School or Below,0,1/15/2011,Employed,1,F,111344,Married,1,1,93,0,1,Personal Auto,0,Personal L1,0,2,Agent,2,Large,2,0
LK51620,California,17417.83,No,Premium,2,High School or Below,0,1/15/2011,Employed,1,M,132945,Married,1,28,108,0,2,Corporate Auto,1,Corporate L3,5,1,Branch,1,Small,0,0
PW23851,Oregon,20589.63,No,Extended,1,Bachelor,2,1/15/2011,Employed,1,F,85437,Married,1,7,113,0,2,Personal Auto,0,Personal L2,1,1,Agent,2,Small,0,0
LR79755,California,3863.94,No,Basic,0,College,1,1/15/2011,Employed,1,M,99946,Divorced,2,27,86,0,1,Personal Auto,0,Personal L3,2,2,Branch,1,Medsize,1,0
UV54104,Oregon,3105.93,Yes,Basic,0,Bachelor,2,1/15/2011,Retired,3,M,34972,Divorced,2,28,16,0,1,Personal Auto,0,Personal L3,2,1,Agent,2,Large,2,0
KX55910,Oregon,6692,No,Basic,0,College,1,1/15/2011,Employed,1,F,84784,Married,1,22,16,0,5,Personal Auto,0,Personal L3,2,2,Web,0,Small,0,0
CX85598,Arizona,7244.07,No,Basic,0,Bachelor,2,1/15/2011,Employed,1,M,69174,Single,0,0,50,2,5,Personal Auto,0,Personal L1,0,2,Branch,1,Medsize,1,0
WH63678,Oregon,3682.37,No,Basic,0,Master,3,1/15/2011,Employed,1,M,100721,Married,1,15,5,1,1,Corporate Auto,1,Corporate L2,4,3,Web,0,Medsize,1,0
OT40088,Oregon,13371.72,No,Basic,0,High School or Below,0,1/15/2011,Unemployed,0,F,0,Single,0,1,99,0,2,Personal Auto,0,Personal L3,2,1,Web,0,Small,0,0
FP78531,California,18133.2,No,Basic,0,Bachelor,2,1/15/2011,Employed,1,F,93091,Single,0,16,11,2,2,Personal Auto,0,Personal L3,2,3,Call Center,3,Medsize,1,0
ZO29478,Washington,35366.51,Yes,Basic,0,High School or Below,0,1/15/2011,Disabled,4,F,24968,Married,1,14,20,0,2,Personal Auto,0,Personal L2,1,1,Branch,1,Large,2,0
QF21628,California,4179.1,No,Extended,1,High School or Below,0,1/15/2011,Employed,1,M,72344,Married,1,14,96,0,1,Personal Auto,0,Personal L3,2,2,Branch,1,Medsize,1,0
RD15786,Oregon,3105.93,Yes,Basic,0,Bachelor,2,1/15/2011,Retired,3,M,34972,Divorced,2,28,16,0,1,Personal Auto,0,Personal L3,2,1,Agent,2,Large,2,0
LZ34164,Nevada,6605.03,No,Basic,0,Bachelor,2,1/15/2011,Employed,1,F,58319,Married,1,31,42,0,3,Personal Auto,0,Personal L3,2,4,Call Center,3,Medsize,1,0
SZ35936,Oregon,35366.51,Yes,Basic,0,High School or Below,0,1/15/2011,Disabled,4,F,24968,Married,1,14,20,0,2,Corporate Auto,1,Corporate L3,5,1,Branch,1,Large,2,0
KC16062,Arizona,10193.07,No,Basic,0,High School or Below,0,1/15/2011,Unemployed,0,F,0,Married,1,27,65,0,6,Corporate Auto,1,Corporate L3,5,1,Agent,2,Small,0,0
DA99797,Oregon,21571.53,No,Extended,1,Bachelor,2,1/15/2011,Employed,1,F,45726,Single,0,3,31,0,2,Personal Auto,0,Personal L3,2,1,Call Center,3,Medsize,1,1
GU33167,Oregon,7518.13,No,Basic,0,College,1,1/15/2011,Employed,1,M,72896,Married,1,35,4,0,3,Personal Auto,0,Personal L3,2,1,Branch,1,Medsize,1,0
XX31571,Washington,22583.26,No,Extended,1,High School or Below,0,1/15/2011,Unemployed,0,M,0,Single,0,1,39,0,5,Personal Auto,0,Personal L1,0,3,Agent,2,Medsize,1,1
ZE82255,California,25219.34,No,Basic,0,College,1,1/15/2011,Employed,1,F,100764,Married,1,0,59,0,2,Corporate Auto,1,Corporate L2,4,1,Branch,1,Large,2,0
GS44464,California,4920.53,Yes,Extended,1,High School or Below,0,1/15/2011,Employed,1,F,111344,Married,1,1,93,0,1,Personal Auto,0,Personal L3,2,2,Agent,2,Large,2,0
OM69210,Arizona,7306.11,No,Extended,1,Bachelor,2,1/15/2011,Employed,1,M,110067,Married,1,31,68,0,1,Personal Auto,0,Personal L3,2,2,Web,0,Small,0,0
LM54297,Nevada,6363.1,No,Basic,0,Bachelor,2,1/15/2011,Unemployed,0,M,0,Single,0,9,122,0,8,Personal Auto,0,Personal L3,2,1,Agent,2,Medsize,1,1
NP30139,Oregon,9264.87,No,Extended,1,College,1,1/15/2011,Employed,1,M,76652,Divorced,2,28,22,0,3,Corporate Auto,1,Corporate L1,3,3,Web,0,Medsize,1,0
RZ79717,Arizona,4707.04,No,Extended,1,High School or Below,0,1/15/2011,Unemployed,0,M,0,Single,0,16,7,0,1,Corporate Auto,1,Corporate L3,5,1,Branch,1,Medsize,1,0
IC44995,Oregon,5774.71,No,Basic,0,College,1,1/15/2011,Employed,1,F,102493,Married,1,43,5,0,1,Personal Auto,0,Personal L3,2,3,Agent,2,Medsize,1,0
NM70181,Oregon,4841.02,No,Extended,1,Master,3,1/15/2011,Employed,1,M,34760,Married,1,12,31,0,1,Personal Auto,0,Personal L1,0,3,Call Center,3,Medsize,1,0
EJ97834,Nevada,3536.3,No,Basic,0,High School or Below,0,1/15/2011,Employed,1,F,126882,Single,0,12,1,0,1,Personal Auto,0,Personal L2,1,2,Branch,1,Medsize,1,0
IN65727,Washington,3636.27,No,Basic,0,Master,3,1/15/2011,Employed,1,F,85973,Single,0,8,117,0,1,Personal Auto,0,Personal L3,2,2,Agent,2,Medsize,1,0
IG15771,Oregon,5200.77,No,Premium,2,College,1,1/15/2011,Unemployed,0,M,0,Single,0,45,103,0,1,Personal Auto,0,Personal L3,2,3,Agent,2,Small,0,1
YA10507,California,3336.56,Yes,Basic,0,High School or Below,0,1/15/2011,Employed,1,M,129191,Married,1,22,74,0,1,Special Auto,2,Special L3,8,2,Agent,2,Medsize,1,0
TS98462,Washington,30238.82,No,Basic,0,High School or Below,0,1/15/2011,Employed,1,F,105967,Married,1,28,72,0,2,Personal Auto,0,Personal L3,2,3,Branch,1,Medsize,1,0
CL52383,Arizona,15066.1,No,Extended,1,Bachelor,2,1/15/2011,Employed,1,F,44863,Married,1,28,109,0,2,Special Auto,2,Special L2,7,3,Branch,1,Medsize,1,0
MW40110,California,6332.91,No,Basic,0,Bachelor,2,1/15/2011,Unemployed,0,M,0,Single,0,26,15,1,3,Personal Auto,0,Personal L3,2,2,Agent,2,Medsize,1,0
GR12431,California,49761.98,No,Basic,0,College,1,1/15/2011,Employed,1,F,89392,Single,0,46,78,0,2,Personal Auto,0,Personal L2,1,2,Web,0,Medsize,1,0
RP12388,Arizona,16712.42,No,Basic,0,Bachelor,2,1/15/2011,Employed,1,M,53846,Married,1,46,80,1,2,Personal Auto,0,Personal L3,2,3,Web,0,Medsize,1,0
WL21375,Arizona,10652.31,No,Premium,2,High School or Below,0,1/15/2011,Unemployed,0,F,0,Married,1,20,39,3,7,Personal Auto,0,Personal L3,2,1,Call Center,3,Medsize,1,1
RL12319,Oregon,10103.92,No,Basic,0,High School or Below,0,1/15/2011,Employed,1,F,69784,Married,1,16,38,0,1,Special Auto,2,Special L3,8,1,Agent,2,Medsize,1,1
ES88339,California,4506.27,No,Extended,1,Master,3,1/15/2011,Employed,1,M,81819,Married,1,3,111,0,1,Corporate Auto,1,Corporate L1,3,2,Web,0,Medsize,1,0
BX45636,California,12368.23,No,Basic,0,High School or Below,0,1/15/2011,Employed,1,F,123880,Married,1,30,86,0,3,Special Auto,2,Special L3,8,1,Call Center,3,Small,0,0
TM43177,Oregon,4192.22,No,Extended,1,High School or Below,0,1/15/2011,Employed,1,F,131266,Single,0,18,53,0,1,Personal Auto,0,Personal L3,2,2,Branch,1,Large,2,0
LD68165,Arizona,35366.51,Yes,Basic,0,High School or Below,0,1/15/2011,Disabled,4,F,24968,Married,1,14,20,0,2,Corporate Auto,1,Corporate L2,4,1,Branch,1,Large,2,0
YQ98465,California,35366.51,Yes,Basic,0,High School or Below,0,1/15/2011,Disabled,4,F,24968,Married,1,14,20,0,2,Personal Auto,0,Personal L3,2,1,Branch,1,Large,2,0
PH97342,Arizona,35366.51,Yes,Basic,0,High School or Below,0,1/15/2011,Disabled,4,F,24968,Married,1,14,20,0,2,Personal Auto,0,Personal L2,1,1,Branch,1,Large,2,0
HD82971,Arizona,4233.71,No,Extended,1,High School or Below,0,1/15/2011,Unemployed,0,F,0,Single,0,20,112,0,1,Personal Auto,0,Personal L1,0,3,Agent,2,Medsize,1,0
ZC17276,California,10469.53,No,Premium,2,Master,3,1/15/2011,Unemployed,0,M,0,Single,0,9,122,0,5,Personal Auto,0,Personal L3,2,1,Branch,1,Medsize,1,0
VE52406,California,3336.56,Yes,Basic,0,High School or Below,0,1/15/2011,Employed,1,M,129191,Married,1,22,74,0,1,Corporate Auto,1,Corporate L3,5,2,Agent,2,Medsize,1,0
UV89069,Nevada,3783.54,No,Basic,0,Bachelor,2,1/15/2011,Employed,1,F,46748,Married,1,28,42,0,1,Personal Auto,0,Personal L3,2,2,Branch,1,Medsize,1,0
VF15321,Washington,3691.49,No,Basic,0,College,1,1/15/2011,Employed,1,M,72914,Married,1,7,120,0,1,Personal Auto,0,Personal L2,1,2,Branch,1,Medsize,1,0
BT61680,Arizona,43294.33,No,Basic,0,High School or Below,0,1/15/2011,Employed,1,F,33549,Single,0,11,134,0,2,Personal Auto,0,Personal L3,2,1,Agent,2,Medsize,1,0
WE52979,California,4920.53,Yes,Extended,1,High School or Below,0,1/15/2011,Employed,1,F,111344,Married,1,1,93,0,1,Personal Auto,0,Personal L3,2,2,Agent,2,Large,2,0
RO57944,Nevada,35366.51,Yes,Basic,0,High School or Below,0,1/15/2011,Disabled,4,F,24968,Married,1,14,20,0,2,Personal Auto,0,Personal L2,1,1,Branch,1,Large,2,0
DE71115,Washington,3742.88,No,Basic,0,High School or Below,0,1/15/2011,Employed,1,M,92425,Married,1,26,90,1,1,Personal Auto,0,Personal L1,0,2,Call Center,3,Medsize,1,0
HJ89045,California,13890.05,No,Extended,1,Bachelor,2,1/15/2011,Employed,1,F,130055,Married,1,26,16,0,3,Personal Auto,0,Personal L2,1,3,Branch,1,Medsize,1,0
BG42047,Nevada,3391.12,No,Basic,0,College,1,1/15/2011,Medical Leave,2,M,23838,Married,1,14,59,0,1,Personal Auto,0,Personal L3,2,3,Web,0,Large,2,0
DP19820,Oregon,15439.18,No,Extended,1,College,1,1/15/2011,Unemployed,0,M,0,Single,0,16,113,4,2,Personal Auto,0,Personal L2,1,2,Branch,1,Small,0,1
DN71979,Arizona,10492.98,No,Basic,0,College,1,1/15/2011,Employed,1,M,100919,Divorced,2,14,14,0,1,Personal Auto,0,Personal L3,2,1,Web,0,Medsize,1,1
YB79192,California,13761.6,No,Extended,1,Bachelor,2,1/15/2011,Employed,1,F,28511,Married,1,1,107,0,4,Personal Auto,0,Personal L2,1,1,Branch,1,Medsize,1,0
AA30683,California,8903.39,No,Premium,2,Bachelor,2,1/15/2011,Unemployed,0,M,0,Single,0,3,51,2,7,Personal Auto,0,Personal L3,2,1,Web,0,Medsize,1,1
XR99310,California,4270.43,No,Extended,1,College,1,1/15/2011,Employed,1,M,131309,Married,1,39,113,0,1,Special Auto,2,Special L3,8,2,Agent,2,Medsize,1,0
XG66314,California,16829,No,Basic,0,College,1,1/15/2011,Employed,1,M,45365,Married,1,7,108,0,2,Personal Auto,0,Personal L3,2,1,Branch,1,Medsize,1,0
BY75330,California,36368.34,No,Basic,0,Bachelor,2,1/15/2011,Employed,1,M,130769,Divorced,2,35,119,1,2,Personal Auto,0,Personal L2,1,1,Agent,2,Small,0,0
TT86956,California,14225.5,No,Basic,0,Master,3,1/15/2011,Employed,1,F,64733,Married,1,36,19,0,2,Personal Auto,0,Personal L3,2,3,Call Center,3,Large,2,0
CE68841,California,5573.32,No,Basic,0,Bachelor,2,1/15/2011,Employed,1,F,129453,Married,1,4,18,0,1,Corporate Auto,1,Corporate L1,3,1,Agent,2,Medsize,1,0
QK82654,California,26797.14,No,Premium,2,College,1,1/15/2011,Unemployed,0,M,0,Single,0,4,4,0,9,Personal Auto,0,Personal L2,1,1,Agent,2,Small,0,1
EA61783,California,35414.35,No,Basic,0,Bachelor,2,1/15/2011,Employed,1,F,48422,Single,0,27,69,0,2,Personal Auto,0,Personal L3,2,2,Branch,1,Medsize,1,0
EQ96084,California,10560.11,No,Extended,1,Bachelor,2,1/15/2011,Employed,1,F,45850,Divorced,2,14,4,0,4,Corporate Auto,1,Corporate L3,5,4,Web,0,Medsize,1,0
SM87252,California,7888.88,No,Basic,0,College,1,1/15/2011,Employed,1,M,104622,Single,0,23,14,0,5,Personal Auto,0,Personal L3,2,1,Branch,1,Medsize,1,0
YJ88573,Nevada,3406.14,No,Basic,0,Master,3,1/16/2011,Employed,1,M,58147,Married,1,47,20,0,1,Personal Auto,0,Personal L3,2,2,Call Center,3,Large,2,0
JU93290,Arizona,24206.32,No,Basic,0,College,1,1/16/2011,Medical Leave,2,F,29306,Divorced,2,38,104,0,2,Personal Auto,0,Personal L2,1,1,Web,0,Medsize,1,0
WV76014,Arizona,3429.55,No,Basic,0,Doctor,4,1/16/2011,Employed,1,M,94669,Single,0,28,104,0,1,Special Auto,2,Special L2,7,2,Branch,1,Medsize,1,0
YH86390,California,6500.26,No,Basic,0,Bachelor,2,1/16/2011,Disabled,4,F,34287,Divorced,2,41,108,0,6,Corporate Auto,1,Corporate L3,5,2,Agent,2,Medsize,1,0
YH92099,Arizona,4168.8,No,Extended,1,Bachelor,2,1/16/2011,Disabled,4,F,25053,Married,1,23,31,0,1,Special Auto,2,Special L1,6,1,Agent,2,Medsize,1,0
DA69469,Oregon,36238.22,No,Extended,1,College,1,1/16/2011,Employed,1,F,48692,Married,1,0,14,0,2,Personal Auto,0,Personal L3,2,2,Branch,1,Medsize,1,0
PM19162,Oregon,19624.66,No,Basic,0,Bachelor,2,1/16/2011,Employed,1,M,34837,Divorced,2,34,0,2,2,Personal Auto,0,Personal L2,1,2,Call Center,3,Medsize,1,0
XV95530,Oregon,15431.29,No,Basic,0,Bachelor,2,1/16/2011,Employed,1,M,125834,Married,1,47,84,0,2,Personal Auto,0,Personal L3,2,4,Web,0,Large,2,0
WR63188,Arizona,10604.2,No,Basic,0,College,1,1/16/2011,Employed,1,M,34260,Married,1,30,43,1,2,Personal Auto,0,Personal L2,1,1,Agent,2,Medsize,1,0
OH55411,California,6246.18,Yes,Basic,0,Master,3,1/16/2011,Employed,1,F,107307,Divorced,2,27,117,0,1,Corporate Auto,1,Corporate L2,4,2,Branch,1,Medsize,1,0
ND41876,Arizona,9784.41,No,Basic,0,High School or Below,0,1/16/2011,Employed,1,M,116265,Married,1,45,73,1,1,Personal Auto,0,Personal L2,1,2,Agent,2,Small,0,1
CW49887,California,6246.18,Yes,Basic,0,Master,3,1/16/2011,Employed,1,F,107307,Divorced,2,27,117,0,1,Special Auto,2,Special L1,6,2,Branch,1,Medsize,1,0
OU62604,Washington,23604.12,No,Basic,0,Bachelor,2,1/16/2011,Employed,1,F,105789,Divorced,2,22,89,0,2,Personal Auto,0,Personal L3,2,1,Agent,2,Small,0,0
FN50615,Washington,10839.68,No,Premium,2,High School or Below,0,1/16/2011,Employed,1,F,130773,Single,0,34,131,0,3,Personal Auto,0,Personal L3,2,2,Agent,2,Medsize,1,0
NL80137,Oregon,4671.9,No,Extended,1,College,1,1/16/2011,Disabled,4,F,19254,Married,1,36,12,0,1,Personal Auto,0,Personal L3,2,1,Agent,2,Medsize,1,0
EN38348,Oregon,31329.81,No,Extended,1,High School or Below,0,1/16/2011,Employed,1,F,60803,Married,1,36,127,0,2,Personal Auto,0,Personal L2,1,1,Agent,2,Large,2,0
WV79842,California,12533.05,No,Extended,1,High School or Below,0,1/16/2011,Employed,1,M,32824,Married,1,27,81,0,1,Personal Auto,0,Personal L3,2,2,Call Center,3,Medsize,1,1
IC78105,Arizona,10455.27,No,Basic,0,High School or Below,0,1/16/2011,Disabled,4,F,35699,Married,1,5,19,0,1,Personal Auto,0,Personal L1,0,1,Branch,1,Medsize,1,1
CV48634,Nevada,16373.4,No,Basic,0,College,1,1/16/2011,Employed,1,M,39732,Married,1,39,47,0,2,Personal Auto,0,Personal L2,1,4,Call Center,3,Medsize,1,0
DE18949,Oregon,22065.22,No,Basic,0,College,1,1/16/2011,Employed,1,F,76989,Married,1,32,131,0,2,Corporate Auto,1,Corporate L3,5,1,Call Center,3,Small,0,0
RC95515,Arizona,6470.32,No,Basic,0,College,1,1/16/2011,Medical Leave,2,M,27873,Divorced,2,23,14,0,7,Personal Auto,0,Personal L3,2,3,Branch,1,Medsize,1,0
GP67816,California,31331.33,No,Premium,2,High School or Below,0,1/16/2011,Employed,1,F,81315,Married,1,39,85,0,2,Personal Auto,0,Personal L2,1,2,Branch,1,Medsize,1,0
SN23932,Arizona,4371.29,Yes,Extended,1,Master,3,1/16/2011,Employed,1,M,81329,Married,1,4,97,3,1,Personal Auto,0,Personal L3,2,3,Agent,2,Medsize,1,0
CV90092,Oregon,11049.33,No,Basic,0,College,1,1/16/2011,Employed,1,M,111618,Married,1,11,116,0,2,Corporate Auto,1,Corporate L3,5,1,Branch,1,Medsize,1,0
AN67558,Nevada,4439.08,No,Basic,0,College,1,1/16/2011,Unemployed,0,M,0,Single,0,22,1,1,1,Personal Auto,0,Personal L3,2,1,Call Center,3,Large,2,0
PU78245,Arizona,17677.72,No,Basic,0,Bachelor,2,1/16/2011,Employed,1,F,119136,Single,0,12,96,0,2,Personal Auto,0,Personal L3,2,1,Agent,2,Large,2,0
ZW10467,Arizona,21744.71,No,Basic,0,High School or Below,0,1/16/2011,Employed,1,F,85439,Married,1,16,124,0,5,Personal Auto,0,Personal L1,0,1,Web,0,Medsize,1,0
JY45326,Oregon,9937.18,No,Basic,0,College,1,1/16/2011,Employed,1,M,70713,Married,1,36,103,2,1,Personal Auto,0,Personal L2,1,1,Call Center,3,Small,0,1
LD22387,California,8403.78,No,Extended,1,High School or Below,0,1/16/2011,Employed,1,F,71655,Married,1,39,109,2,8,Corporate Auto,1,Corporate L3,5,2,Branch,1,Medsize,1,0
VS20668,Nevada,3681.23,No,Basic,0,Bachelor,2,1/16/2011,Unemployed,0,F,0,Single,0,11,85,0,1,Personal Auto,0,Personal L3,2,4,Branch,1,Medsize,1,0
ZV96574,California,9369.09,No,Basic,0,High School or Below,0,1/16/2011,Unemployed,0,F,0,Married,1,42,41,1,2,Corporate Auto,1,Corporate L3,5,2,Branch,1,Medsize,1,0
JC98569,Oregon,8524.68,No,Extended,1,College,1,1/16/2011,Employed,1,F,73451,Married,1,39,23,0,4,Personal Auto,0,Personal L1,0,2,Branch,1,Medsize,1,0
DG33206,Washington,11963.57,No,Premium,2,Doctor,4,1/16/2011,Employed,1,F,56503,Married,1,23,59,0,8,Personal Auto,0,Personal L3,2,1,Agent,2,Medsize,1,0
AW71157,California,7467.83,No,Basic,0,College,1,1/16/2011,Employed,1,M,67631,Divorced,2,34,109,0,5,Personal Auto,0,Personal L1,0,3,Web,0,Medsize,1,0
XZ51937,California,6246.18,Yes,Basic,0,Master,3,1/16/2011,Employed,1,F,107307,Divorced,2,27,117,0,1,Personal Auto,0,Personal L1,0,2,Branch,1,Medsize,1,0
KG57925,California,3254.17,No,Basic,0,Bachelor,2,1/16/2011,Employed,1,M,56487,Married,1,1,19,0,1,Corporate Auto,1,Corporate L3,5,2,Call Center,3,Medsize,1,0
FO74055,California,4166.12,No,Extended,1,College,1,1/16/2011,Employed,1,F,99816,Married,1,46,65,0,1,Personal Auto,0,Personal L3,2,4,Call Center,3,Medsize,1,0
UX32931,California,6999.68,No,Basic,0,College,1,1/16/2011,Employed,1,F,66571,Married,1,41,74,1,4,Corporate Auto,1,Corporate L1,3,1,Branch,1,Medsize,1,0
CA96568,Oregon,13108.16,No,Extended,1,College,1,1/16/2011,Unemployed,0,M,0,Married,1,15,41,0,7,Corporate Auto,1,Corporate L3,5,1,Agent,2,Small,0,1
FK95213,California,25125.46,No,Extended,1,Master,3,1/16/2011,Employed,1,F,67059,Married,1,36,77,0,7,Personal Auto,0,Personal L3,2,2,Web,0,Medsize,1,1
GE50763,Washington,4713.85,No,Premium,2,Bachelor,2,1/16/2011,Unemployed,0,M,0,Single,0,41,119,0,1,Corporate Auto,1,Corporate L1,3,1,Agent,2,Medsize,1,1
TO20795,Washington,43831.34,No,Premium,2,Doctor,4,1/16/2011,Employed,1,M,50861,Single,0,31,24,0,2,Corporate Auto,1,Corporate L3,5,3,Agent,2,Medsize,1,0
CR92272,Arizona,10869.61,No,Basic,0,Doctor,4,1/16/2011,Employed,1,F,77846,Married,1,28,65,0,7,Personal Auto,0,Personal L2,1,1,Agent,2,Medsize,1,0
DN30013,Oregon,7518,No,Basic,0,College,1,1/16/2011,Employed,1,F,71948,Married,1,16,131,0,8,Personal Auto,0,Personal L3,2,3,Branch,1,Small,0,0
XJ61632,Oregon,2747.24,No,Basic,0,Bachelor,2,1/16/2011,Unemployed,0,M,0,Single,0,39,80,2,1,Personal Auto,0,Personal L1,0,1,Web,0,Medsize,1,0
UN38117,California,3663.31,No,Basic,0,College,1,1/16/2011,Unemployed,0,F,0,Married,1,47,104,0,1,Personal Auto,0,Personal L3,2,4,Call Center,3,Medsize,1,0
TA22923,Arizona,6674.72,No,Basic,0,Master,3,1/16/2011,Employed,1,M,54625,Married,1,23,28,0,6,Personal Auto,0,Personal L3,2,3,Branch,1,Small,0,0
YG87460,Arizona,3300.4,No,Basic,0,College,1,1/16/2011,Unemployed,0,M,0,Married,1,11,80,1,1,Personal Auto,0,Personal L2,1,3,Branch,1,Medsize,1,0
AT24793,Oregon,9265.22,No,Premium,2,College,1,1/16/2011,Employed,1,M,34225,Married,1,14,88,0,1,Special Auto,2,Special L3,8,3,Call Center,3,Medsize,1,1
SE78641,Arizona,6284.04,No,Basic,0,Bachelor,2,1/16/2011,Unemployed,0,M,0,Single,0,45,26,0,4,Personal Auto,0,Personal L2,1,1,Call Center,3,Large,2,0
MA68039,California,4907.29,No,Extended,1,High School or Below,0,1/16/2011,Employed,1,M,47326,Married,1,16,70,3,1,Personal Auto,0,Personal L3,2,4,Call Center,3,Medsize,1,0
DZ89536,Oregon,4371.29,Yes,Extended,1,Master,3,1/16/2011,Employed,1,M,81329,Married,1,4,97,3,1,Corporate Auto,1,Corporate L3,5,3,Agent,2,Medsize,1,0
KX32370,California,9556.58,No,Extended,1,College,1,1/16/2011,Employed,1,M,31350,Married,1,14,89,0,4,Corporate Auto,1,Corporate L3,5,3,Branch,1,Large,2,0
NE67816,Oregon,3395.6,No,Basic,0,College,1,1/16/2011,Employed,1,M,34503,Married,1,42,15,0,1,Personal Auto,0,Personal L3,2,2,Branch,1,Small,0,0
NM51858,Oregon,6301.86,No,Basic,0,High School or Below,0,1/16/2011,Employed,1,M,71890,Married,1,1,103,0,1,Personal Auto,0,Personal L3,2,2,Web,0,Medsize,1,0
OR33365,California,6981.22,No,Basic,0,College,1,1/16/2011,Unemployed,0,F,0,Married,1,18,122,0,3,Corporate Auto,1,Corporate L2,4,1,Agent,2,Medsize,1,0
US90854,Oregon,15089.97,No,Basic,0,Bachelor,2,1/16/2011,Employed,1,M,28002,Single,0,23,70,0,2,Personal Auto,0,Personal L2,1,2,Web,0,Medsize,1,0
AU46604,California,2741.56,No,Basic,0,Bachelor,2,1/16/2011,Unemployed,0,M,0,Single,0,0,11,1,1,Personal Auto,0,Personal L2,1,2,Agent,2,Small,0,0
UF54329,California,8221.19,No,Extended,1,College,1,1/16/2011,Employed,1,M,95704,Married,1,28,43,0,5,Corporate Auto,1,Corporate L1,3,2,Call Center,3,Medsize,1,0
OS96036,Arizona,55543.17,No,Basic,0,College,1,1/16/2011,Employed,1,F,85892,Married,1,14,54,2,2,Personal Auto,0,Personal L3,2,4,Agent,2,Medsize,1,0
AF37776,California,14065.88,No,Extended,1,Bachelor,2,1/16/2011,Employed,1,F,108259,Married,1,11,93,0,9,Personal Auto,0,Personal L1,0,3,Call Center,3,Large,2,0
CF62992,Oregon,3335.95,No,Basic,0,High School or Below,0,1/16/2011,Employed,1,F,71650,Married,1,7,116,0,1,Personal Auto,0,Personal L2,1,1,Agent,2,Medsize,1,0
FX26050,Oregon,30661.23,No,Basic,0,Doctor,4,1/16/2011,Disabled,4,M,19061,Married,1,5,72,0,2,Special Auto,2,Special L1,6,4,Agent,2,Medsize,1,0
DF74270,Nevada,51610.78,No,Basic,0,Bachelor,2,1/16/2011,Employed,1,M,108433,Married,1,34,1,0,2,Corporate Auto,1,Corporate L1,3,4,Agent,2,Medsize,1,0
QM46642,California,3535.88,No,Basic,0,Bachelor,2,1/16/2011,Disabled,4,M,21042,Married,1,15,65,0,1,Special Auto,2,Special L1,6,2,Agent,2,Medsize,1,0
UX93878,Oregon,11493.49,No,Basic,0,Bachelor,2,1/16/2011,Employed,1,F,46582,Married,1,18,59,0,9,Personal Auto,0,Personal L3,2,1,Branch,1,Small,0,0
RD22761,Washington,27782.58,No,Basic,0,Bachelor,2,1/16/2011,Unemployed,0,M,0,Single,0,7,35,0,2,Personal Auto,0,Personal L3,2,3,Call Center,3,Medsize,1,0
FE20514,Oregon,6838.41,No,Basic,0,College,1,1/16/2011,Employed,1,M,36090,Single,0,9,74,0,5,Personal Auto,0,Personal L1,0,2,Web,0,Medsize,1,0
DS47984,Arizona,4371.29,Yes,Extended,1,Master,3,1/16/2011,Employed,1,M,81329,Married,1,4,97,3,1,Personal Auto,0,Personal L1,0,3,Agent,2,Medsize,1,0
DJ42087,California,16097.07,No,Premium,2,High School or Below,0,1/16/2011,Employed,1,F,33184,Married,1,3,116,0,2,Personal Auto,0,Personal L3,2,1,Branch,1,Medsize,1,0
BG44829,Oregon,14526.24,No,Extended,1,High School or Below,0,1/16/2011,Employed,1,F,101027,Married,1,19,120,0,7,Corporate Auto,1,Corporate L2,4,1,Branch,1,Medsize,1,0
BF55854,Nevada,15187.63,No,Premium,2,College,1,1/16/2011,Employed,1,F,39832,Married,1,3,95,0,1,Personal Auto,0,Personal L3,2,2,Call Center,3,Small,0,1
JH14651,Washington,4371.29,Yes,Extended,1,Master,3,1/16/2011,Employed,1,M,81329,Married,1,4,97,3,1,Personal Auto,0,Personal L3,2,3,Agent,2,Medsize,1,0
FM70419,Oregon,6399.27,No,Basic,0,College,1,1/16/2011,Unemployed,0,M,0,Single,0,5,82,1,4,Personal Auto,0,Personal L3,2,3,Web,0,Medsize,1,0
VG16827,California,6246.18,Yes,Basic,0,Master,3,1/16/2011,Employed,1,F,107307,Divorced,2,27,117,0,1,Personal Auto,0,Personal L2,1,2,Branch,1,Medsize,1,0
AY26056,Arizona,10730.57,No,Basic,0,College,1,1/16/2011,Employed,1,F,86254,Married,1,3,108,0,2,Personal Auto,0,Personal L3,2,1,Agent,2,Medsize,1,0
GY87675,Oregon,6939.53,No,Extended,1,College,1,1/16/2011,Retired,3,M,36385,Divorced,2,1,0,1,8,Corporate Auto,1,Corporate L1,3,1,Branch,1,Medsize,1,0
BP49831,Washington,3950.81,No,Extended,1,Bachelor,2,1/16/2011,Employed,1,F,31936,Single,0,15,1,3,1,Corporate Auto,1,Corporate L3,5,2,Branch,1,Medsize,1,0
SO43919,California,19208.12,No,Extended,1,Bachelor,2,1/16/2011,Employed,1,M,42728,Married,1,34,23,0,2,Personal Auto,0,Personal L3,2,1,Branch,1,Medsize,1,0
IY91183,Arizona,4973.12,No,Basic,0,Master,3,1/16/2011,Unemployed,0,F,0,Married,1,18,34,1,1,Personal Auto,0,Personal L3,2,4,Call Center,3,Medsize,1,0
YB39959,Oregon,4371.29,Yes,Extended,1,Master,3,1/16/2011,Employed,1,M,81329,Married,1,4,97,3,1,Personal Auto,0,Personal L1,0,3,Agent,2,Medsize,1,0
ZQ22116,Arizona,7169.72,No,Basic,0,High School or Below,0,1/16/2011,Employed,1,F,98688,Married,1,47,62,0,4,Corporate Auto,1,Corporate L3,5,2,Branch,1,Small,0,0
FY32647,California,16895.49,No,Basic,0,College,1,1/16/2011,Unemployed,0,M,0,Single,0,47,20,0,2,Special Auto,2,Special L3,8,4,Branch,1,Medsize,1,0
CQ57225,California,6761.87,No,Basic,0,Bachelor,2,1/16/2011,Unemployed,0,M,0,Single,0,5,0,0,8,Corporate Auto,1,Corporate L3,5,1,Call Center,3,Medsize,1,0
CH38655,Oregon,19174.89,No,Basic,0,Bachelor,2,1/16/2011,Employed,1,M,122116,Married,1,35,54,0,2,Personal Auto,0,Personal L3,2,4,Agent,2,Medsize,1,0
KU94282,Oregon,13521.99,No,Basic,0,Master,3,1/16/2011,Employed,1,F,84915,Married,1,4,16,0,2,Personal Auto,0,Personal L2,1,2,Agent,2,Medsize,1,0
WN76039,Nevada,3435.83,No,Basic,0,Bachelor,2,1/16/2011,Unemployed,0,F,0,Single,0,8,88,0,1,Special Auto,2,Special L3,8,1,Agent,2,Medsize,1,0
AT26484,Nevada,5154.93,No,Premium,2,College,1,1/16/2011,Employed,1,M,34048,Married,1,14,55,5,1,Special Auto,2,Special L2,7,2,Web,0,Small,0,0
NK40551,California,10064.74,No,Extended,1,High School or Below,0,1/16/2011,Employed,1,F,100020,Married,1,18,120,2,7,Personal Auto,0,Personal L2,1,3,Agent,2,Small,0,0
KT61396,California,5159.46,No,Extended,1,College,1,1/16/2011,Employed,1,F,106905,Married,1,27,68,0,1,Corporate Auto,1,Corporate L2,4,2,Branch,1,Small,0,0
KZ60207,Arizona,6760.36,No,Basic,0,College,1,1/16/2011,Employed,1,M,69556,Married,1,42,0,0,3,Personal Auto,0,Personal L2,1,4,Agent,2,Small,0,0
GC81619,Oregon,6246.18,Yes,Basic,0,Master,3,1/16/2011,Employed,1,F,107307,Divorced,2,27,117,0,1,Personal Auto,0,Personal L1,0,2,Branch,1,Medsize,1,0
KN90631,Nevada,11556.22,No,Basic,0,High School or Below,0,1/16/2011,Retired,3,F,37962,Married,1,9,70,0,3,Personal Auto,0,Personal L3,2,1,Web,0,Medsize,1,0
ZN45349,Oregon,6500.28,No,Basic,0,College,1,1/16/2011,Unemployed,0,M,0,Single,0,39,78,0,8,Personal Auto,0,Personal L3,2,1,Branch,1,Small,0,0
IM55696,California,7106.97,No,Basic,0,High School or Below,0,1/16/2011,Employed,1,F,32442,Married,1,43,50,0,3,Personal Auto,0,Personal L2,1,4,Call Center,3,Small,0,0
SI13406,Arizona,4684.28,No,Extended,1,High School or Below,0,1/16/2011,Employed,1,F,44164,Married,1,47,65,0,1,Personal Auto,0,Personal L1,0,4,Agent,2,Medsize,1,0
UP30859,Nevada,10114.28,No,Basic,0,College,1,1/16/2011,Employed,1,F,53750,Divorced,2,23,92,0,2,Special Auto,2,Special L3,8,3,Branch,1,Medsize,1,0
PD97837,Arizona,2969.35,No,Basic,0,Bachelor,2,1/16/2011,Unemployed,0,M,0,Married,1,39,97,0,1,Corporate Auto,1,Corporate L1,3,2,Web,0,Medsize,1,0
WC66749,Oregon,7037.64,No,Basic,0,College,1,1/16/2011,Disabled,4,F,17028,Divorced,2,8,109,0,3,Personal Auto,0,Personal L3,2,1,Call Center,3,Small,0,0
BW51534,California,11292.08,No,Basic,0,High School or Below,0,1/16/2011,Unemployed,0,F,0,Married,1,9,54,0,5,Corporate Auto,1,Corporate L2,4,1,Branch,1,Small,0,0
DM77491,Oregon,10012.23,No,Basic,0,Bachelor,2,1/16/2011,Unemployed,0,M,0,Married,1,8,70,0,2,Personal Auto,0,Personal L1,0,3,Call Center,3,Medsize,1,0
CF26052,Arizona,11389.07,No,Basic,0,Bachelor,2,1/16/2011,Employed,1,F,66396,Married,1,8,116,0,2,Personal Auto,0,Personal L3,2,1,Web,0,Medsize,1,0
JS53793,Arizona,3269.96,No,Basic,0,Doctor,4,1/16/2011,Employed,1,F,33799,Married,1,15,41,1,1,Corporate Auto,1,Corporate L3,5,2,Agent,2,Large,2,0
WK52692,Oregon,6246.57,No,Extended,1,College,1,1/16/2011,Medical Leave,2,F,39317,Married,1,20,55,4,1,Personal Auto,0,Personal L2,1,1,Call Center,3,Medsize,1,0
LB35863,California,9780.07,No,Basic,0,Bachelor,2,1/16/2011,Unemployed,0,F,0,Single,0,1,69,0,3,Personal Auto,0,Personal L1,0,2,Agent,2,Small,0,0
PL59209,California,9386.08,No,Basic,0,College,1,1/16/2011,Unemployed,0,F,0,Single,0,3,51,3,2,Corporate Auto,1,Corporate L1,3,2,Agent,2,Medsize,1,0
ON68006,California,7452.2,No,Basic,0,Bachelor,2,1/16/2011,Employed,1,F,35274,Divorced,2,5,51,0,3,Personal Auto,0,Personal L2,1,1,Agent,2,Medsize,1,0
UR71715,California,4027.2,No,Extended,1,College,1,1/16/2011,Unemployed,0,M,0,Single,0,4,77,0,1,Personal Auto,0,Personal L3,2,4,Call Center,3,Small,0,0
XU43725,California,18995.36,No,Extended,1,College,1,1/16/2011,Unemployed,0,F,0,Single,0,0,96,0,2,Corporate Auto,1,Corporate L2,4,1,Web,0,Medsize,1,0
XQ19310,California,6758.92,No,Basic,0,High School or Below,0,1/16/2011,Unemployed,0,F,0,Single,0,22,5,0,5,Personal Auto,0,Personal L3,2,2,Call Center,3,Medsize,1,0
NG15940,California,5396.59,No,Basic,0,High School or Below,0,1/16/2011,Unemployed,0,M,0,Single,0,34,107,1,3,Corporate Auto,1,Corporate L3,5,3,Agent,2,Medsize,1,0
HZ68892,California,6188.59,No,Basic,0,College,1,1/16/2011,Employed,1,M,115081,Married,1,8,130,0,1,Personal Auto,0,Personal L2,1,2,Call Center,3,Large,2,0
FQ66351,California,7185.09,No,Extended,1,Bachelor,2,1/16/2011,Employed,1,F,45469,Single,0,18,28,1,1,Personal Auto,0,Personal L2,1,1,Agent,2,Large,2,1
RY47606,California,5189.35,No,Extended,1,Bachelor,2,1/16/2011,Employed,1,M,59382,Married,1,39,23,0,1,Personal Auto,0,Personal L3,2,2,Call Center,3,Medsize,1,0
BW63560,Oregon,10075.24,No,Basic,0,Bachelor,2,1/17/2011,Employed,1,F,33209,Married,1,16,68,1,2,Corporate Auto,1,Corporate L2,4,2,Branch,1,Medsize,1,0
WE95729,Oregon,49555.03,No,Basic,0,College,1,1/17/2011,Employed,1,M,33485,Married,1,1,38,0,2,Personal Auto,0,Personal L2,1,1,Agent,2,Small,0,0
FR46645,California,5796.9,No,Premium,2,Bachelor,2,1/17/2011,Disabled,4,M,22546,Married,1,27,35,0,1,Personal Auto,0,Personal L2,1,1,Branch,1,Small,0,1
CZ33664,Oregon,3412.33,No,Basic,0,Bachelor,2,1/17/2011,Employed,1,F,109004,Married,1,32,113,0,1,Corporate Auto,1,Corporate L3,5,1,Agent,2,Medsize,1,0
TE49565,Oregon,15975.59,No,Basic,0,College,1,1/17/2011,Disabled,4,F,22345,Married,1,31,72,0,2,Personal Auto,0,Personal L3,2,2,Call Center,3,Small,0,0
AG85615,Oregon,32594.23,No,Extended,1,College,1,1/17/2011,Unemployed,0,M,0,Single,0,12,101,0,2,Special Auto,2,Special L1,6,1,Web,0,Medsize,1,0
IS50283,California,7691.19,No,Basic,0,Bachelor,2,1/17/2011,Employed,1,F,36515,Married,1,7,115,0,4,Corporate Auto,1,Corporate L3,5,3,Agent,2,Medsize,1,0
GN46207,Oregon,5630.43,Yes,Basic,0,Master,3,1/17/2011,Employed,1,F,39774,Single,0,38,31,1,1,Personal Auto,0,Personal L3,2,2,Branch,1,Large,2,0
YI92916,Nevada,6315.87,No,Premium,2,Master,3,1/17/2011,Employed,1,M,112188,Married,1,20,47,0,1,Corporate Auto,1,Corporate L3,5,2,Call Center,3,Small,0,0
ZQ59828,California,5700.55,No,Basic,0,High School or Below,0,1/17/2011,Employed,1,M,100690,Married,1,1,66,0,1,Personal Auto,0,Personal L3,2,2,Agent,2,Medsize,1,0
BA17836,California,10622.02,No,Basic,0,High School or Below,0,1/17/2011,Employed,1,M,77409,Single,0,9,26,0,2,Corporate Auto,1,Corporate L3,5,1,Agent,2,Medsize,1,0
KR43119,California,6083.99,No,Basic,0,College,1,1/17/2011,Unemployed,0,M,0,Single,0,0,14,0,9,Personal Auto,0,Personal L3,2,1,Call Center,3,Medsize,1,0
HP94242,Arizona,7139.03,No,Basic,0,Bachelor,2,1/17/2011,Employed,1,F,57538,Married,1,11,4,0,3,Personal Auto,0,Personal L1,0,2,Call Center,3,Medsize,1,0
WI69346,California,12096.38,No,Basic,0,Master,3,1/17/2011,Employed,1,F,97123,Single,0,11,69,0,4,Corporate Auto,1,Corporate L2,4,3,Agent,2,Medsize,1,0
IB67546,California,11120,No,Basic,0,Bachelor,2,1/17/2011,Medical Leave,2,F,32319,Married,1,18,46,0,7,Personal Auto,0,Personal L3,2,1,Call Center,3,Small,0,0
QW67581,Arizona,6979.54,No,Basic,0,High School or Below,0,1/17/2011,Unemployed,0,F,0,Married,1,36,65,0,9,Personal Auto,0,Personal L2,1,2,Call Center,3,Small,0,0
NT59303,Oregon,13655.85,No,Premium,2,College,1,1/17/2011,Employed,1,F,85763,Divorced,2,20,31,0,1,Personal Auto,0,Personal L3,2,2,Agent,2,Large,2,1
AA71604,Arizona,16181.9,No,Extended,1,Master,3,1/17/2011,Employed,1,F,118206,Married,1,5,116,1,2,Personal Auto,0,Personal L2,1,1,Web,0,Medsize,1,0
VT78274,Arizona,6657.15,No,Basic,0,College,1,1/17/2011,Unemployed,0,M,0,Married,1,8,126,0,8,Personal Auto,0,Personal L3,2,1,Agent,2,Medsize,1,0
KC71643,Oregon,3325.37,No,Basic,0,High School or Below,0,1/17/2011,Employed,1,M,133844,Married,1,39,69,0,1,Corporate Auto,1,Corporate L2,4,2,Call Center,3,Medsize,1,0
GS69842,Arizona,7079.17,No,Basic,0,Bachelor,2,1/17/2011,Employed,1,F,49430,Married,1,19,9,0,5,Special Auto,2,Special L2,7,2,Call Center,3,Medsize,1,0
KO44736,Oregon,22922.73,Yes,Basic,0,Bachelor,2,1/17/2011,Employed,1,M,47378,Divorced,2,34,76,0,2,Personal Auto,0,Personal L3,2,2,Call Center,3,Small,0,0
FD64348,Oregon,30460.88,No,Basic,0,High School or Below,0,1/17/2011,Employed,1,M,31112,Married,1,24,9,3,2,Personal Auto,0,Personal L3,2,4,Branch,1,Large,2,0
LD49835,California,5815.02,No,Basic,0,High School or Below,0,1/17/2011,Employed,1,M,99016,Married,1,9,84,0,1,Personal Auto,0,Personal L1,0,4,Agent,2,Medsize,1,0
YP40334,Oregon,7166.13,No,Premium,2,Doctor,4,1/17/2011,Unemployed,0,F,0,Single,0,39,95,0,1,Personal Auto,0,Personal L2,1,2,Web,0,Medsize,1,0
FS19862,Arizona,12301.26,No,Basic,0,Bachelor,2,1/17/2011,Disabled,4,F,34017,Married,1,35,49,0,4,Personal Auto,0,Personal L3,2,3,Call Center,3,Small,0,0
YG40323,Arizona,12318.21,No,Premium,2,Bachelor,2,1/17/2011,Employed,1,M,134147,Married,1,46,8,0,3,Personal Auto,0,Personal L3,2,1,Web,0,Medsize,1,0
BU15334,California,5630.43,Yes,Basic,0,Master,3,1/17/2011,Employed,1,F,39774,Single,0,38,31,1,1,Corporate Auto,1,Corporate L3,5,2,Branch,1,Large,2,0
WA97671,Arizona,8551.53,No,Basic,0,Bachelor,2,1/17/2011,Unemployed,0,M,0,Single,0,1,28,0,2,Personal Auto,0,Personal L1,0,1,Branch,1,Medsize,1,0
NM57315,California,22922.73,Yes,Basic,0,Bachelor,2,1/17/2011,Employed,1,M,47378,Divorced,2,34,76,0,2,Special Auto,2,Special L3,8,2,Call Center,3,Small,0,0
DN21342,Oregon,9285.05,No,Extended,1,College,1,1/17/2011,Unemployed,0,F,0,Divorced,2,34,96,0,6,Personal Auto,0,Personal L2,1,1,Web,0,Small,0,0
BZ71120,Oregon,11416.21,No,Basic,0,College,1,1/17/2011,Employed,1,F,121389,Married,1,20,97,0,9,Personal Auto,0,Personal L2,1,1,Branch,1,Medsize,1,0
KN78424,California,20894.33,No,Premium,2,College,1,1/17/2011,Employed,1,M,69761,Married,1,15,116,0,5,Corporate Auto,1,Corporate L1,3,1,Branch,1,Medsize,1,1
HX11651,Oregon,4439.91,No,Extended,1,College,1,1/17/2011,Medical Leave,2,M,24111,Single,0,22,0,2,1,Personal Auto,0,Personal L3,2,1,Call Center,3,Medsize,1,0
XL66550,Oregon,10489.29,No,Basic,0,Bachelor,2,1/17/2011,Employed,1,M,100393,Divorced,2,15,115,0,1,Corporate Auto,1,Corporate L1,3,1,Call Center,3,Small,0,1
GE46404,Oregon,3657.88,No,Basic,0,College,1,1/17/2011,Employed,1,F,79418,Married,1,18,132,0,1,Personal Auto,0,Personal L3,2,1,Agent,2,Small,0,0
DN14211,Oregon,20294.42,No,Basic,0,College,1,1/17/2011,Medical Leave,2,M,23153,Married,1,38,26,0,2,Personal Auto,0,Personal L2,1,1,Agent,2,Medsize,1,0
NI68379,Oregon,8848.43,No,Extended,1,Master,3,1/17/2011,Employed,1,M,100472,Married,1,35,100,0,9,Personal Auto,0,Personal L1,0,2,Agent,2,Medsize,1,0
RC61383,Oregon,16099.72,No,Basic,0,High School or Below,0,1/17/2011,Employed,1,M,37819,Single,0,19,50,0,2,Personal Auto,0,Personal L2,1,4,Branch,1,Small,0,0
YR84813,Oregon,14277.53,No,Premium,2,College,1,1/17/2011,Unemployed,0,M,0,Single,0,9,123,0,2,Special Auto,2,Special L2,7,3,Call Center,3,Medsize,1,1
UF27940,Washington,5215.47,No,Basic,0,College,1,1/17/2011,Employed,1,F,63719,Married,1,4,88,3,1,Corporate Auto,1,Corporate L3,5,2,Call Center,3,Medsize,1,0
QL54532,California,5224.98,No,Basic,0,Master,3,1/17/2011,Unemployed,0,M,0,Single,0,11,88,0,1,Personal Auto,0,Personal L2,1,1,Web,0,Medsize,1,0
RW70500,Oregon,10795.42,No,Basic,0,Master,3,1/17/2011,Employed,1,F,58937,Married,1,28,100,0,2,Personal Auto,0,Personal L1,0,1,Agent,2,Large,2,0
WN59735,California,3538.51,No,Basic,0,College,1,1/17/2011,Employed,1,F,35744,Married,1,24,50,0,1,Personal Auto,0,Personal L1,0,2,Branch,1,Medsize,1,0
QK12068,Oregon,7146.52,No,Basic,0,High School or Below,0,1/17/2011,Unemployed,0,F,0,Single,0,19,58,0,4,Personal Auto,0,Personal L3,2,4,Agent,2,Small,0,0
BY23642,Arizona,6203.31,No,Basic,0,Bachelor,2,1/17/2011,Unemployed,0,F,0,Single,0,22,84,0,6,Personal Auto,0,Personal L3,2,1,Branch,1,Small,0,0
YI79084,Nevada,4998.55,No,Extended,1,Doctor,4,1/17/2011,Employed,1,M,45546,Single,0,18,131,0,1,Personal Auto,0,Personal L1,0,2,Agent,2,Medsize,1,0
HP73832,California,5125.34,No,Extended,1,College,1,1/17/2011,Employed,1,F,27293,Married,1,22,41,2,1,Personal Auto,0,Personal L1,0,2,Web,0,Medsize,1,0
FX36546,Washington,4966.84,No,Extended,1,Master,3,1/17/2011,Employed,1,M,82085,Married,1,22,68,0,1,Personal Auto,0,Personal L3,2,2,Agent,2,Medsize,1,0
NF25863,Nevada,10648.56,No,Extended,1,High School or Below,0,1/17/2011,Employed,1,M,43403,Married,1,28,86,0,8,Personal Auto,0,Personal L3,2,1,Call Center,3,Medsize,1,0
EK50729,Oregon,6186.57,No,Basic,0,Bachelor,2,1/17/2011,Unemployed,0,M,0,Divorced,2,36,9,0,7,Personal Auto,0,Personal L3,2,1,Branch,1,Medsize,1,0
LM67096,Oregon,2872.7,No,Basic,0,Bachelor,2,1/17/2011,Unemployed,0,F,0,Divorced,2,15,8,1,1,Corporate Auto,1,Corporate L2,4,1,Web,0,Medsize,1,0
SC70396,Oregon,4723.34,No,Extended,1,Bachelor,2,1/17/2011,Employed,1,M,78953,Divorced,2,20,88,1,1,Personal Auto,0,Personal L1,0,1,Web,0,Medsize,1,0
KE10223,California,16544.42,No,Premium,2,Bachelor,2,1/17/2011,Unemployed,0,M,0,Single,0,0,8,0,7,Personal Auto,0,Personal L2,1,3,Branch,1,Medsize,1,1
WH83589,Arizona,11419.53,No,Basic,0,High School or Below,0,1/17/2011,Disabled,4,F,34355,Married,1,15,80,0,2,Personal Auto,0,Personal L2,1,4,Web,0,Medsize,1,0
UN53508,Oregon,6329.42,No,Basic,0,Bachelor,2,1/17/2011,Disabled,4,F,36932,Married,1,26,65,0,5,Corporate Auto,1,Corporate L2,4,1,Web,0,Small,0,0
WL92199,Arizona,3211.91,No,Basic,0,Doctor,4,1/17/2011,Unemployed,0,M,0,Divorced,2,4,28,0,1,Personal Auto,0,Personal L3,2,4,Call Center,3,Medsize,1,0
KF88603,Oregon,13095.48,No,Extended,1,High School or Below,0,1/17/2011,Unemployed,0,M,0,Single,0,31,73,0,3,Personal Auto,0,Personal L1,0,1,Branch,1,Medsize,1,1
LH94971,Oregon,9528.15,No,Extended,1,Bachelor,2,1/17/2011,Employed,1,M,51084,Married,1,42,12,0,4,Corporate Auto,1,Corporate L2,4,2,Agent,2,Large,2,0
XE59612,Nevada,9700.66,No,Extended,1,High School or Below,0,1/17/2011,Employed,1,M,86050,Single,0,34,20,0,6,Corporate Auto,1,Corporate L1,3,3,Call Center,3,Medsize,1,0
TN85931,Oregon,7961.7,No,Basic,0,High School or Below,0,1/17/2011,Employed,1,F,39456,Married,1,0,112,0,7,Special Auto,2,Special L3,8,1,Branch,1,Medsize,1,0
LZ39487,Washington,6915.67,No,Basic,0,High School or Below,0,1/17/2011,Employed,1,F,78578,Married,1,3,76,0,3,Personal Auto,0,Personal L2,1,3,Branch,1,Small,0,0
PA14842,Washington,3924.31,No,Basic,0,High School or Below,0,1/17/2011,Employed,1,F,60923,Married,1,18,46,0,1,Special Auto,2,Special L2,7,4,Branch,1,Medsize,1,0
DY35560,Oregon,2879.24,No,Basic,0,High School or Below,0,1/17/2011,Unemployed,0,M,0,Single,0,0,84,0,1,Personal Auto,0,Personal L3,2,1,Agent,2,Small,0,0
JD50909,Arizona,4060.93,No,Basic,0,Bachelor,2,1/17/2011,Employed,1,F,108919,Married,1,42,16,0,1,Corporate Auto,1,Corporate L3,5,2,Agent,2,Medsize,1,0
AB78984,Oregon,15017.68,No,Extended,1,College,1,1/17/2011,Employed,1,M,57505,Single,0,11,111,0,2,Personal Auto,0,Personal L1,0,1,Web,0,Medsize,1,0
WJ47053,Oregon,8665.45,No,Basic,0,Bachelor,2,1/17/2011,Unemployed,0,M,0,Single,0,41,46,0,2,Personal Auto,0,Personal L3,2,1,Call Center,3,Medsize,1,0
LO48126,Oregon,3330.63,No,Basic,0,High School or Below,0,1/17/2011,Employed,1,F,32191,Married,1,45,46,0,1,Personal Auto,0,Personal L3,2,2,Call Center,3,Large,2,0
DC79319,California,4524.62,No,Extended,1,Bachelor,2,1/17/2011,Employed,1,F,39366,Single,0,34,84,0,1,Personal Auto,0,Personal L3,2,2,Branch,1,Medsize,1,0
YM20358,Oregon,22922.73,Yes,Basic,0,Bachelor,2,1/17/2011,Employed,1,M,47378,Divorced,2,34,76,0,2,Personal Auto,0,Personal L2,1,2,Call Center,3,Small,0,0
VM69145,California,11775.91,No,Basic,0,College,1,1/17/2011,Employed,1,F,34668,Divorced,2,14,126,0,2,Personal Auto,0,Personal L3,2,1,Agent,2,Medsize,1,0
LQ79472,Arizona,4622.16,No,Extended,1,College,1,1/17/2011,Employed,1,M,134752,Single,0,0,0,0,1,Corporate Auto,1,Corporate L2,4,3,Branch,1,Medsize,1,0
QN13323,Oregon,11769.38,No,Basic,0,High School or Below,0,1/17/2011,Employed,1,M,120280,Single,0,1,68,0,3,Personal Auto,0,Personal L1,0,2,Branch,1,Large,2,0
YH20696,Oregon,11688.26,No,Basic,0,College,1,1/17/2011,Employed,1,M,92781,Married,1,20,66,0,2,Personal Auto,0,Personal L1,0,1,Branch,1,Medsize,1,0
CV40610,California,16622.77,No,Premium,2,College,1,1/17/2011,Unemployed,0,M,0,Single,0,9,77,0,2,Personal Auto,0,Personal L1,0,1,Call Center,3,Medsize,1,1
IH78357,Oregon,7777.78,No,Basic,0,College,1,1/17/2011,Employed,1,F,112579,Married,1,41,108,0,3,Personal Auto,0,Personal L3,2,2,Web,0,Medsize,1,0
AZ29426,California,22548.64,No,Basic,0,College,1,1/17/2011,Unemployed,0,M,0,Single,0,46,62,0,2,Special Auto,2,Special L3,8,1,Agent,2,Medsize,1,0
LZ84227,Arizona,19062.05,No,Premium,2,College,1,1/17/2011,Employed,1,M,129215,Married,1,0,70,2,2,Personal Auto,0,Personal L3,2,1,Agent,2,Medsize,1,0
ID58813,California,5890.86,No,Basic,0,Bachelor,2,1/17/2011,Employed,1,M,52549,Divorced,2,14,65,0,1,Personal Auto,0,Personal L1,0,3,Agent,2,Medsize,1,0
PZ10136,Oregon,3328.58,No,Basic,0,Master,3,1/17/2011,Employed,1,M,69715,Single,0,11,108,1,1,Personal Auto,0,Personal L3,2,1,Agent,2,Medsize,1,0
CJ72056,California,10818.76,No,Basic,0,Bachelor,2,1/17/2011,Employed,1,M,88609,Married,1,20,97,0,2,Personal Auto,0,Personal L2,1,2,Call Center,3,Medsize,1,0
AA69265,Nevada,5352.39,No,Premium,2,Bachelor,2,1/17/2011,Employed,1,F,82103,Single,0,4,107,1,1,Personal Auto,0,Personal L2,1,2,Web,0,Medsize,1,0
SY48591,Arizona,6517.5,No,Basic,0,College,1,1/17/2011,Unemployed,0,F,0,Single,0,39,123,0,6,Personal Auto,0,Personal L3,2,1,Branch,1,Medsize,1,0
FW53453,California,10576.1,No,Extended,1,Master,3,1/17/2011,Employed,1,F,48727,Married,1,38,68,1,5,Personal Auto,0,Personal L1,0,2,Branch,1,Medsize,1,0
QY41319,Oregon,5955.74,No,Basic,0,College,1,1/17/2011,Unemployed,0,M,0,Single,0,27,119,0,6,Personal Auto,0,Personal L3,2,1,Call Center,3,Medsize,1,0
LR43989,Oregon,6591.09,No,Basic,0,High School or Below,0,1/17/2011,Medical Leave,2,F,26615,Married,1,34,15,4,5,Personal Auto,0,Personal L3,2,1,Web,0,Small,0,0
GB20532,Arizona,4065.22,No,Extended,1,High School or Below,0,1/17/2011,Unemployed,0,M,0,Single,0,24,55,0,1,Personal Auto,0,Personal L3,2,1,Web,0,Medsize,1,0
QA50777,Oregon,12183.84,No,Premium,2,Bachelor,2,1/17/2011,Medical Leave,2,F,31961,Married,1,5,42,0,7,Personal Auto,0,Personal L2,1,1,Branch,1,Medsize,1,0
AK46006,Oregon,48995.75,No,Extended,1,Bachelor,2,1/17/2011,Medical Leave,2,M,24363,Married,1,7,68,0,2,Personal Auto,0,Personal L1,0,1,Call Center,3,Medsize,1,1
LH52773,California,31078.2,No,Basic,0,High School or Below,0,1/17/2011,Employed,1,F,131571,Married,1,27,84,0,2,Personal Auto,0,Personal L3,2,4,Branch,1,Medsize,1,0
OG17838,Washington,4791.17,No,Extended,1,High School or Below,0,1/17/2011,Employed,1,M,48827,Divorced,2,22,19,0,1,Personal Auto,0,Personal L3,2,3,Agent,2,Medsize,1,0
RT23641,Oregon,6970.36,No,Extended,1,High School or Below,0,1/17/2011,Employed,1,F,48029,Married,1,1,8,0,1,Personal Auto,0,Personal L3,2,1,Branch,1,Medsize,1,0
No34698,Oregon,5420.71,No,Basic,0,Bachelor,2,1/17/2011,Employed,1,M,108074,Married,1,41,112,0,1,Corporate Auto,1,Corporate L2,4,1,Branch,1,Medsize,1,0
MM67983,Oregon,6667.51,No,Basic,0,Bachelor,2,1/17/2011,Employed,1,M,49833,Married,1,30,50,0,9,Personal Auto,0,Personal L1,0,2,Branch,1,Medsize,1,0
QZ56257,Washington,17578.47,No,Extended,1,High School or Below,0,1/17/2011,Unemployed,0,F,0,Single,0,35,54,5,7,Personal Auto,0,Personal L2,1,1,Call Center,3,Medsize,1,1
KS72802,Oregon,5087.3,No,Extended,1,Master,3,1/17/2011,Employed,1,F,115764,Married,1,8,4,0,1,Corporate Auto,1,Corporate L3,5,2,Agent,2,Medsize,1,0
MX89333,Arizona,3448.16,No,Basic,0,Bachelor,2,1/17/2011,Unemployed,0,M,0,Married,1,22,65,2,1,Personal Auto,0,Personal L1,0,1,Branch,1,Large,2,0
AH55475,Arizona,44621.91,No,Extended,1,College,1,1/17/2011,Employed,1,M,59732,Married,1,1,24,3,2,Personal Auto,0,Personal L2,1,1,Web,0,Small,0,0
VF57165,California,21946.69,No,Extended,1,High School or Below,0,1/17/2011,Employed,1,F,28628,Married,1,16,12,0,2,Corporate Auto,1,Corporate L1,3,3,Branch,1,Medsize,1,0
IT37924,Oregon,13166.14,No,Extended,1,College,1,1/17/2011,Employed,1,F,50416,Married,1,36,16,0,2,Personal Auto,0,Personal L3,2,4,Agent,2,Medsize,1,0
LH85364,Oregon,35122.31,No,Extended,1,High School or Below,0,1/17/2011,Employed,1,F,59295,Single,0,3,58,0,2,Personal Auto,0,Personal L3,2,1,Branch,1,Large,2,0
OA46321,Oregon,20941.54,No,Basic,0,College,1,1/17/2011,Employed,1,M,74025,Married,1,30,124,3,3,Corporate Auto,1,Corporate L3,5,3,Agent,2,Large,2,1
TV34024,Oregon,5546.15,No,Basic,0,High School or Below,0,1/17/2011,Unemployed,0,M,0,Single,0,9,122,0,1,Personal Auto,0,Personal L3,2,1,Web,0,Large,2,1
HB48518,Nevada,5253.58,No,Basic,0,College,1,1/17/2011,Employed,1,M,42402,Married,1,19,53,0,1,Corporate Auto,1,Corporate L2,4,4,Agent,2,Medsize,1,0
NU61528,Washington,4082.25,No,Extended,1,Doctor,4,1/17/2011,Disabled,4,M,38317,Single,0,15,27,0,1,Personal Auto,0,Personal L2,1,1,Branch,1,Medsize,1,0
LB19360,Nevada,5630.43,Yes,Basic,0,Master,3,1/17/2011,Employed,1,F,39774,Single,0,38,31,1,1,Personal Auto,0,Personal L1,0,2,Branch,1,Large,2,0
ZT72561,Arizona,8326.6,No,Premium,2,High School or Below,0,1/17/2011,Employed,1,M,36840,Married,1,5,105,2,1,Personal Auto,0,Personal L3,2,2,Agent,2,Medsize,1,1
VK42108,Washington,24381.65,No,Basic,0,Bachelor,2,1/17/2011,Employed,1,F,78141,Single,0,1,82,0,2,Corporate Auto,1,Corporate L3,5,1,Web,0,Medsize,1,0
FE24232,Nevada,6385.46,No,Extended,1,High School or Below,0,1/17/2011,Unemployed,0,F,0,Married,1,18,42,0,1,Corporate Auto,1,Corporate L1,3,2,Web,0,Medsize,1,0
HF82396,Oregon,19478.97,No,Basic,0,High School or Below,0,1/17/2011,Unemployed,0,F,0,Single,0,3,111,0,2,Personal Auto,0,Personal L1,0,1,Branch,1,Small,0,0
AD95939,California,35790.67,No,Extended,1,Bachelor,2,1/17/2011,Employed,1,M,38844,Single,0,19,97,0,2,Personal Auto,0,Personal L1,0,4,Web,0,Medsize,1,1
QH60569,California,16139.78,No,Extended,1,College,1,1/17/2011,Employed,1,F,96642,Married,1,1,100,0,2,Personal Auto,0,Personal L3,2,1,Agent,2,Medsize,1,0
RS53995,California,10165.32,No,Basic,0,College,1,1/17/2011,Employed,1,M,71245,Married,1,22,35,4,2,Corporate Auto,1,Corporate L1,3,2,Web,0,Large,2,0
PZ81131,California,5631.26,No,Basic,0,Bachelor,2,1/17/2011,Employed,1,F,49576,Married,1,18,24,1,1,Personal Auto,0,Personal L3,2,2,Agent,2,Medsize,1,0
IP87756,Washington,5604.59,No,Extended,1,High School or Below,0,1/17/2011,Unemployed,0,M,0,Single,0,31,86,0,1,Personal Auto,0,Personal L2,1,1,Branch,1,Small,0,1
UX18122,Washington,4982.44,No,Extended,1,Bachelor,2,1/17/2011,Employed,1,F,79672,Married,1,4,88,0,1,Corporate Auto,1,Corporate L1,3,2,Web,0,Medsize,1,0
UZ97486,California,22922.73,Yes,Basic,0,Bachelor,2,1/17/2011,Employed,1,M,47378,Divorced,2,34,76,0,2,Corporate Auto,1,Corporate L2,4,2,Call Center,3,Small,0,0
FB95288,California,87235.32,No,Extended,1,High School or Below,0,1/17/2011,Unemployed,0,M,0,Married,1,19,54,1,2,Personal Auto,0,Personal L3,2,1,Branch,1,Small,0,1
KE35335,Washington,4833.35,No,Extended,1,College,1,1/17/2011,Employed,1,F,101700,Married,1,20,59,1,1,Personal Auto,0,Personal L1,0,2,Web,0,Small,0,0
GZ90429,California,7892.25,No,Premium,2,High School or Below,0,1/17/2011,Employed,1,M,116041,Married,1,0,115,0,1,Corporate Auto,1,Corporate L2,4,1,Call Center,3,Small,0,0
QW31435,Oregon,9708.97,No,Basic,0,High School or Below,0,1/17/2011,Unemployed,0,M,0,Married,1,12,73,0,2,Personal Auto,0,Personal L3,2,3,Branch,1,Medsize,1,0
DJ22229,Washington,18574.85,No,Extended,1,Bachelor,2,1/17/2011,Retired,3,F,22672,Single,0,9,42,0,2,Personal Auto,0,Personal L3,2,1,Branch,1,Medsize,1,0
XJ96507,Arizona,11193.74,No,Basic,0,High School or Below,0,1/17/2011,Employed,1,F,114928,Married,1,0,81,5,3,Personal Auto,0,Personal L2,1,1,Web,0,Medsize,1,0
KB20508,California,14618.3,No,Extended,1,College,1,1/17/2011,Medical Leave,2,M,14895,Married,1,36,24,0,2,Special Auto,2,Special L1,6,1,Branch,1,Large,2,0
KE45653,California,6387.99,No,Basic,0,Bachelor,2,1/17/2011,Unemployed,0,F,0,Single,0,19,124,0,7,Personal Auto,0,Personal L1,0,3,Web,0,Medsize,1,0
QT77453,Arizona,7132.54,No,Extended,1,High School or Below,0,1/17/2011,Employed,1,F,109253,Divorced,2,35,36,0,1,Corporate Auto,1,Corporate L1,3,1,Agent,2,Medsize,1,0
BA51898,Arizona,6103.61,No,Basic,0,Bachelor,2,1/17/2011,Employed,1,M,53225,Married,1,45,16,0,1,Special Auto,2,Special L3,8,3,Branch,1,Medsize,1,0
VH35998,California,12915.23,No,Extended,1,Doctor,4,1/17/2011,Employed,1,M,72056,Married,1,27,124,0,2,Personal Auto,0,Personal L1,0,4,Agent,2,Medsize,1,0
UR42360,California,22922.73,Yes,Basic,0,Bachelor,2,1/17/2011,Employed,1,M,47378,Divorced,2,34,76,0,2,Personal Auto,0,Personal L1,0,2,Call Center,3,Small,0,0
XS76166,Oregon,4381.4,No,Extended,1,College,1,1/17/2011,Employed,1,F,48049,Married,1,46,51,0,1,Personal Auto,0,Personal L3,2,4,Call Center,3,Small,0,0
QQ69088,Washington,7529.85,No,Basic,0,Doctor,4,1/17/2011,Disabled,4,M,14981,Married,1,35,68,0,4,Corporate Auto,1,Corporate L3,5,3,Web,0,Small,0,0
DU39756,Nevada,5630.43,Yes,Basic,0,Master,3,1/17/2011,Employed,1,F,39774,Single,0,38,31,1,1,Corporate Auto,1,Corporate L2,4,2,Branch,1,Large,2,0
BP35803,California,4624.74,No,Extended,1,College,1,1/17/2011,Employed,1,F,39412,Single,0,38,42,0,1,Personal Auto,0,Personal L3,2,2,Agent,2,Medsize,1,0
QN67807,Arizona,7273,No,Basic,0,Bachelor,2,1/17/2011,Employed,1,M,131377,Married,1,18,24,0,7,Personal Auto,0,Personal L3,2,2,Branch,1,Large,2,0
AK11669,Arizona,13676.76,No,Extended,1,Doctor,4,1/17/2011,Employed,1,F,79963,Divorced,2,8,101,0,2,Corporate Auto,1,Corporate L3,5,3,Branch,1,Medsize,1,0
OR28030,California,22922.73,Yes,Basic,0,Bachelor,2,1/17/2011,Employed,1,M,47378,Divorced,2,34,76,0,2,Corporate Auto,1,Corporate L3,5,2,Call Center,3,Small,0,0
AF20716,Oregon,3279.66,No,Basic,0,Bachelor,2,1/17/2011,Employed,1,M,100225,Married,1,28,77,0,1,Personal Auto,0,Personal L3,2,2,Agent,2,Medsize,1,0
UH86550,Oregon,5639.34,No,Premium,2,College,1,1/17/2011,Employed,1,F,59700,Married,1,26,4,0,1,Personal Auto,0,Personal L2,1,3,Branch,1,Medsize,1,0
ZO54248,California,4171.68,No,Extended,1,High School or Below,0,1/17/2011,Employed,1,F,32360,Married,1,18,26,0,1,Personal Auto,0,Personal L2,1,2,Call Center,3,Medsize,1,0
JI93499,California,9003.4,No,Basic,0,High School or Below,0,1/17/2011,Unemployed,0,M,0,Married,1,41,7,1,2,Corporate Auto,1,Corporate L1,3,3,Agent,2,Medsize,1,0
DW20514,California,11391.93,No,Basic,0,College,1,1/17/2011,Disabled,4,M,34478,Married,1,20,85,0,3,Personal Auto,0,Personal L3,2,1,Web,0,Small,0,0
ED80746,California,10025.72,No,Extended,1,Bachelor,2,1/17/2011,Medical Leave,2,M,26506,Married,1,39,120,0,6,Corporate Auto,1,Corporate L3,5,1,Branch,1,Small,0,0
JT27173,California,5372.03,No,Basic,0,College,1,1/17/2011,Employed,1,M,57555,Married,1,5,39,0,1,Corporate Auto,1,Corporate L2,4,1,Agent,2,Medsize,1,0
FP66891,California,2941,No,Basic,0,Bachelor,2,1/17/2011,Unemployed,0,M,0,Single,0,24,85,0,1,Personal Auto,0,Personal L1,0,1,Agent,2,Large,2,0
UF88512,California,10047.47,No,Extended,1,Bachelor,2,1/17/2011,Employed,1,M,77648,Single,0,19,82,0,8,Corporate Auto,1,Corporate L3,5,2,Web,0,Medsize,1,0
ZG54759,California,3829.96,No,Basic,0,College,1,1/17/2011,Employed,1,F,55901,Divorced,2,5,120,1,1,Corporate Auto,1,Corporate L2,4,1,Branch,1,Medsize,1,0
BB10681,California,5589.88,No,Extended,1,College,1,1/17/2011,Unemployed,0,F,0,Divorced,2,7,47,2,1,Corporate Auto,1,Corporate L3,5,1,Branch,1,Medsize,1,0
IL66569,California,7268.98,No,Basic,0,College,1,1/18/2011,Employed,1,M,112980,Single,0,28,14,2,8,Corporate Auto,1,Corporate L3,5,4,Call Center,3,Medsize,1,0
AO98601,Washington,6775.5,No,Basic,0,Bachelor,2,1/18/2011,Employed,1,M,73575,Married,1,38,23,0,6,Corporate Auto,1,Corporate L2,4,1,Agent,2,Small,0,0
QG25316,Nevada,3580.28,No,Basic,0,High School or Below,0,1/18/2011,Unemployed,0,F,0,Married,1,9,1,1,1,Corporate Auto,1,Corporate L3,5,3,Call Center,3,Medsize,1,0
SH90947,Arizona,3097.55,No,Basic,0,High School or Below,0,1/18/2011,Unemployed,0,F,0,Married,1,15,76,0,1,Personal Auto,0,Personal L2,1,4,Branch,1,Medsize,1,0
BN87372,Oregon,6715.98,Yes,Basic,0,Bachelor,2,1/18/2011,Employed,1,M,102119,Divorced,2,7,92,3,9,Personal Auto,0,Personal L3,2,2,Branch,1,Medsize,1,0
ZU18643,Nevada,4942.04,No,Extended,1,Bachelor,2,1/18/2011,Employed,1,M,87068,Married,1,46,41,0,1,Corporate Auto,1,Corporate L2,4,4,Web,0,Medsize,1,0
BE10809,California,5737.88,Yes,Basic,0,High School or Below,0,1/18/2011,Unemployed,0,F,0,Single,0,23,1,1,7,Personal Auto,0,Personal L1,0,1,Agent,2,Small,0,0
ZX64745,California,10696.23,No,Basic,0,College,1,1/18/2011,Unemployed,0,M,0,Single,0,27,1,0,7,Personal Auto,0,Personal L2,1,1,Agent,2,Medsize,1,1
ID20929,Oregon,3721.87,No,Basic,0,Bachelor,2,1/18/2011,Medical Leave,2,M,40400,Divorced,2,34,46,0,1,Corporate Auto,1,Corporate L1,3,1,Branch,1,Medsize,1,0
RM41745,California,11176.36,No,Premium,2,High School or Below,0,1/18/2011,Unemployed,0,F,0,Married,1,27,89,0,7,Personal Auto,0,Personal L3,2,1,Agent,2,Medsize,1,1
QT25383,Nevada,8592.62,No,Extended,1,High School or Below,0,1/18/2011,Employed,1,M,56681,Single,0,34,42,2,5,Personal Auto,0,Personal L3,2,1,Branch,1,Small,0,0
KI19439,Oregon,7030.32,No,Basic,0,High School or Below,0,1/18/2011,Employed,1,F,29635,Married,1,27,42,0,6,Personal Auto,0,Personal L1,0,4,Branch,1,Small,0,0
OR40060,Arizona,4486.17,No,Extended,1,Bachelor,2,1/18/2011,Employed,1,M,95054,Married,1,34,18,0,1,Personal Auto,0,Personal L3,2,2,Web,0,Medsize,1,0
DK32872,Nevada,7066.35,No,Extended,1,High School or Below,0,1/18/2011,Employed,1,F,90392,Married,1,42,5,1,1,Personal Auto,0,Personal L1,0,2,Web,0,Medsize,1,0
BZ65376,Arizona,11584.73,No,Extended,1,Bachelor,2,1/18/2011,Medical Leave,2,M,37380,Married,1,0,97,2,1,Personal Auto,0,Personal L2,1,2,Web,0,Medsize,1,1
ET64028,California,5416.63,No,Extended,1,High School or Below,0,1/18/2011,Employed,1,F,63748,Married,1,11,107,0,1,Personal Auto,0,Personal L2,1,1,Agent,2,Large,2,0
OD18225,California,8952.75,No,Extended,1,College,1,1/18/2011,Employed,1,M,44439,Married,1,45,93,0,3,Personal Auto,0,Personal L2,1,3,Agent,2,Medsize,1,0
BS13111,Arizona,8951.63,No,Basic,0,Bachelor,2,1/18/2011,Unemployed,0,M,0,Divorced,2,27,72,0,2,Personal Auto,0,Personal L3,2,1,Branch,1,Medsize,1,0
HL63895,Arizona,9858.75,No,Basic,0,Master,3,1/18/2011,Employed,1,M,41164,Married,1,43,92,0,2,Personal Auto,0,Personal L3,2,1,Branch,1,Medsize,1,0
TJ48439,Oregon,3133.42,No,Basic,0,College,1,1/18/2011,Unemployed,0,F,0,Single,0,0,14,0,1,Personal Auto,0,Personal L1,0,3,Branch,1,Small,0,0
IB42395,Nevada,12897.11,No,Premium,2,College,1,1/18/2011,Unemployed,0,M,0,Single,0,27,19,0,4,Corporate Auto,1,Corporate L3,5,1,Agent,2,Medsize,1,1
KH34667,Nevada,9223.38,No,Extended,1,College,1,1/18/2011,Employed,1,M,68137,Married,1,8,90,0,3,Corporate Auto,1,Corporate L3,5,2,Web,0,Medsize,1,0
JI25066,Arizona,6653.34,No,Basic,0,Bachelor,2,1/18/2011,Employed,1,F,83410,Married,1,42,63,0,5,Personal Auto,0,Personal L3,2,3,Web,0,Large,2,0
ZE76673,Oregon,14812.29,Yes,Extended,1,Doctor,4,1/18/2011,Employed,1,M,32621,Divorced,2,3,54,0,5,Personal Auto,0,Personal L1,0,2,Agent,2,Medsize,1,0
ER65086,Nevada,8277.75,No,Extended,1,Doctor,4,1/18/2011,Employed,1,M,122550,Married,1,42,39,0,7,Personal Auto,0,Personal L3,2,3,Branch,1,Medsize,1,0
KC67431,California,14198.16,No,Extended,1,College,1,1/18/2011,Employed,1,F,63054,Married,1,9,12,0,8,Personal Auto,0,Personal L2,1,3,Branch,1,Medsize,1,0
IP68868,Oregon,5156.49,No,Premium,2,High School or Below,0,1/18/2011,Unemployed,0,M,0,Single,0,39,103,0,1,Personal Auto,0,Personal L2,1,1,Branch,1,Small,0,1
MY32149,California,4977.08,No,Extended,1,Master,3,1/18/2011,Unemployed,0,F,0,Married,1,3,119,0,1,Personal Auto,0,Personal L2,1,1,Agent,2,Medsize,1,0
NJ11986,Arizona,6015.62,No,Premium,2,Master,3,1/18/2011,Employed,1,F,39893,Single,0,22,95,1,1,Corporate Auto,1,Corporate L3,5,1,Web,0,Medsize,1,0
YW11227,California,7189.28,No,Basic,0,Bachelor,2,1/18/2011,Employed,1,M,84335,Married,1,46,113,0,4,Personal Auto,0,Personal L3,2,3,Agent,2,Medsize,1,0
TM28833,Oregon,3073.13,No,Basic,0,College,1,1/18/2011,Unemployed,0,M,0,Single,0,46,18,1,1,Personal Auto,0,Personal L3,2,4,Call Center,3,Small,0,0
DS34823,Arizona,5737.88,Yes,Basic,0,High School or Below,0,1/18/2011,Unemployed,0,F,0,Single,0,23,1,1,7,Personal Auto,0,Personal L2,1,1,Agent,2,Small,0,0
RR39751,California,4821.32,No,Extended,1,Bachelor,2,1/18/2011,Unemployed,0,F,0,Married,1,26,41,0,1,Personal Auto,0,Personal L3,2,1,Branch,1,Medsize,1,0
ZL45417,California,4680.89,No,Extended,1,High School or Below,0,1/18/2011,Unemployed,0,F,0,Single,0,3,72,0,1,Personal Auto,0,Personal L3,2,3,Agent,2,Small,0,1
AZ68184,Washington,12188.22,No,Basic,0,High School or Below,0,1/18/2011,Employed,1,M,103294,Married,1,26,0,0,3,Personal Auto,0,Personal L3,2,4,Agent,2,Medsize,1,0
YK93229,Oregon,4402.01,No,Extended,1,High School or Below,0,1/18/2011,Unemployed,0,M,0,Married,1,11,45,0,1,Personal Auto,0,Personal L3,2,2,Call Center,3,Medsize,1,0
CQ72935,Arizona,6715.98,Yes,Basic,0,Bachelor,2,1/18/2011,Employed,1,M,102119,Divorced,2,7,92,3,9,Personal Auto,0,Personal L3,2,2,Branch,1,Medsize,1,0
TZ81094,Nevada,3202.41,No,Basic,0,High School or Below,0,1/18/2011,Medical Leave,2,F,25691,Married,1,9,30,0,1,Corporate Auto,1,Corporate L3,5,3,Branch,1,Medsize,1,0
WY38315,California,4845.05,No,Basic,0,College,1,1/18/2011,Unemployed,0,M,0,Single,0,27,69,0,1,Personal Auto,0,Personal L2,1,3,Agent,2,Medsize,1,1
SL71998,Oregon,3776.98,No,Basic,0,College,1,1/18/2011,Employed,1,M,85351,Married,1,4,97,0,1,Personal Auto,0,Personal L1,0,3,Web,0,Small,0,0
DY57308,California,11927.46,No,Basic,0,Bachelor,2,1/18/2011,Employed,1,F,30204,Married,1,15,80,0,8,Personal Auto,0,Personal L1,0,1,Branch,1,Small,0,0
SZ14518,California,10933.61,No,Basic,0,College,1,1/18/2011,Unemployed,0,F,0,Divorced,2,20,61,0,2,Personal Auto,0,Personal L3,2,3,Call Center,3,Medsize,1,0
MA83261,Arizona,3760.31,No,Basic,0,High School or Below,0,1/18/2011,Employed,1,M,89610,Divorced,2,27,82,0,1,Corporate Auto,1,Corporate L3,5,2,Call Center,3,Medsize,1,0
JG61793,Washington,4112.44,No,Extended,1,High School or Below,0,1/18/2011,Unemployed,0,M,0,Single,0,5,58,2,1,Personal Auto,0,Personal L1,0,1,Branch,1,Small,0,0
YB96664,Washington,6715.98,Yes,Basic,0,Bachelor,2,1/18/2011,Employed,1,M,102119,Divorced,2,7,92,3,9,Corporate Auto,1,Corporate L3,5,2,Branch,1,Medsize,1,0
DV36320,California,24294.42,No,Extended,1,High School or Below,0,1/18/2011,Employed,1,F,109338,Married,1,7,76,0,4,Personal Auto,0,Personal L3,2,4,Branch,1,Medsize,1,1
HU26687,California,3813.55,No,Basic,0,Bachelor,2,1/18/2011,Employed,1,M,64811,Married,1,45,74,4,1,Personal Auto,0,Personal L3,2,2,Branch,1,Medsize,1,0
LV89056,California,4229.57,No,Extended,1,Bachelor,2,1/18/2011,Unemployed,0,F,0,Single,0,9,19,1,1,Personal Auto,0,Personal L2,1,1,Call Center,3,Medsize,1,0
KA95976,California,7279.88,No,Basic,0,High School or Below,0,1/18/2011,Employed,1,F,108743,Married,1,22,90,3,7,Personal Auto,0,Personal L3,2,1,Branch,1,Medsize,1,0
SE30128,California,6523.36,No,Extended,1,High School or Below,0,1/18/2011,Unemployed,0,M,0,Single,0,8,12,0,1,Personal Auto,0,Personal L2,1,1,Call Center,3,Medsize,1,1
IR45546,Oregon,14215.3,No,Extended,1,Bachelor,2,1/18/2011,Employed,1,F,50649,Married,1,47,123,0,6,Special Auto,2,Special L3,8,1,Branch,1,Medsize,1,0
LA79102,California,10311.9,No,Extended,1,Doctor,4,1/18/2011,Employed,1,F,89243,Married,1,14,34,1,4,Personal Auto,0,Personal L3,2,3,Agent,2,Small,0,0
ZL37444,California,14812.29,Yes,Extended,1,Doctor,4,1/18/2011,Employed,1,M,32621,Divorced,2,3,54,0,5,Personal Auto,0,Personal L3,2,2,Agent,2,Medsize,1,0
ED90879,Nevada,9889.99,No,Premium,2,Bachelor,2,1/18/2011,Employed,1,M,28022,Single,0,8,100,3,9,Corporate Auto,1,Corporate L3,5,1,Agent,2,Medsize,1,0
LA52988,Oregon,5595.57,No,Basic,0,High School or Below,0,1/18/2011,Employed,1,F,87045,Married,1,41,124,0,1,Personal Auto,0,Personal L3,2,2,Branch,1,Medsize,1,0
JD78271,Nevada,11228.36,No,Basic,0,College,1,1/18/2011,Employed,1,F,86895,Married,1,3,19,0,9,Personal Auto,0,Personal L2,1,3,Call Center,3,Medsize,1,0
RQ88363,California,6959.96,No,Basic,0,College,1,1/18/2011,Employed,1,F,105107,Married,1,0,134,0,9,Personal Auto,0,Personal L3,2,1,Agent,2,Small,0,0
FG64765,Arizona,6772.35,No,Basic,0,Bachelor,2,1/18/2011,Employed,1,M,49023,Single,0,4,51,2,9,Personal Auto,0,Personal L2,1,1,Agent,2,Medsize,1,0
QT39025,Arizona,6186.91,No,Basic,0,Bachelor,2,1/18/2011,Employed,1,F,90438,Married,1,1,96,0,1,Personal Auto,0,Personal L3,2,2,Branch,1,Medsize,1,0
YF16441,California,37786.87,No,Extended,1,Bachelor,2,1/18/2011,Employed,1,F,92263,Single,0,27,105,0,2,Personal Auto,0,Personal L2,1,2,Call Center,3,Medsize,1,0
YZ38778,Oregon,5169.27,No,Extended,1,Master,3,1/18/2011,Employed,1,M,100946,Divorced,2,24,47,0,1,Personal Auto,0,Personal L1,0,2,Web,0,Small,0,0
MK32733,California,12308.55,No,Extended,1,Bachelor,2,1/18/2011,Unemployed,0,M,0,Married,1,39,82,0,3,Corporate Auto,1,Corporate L3,5,1,Branch,1,Medsize,1,0
AI16519,Nevada,6584.78,No,Basic,0,High School or Below,0,1/18/2011,Unemployed,0,M,0,Married,1,5,41,0,5,Personal Auto,0,Personal L3,2,2,Agent,2,Medsize,1,0
XJ60303,California,18099.34,No,Premium,2,Bachelor,2,1/18/2011,Employed,1,F,33815,Married,1,0,15,0,5,Personal Auto,0,Personal L1,0,1,Agent,2,Medsize,1,1
EZ51276,Arizona,9613.46,No,Extended,1,College,1,1/18/2011,Unemployed,0,F,0,Married,1,38,84,0,4,Personal Auto,0,Personal L1,0,1,Agent,2,Medsize,1,0
BQ41371,Oregon,7595.82,No,Basic,0,Bachelor,2,1/18/2011,Employed,1,F,63311,Married,1,22,63,0,3,Personal Auto,0,Personal L2,1,4,Branch,1,Small,0,0
FY70464,Oregon,9744.52,No,Premium,2,Bachelor,2,1/18/2011,Employed,1,F,128328,Married,1,15,122,0,1,Personal Auto,0,Personal L3,2,2,Agent,2,Small,0,0
YV40022,California,13240.57,No,Extended,1,College,1,1/18/2011,Unemployed,0,F,0,Married,1,24,65,0,4,Personal Auto,0,Personal L3,2,1,Branch,1,Medsize,1,1
TY22591,Washington,10562.9,No,Basic,0,College,1,1/18/2011,Employed,1,M,44311,Married,1,1,49,0,8,Personal Auto,0,Personal L3,2,2,Agent,2,Medsize,1,0
QP77560,California,6782.44,No,Basic,0,High School or Below,0,1/18/2011,Employed,1,F,123664,Married,1,24,50,5,8,Personal Auto,0,Personal L2,1,2,Web,0,Large,2,0
NB98740,California,3813.32,No,Basic,0,High School or Below,0,1/18/2011,Employed,1,F,111881,Married,1,7,27,0,1,Personal Auto,0,Personal L3,2,2,Call Center,3,Small,0,0
SU41739,California,11783.42,No,Extended,1,College,1,1/18/2011,Unemployed,0,M,0,Married,1,31,41,0,7,Personal Auto,0,Personal L3,2,1,Branch,1,Small,0,0
CV44550,Arizona,10204.93,No,Premium,2,College,1,1/18/2011,Unemployed,0,M,0,Single,0,45,78,1,3,Corporate Auto,1,Corporate L3,5,1,Call Center,3,Small,0,1
ID15010,Oregon,14812.29,Yes,Extended,1,Doctor,4,1/18/2011,Employed,1,M,32621,Divorced,2,3,54,0,5,Personal Auto,0,Personal L3,2,2,Agent,2,Medsize,1,0
CY59740,California,3502.99,No,Basic,0,High School or Below,0,1/18/2011,Unemployed,0,M,0,Married,1,11,46,0,1,Corporate Auto,1,Corporate L2,4,2,Branch,1,Small,0,0
AY99324,Oregon,8849.74,No,Extended,1,College,1,1/18/2011,Disabled,4,M,29502,Married,1,14,3,0,5,Personal Auto,0,Personal L2,1,3,Agent,2,Medsize,1,0
YV23210,Oregon,10019.95,No,Basic,0,High School or Below,0,1/18/2011,Employed,1,M,31883,Married,1,0,63,0,1,Personal Auto,0,Personal L1,0,3,Agent,2,Small,0,1
BP74289,Oregon,9829.68,No,Basic,0,College,1,1/18/2011,Unemployed,0,M,0,Divorced,2,16,58,0,3,Personal Auto,0,Personal L3,2,2,Call Center,3,Medsize,1,0
XW18691,Washington,10465.1,No,Premium,2,Doctor,4,1/18/2011,Employed,1,M,91512,Married,1,12,99,0,1,Personal Auto,0,Personal L3,2,4,Web,0,Medsize,1,0
TU47984,Arizona,5039.6,No,Extended,1,College,1,1/18/2011,Employed,1,F,29082,Single,0,18,28,0,1,Personal Auto,0,Personal L2,1,2,Agent,2,Medsize,1,0
KQ49890,Oregon,7998.3,No,Basic,0,High School or Below,0,1/18/2011,Employed,1,M,105822,Married,1,7,1,0,6,Corporate Auto,1,Corporate L3,5,2,Agent,2,Medsize,1,0
OW20992,California,3120.01,No,Basic,0,High School or Below,0,1/18/2011,Unemployed,0,M,0,Single,0,0,61,0,1,Personal Auto,0,Personal L2,1,2,Web,0,Medsize,1,0
FX67699,Oregon,5737.88,Yes,Basic,0,High School or Below,0,1/18/2011,Unemployed,0,F,0,Single,0,23,1,1,7,Corporate Auto,1,Corporate L3,5,1,Agent,2,Small,0,0
VX85673,Arizona,5737.88,Yes,Basic,0,High School or Below,0,1/18/2011,Unemployed,0,F,0,Single,0,23,1,1,7,Personal Auto,0,Personal L3,2,1,Agent,2,Small,0,0
LT41574,Oregon,3727.29,No,Basic,0,Bachelor,2,1/18/2011,Employed,1,F,46868,Married,1,9,45,2,1,Special Auto,2,Special L2,7,1,Web,0,Medsize,1,0
TB71474,Nevada,4240.8,No,Extended,1,College,1,1/18/2011,Employed,1,F,32426,Married,1,19,36,0,1,Personal Auto,0,Personal L3,2,3,Branch,1,Medsize,1,0
FG15434,Arizona,7499.02,No,Basic,0,Master,3,1/18/2011,Employed,1,F,71528,Married,1,16,109,0,5,Personal Auto,0,Personal L2,1,1,Web,0,Medsize,1,0
PL44132,Arizona,4133.43,No,Extended,1,College,1,1/18/2011,Employed,1,M,119289,Single,0,12,85,0,1,Personal Auto,0,Personal L1,0,2,Call Center,3,Medsize,1,0
MM97107,Oregon,43395.28,No,Premium,2,High School or Below,0,1/18/2011,Medical Leave,2,M,25739,Married,1,7,82,0,2,Personal Auto,0,Personal L2,1,1,Agent,2,Medsize,1,0
QA45054,Arizona,12058.63,No,Basic,0,High School or Below,0,1/18/2011,Employed,1,F,82227,Married,1,11,127,0,5,Personal Auto,0,Personal L2,1,3,Agent,2,Small,0,0
WE38399,California,6715.98,Yes,Basic,0,Bachelor,2,1/18/2011,Employed,1,M,102119,Divorced,2,7,92,3,9,Personal Auto,0,Personal L1,0,2,Branch,1,Medsize,1,0
NG62780,Oregon,5737.88,Yes,Basic,0,High School or Below,0,1/18/2011,Unemployed,0,F,0,Single,0,23,1,1,7,Personal Auto,0,Personal L2,1,1,Agent,2,Small,0,0
HE20556,Arizona,7187.92,No,Basic,0,Bachelor,2,1/18/2011,Employed,1,F,42607,Divorced,2,11,84,0,7,Personal Auto,0,Personal L3,2,3,Web,0,Medsize,1,0
ZI95657,California,14812.29,Yes,Extended,1,Doctor,4,1/18/2011,Employed,1,M,32621,Divorced,2,3,54,0,5,Personal Auto,0,Personal L3,2,2,Agent,2,Medsize,1,0
SZ17657,Oregon,12167.44,No,Basic,0,College,1,1/18/2011,Employed,1,F,91584,Married,1,46,76,0,5,Personal Auto,0,Personal L3,2,2,Web,0,Small,0,0
XD82117,Arizona,11712.59,No,Basic,0,College,1,1/18/2011,Employed,1,F,89010,Married,1,31,22,0,5,Personal Auto,0,Personal L2,1,3,Call Center,3,Medsize,1,0
QZ70160,Nevada,3235.51,No,Basic,0,College,1,1/18/2011,Medical Leave,2,F,35400,Married,1,31,24,0,1,Personal Auto,0,Personal L2,1,1,Branch,1,Medsize,1,0
RS66246,California,3973.11,No,Extended,1,High School or Below,0,1/18/2011,Unemployed,0,F,0,Single,0,35,31,0,1,Personal Auto,0,Personal L3,2,4,Branch,1,Large,2,0
FF93355,Washington,17912.87,No,Premium,2,High School or Below,0,1/18/2011,Employed,1,M,44229,Married,1,35,100,0,2,Corporate Auto,1,Corporate L3,5,1,Call Center,3,Medsize,1,0
YI83073,California,5737.88,Yes,Basic,0,High School or Below,0,1/18/2011,Unemployed,0,F,0,Single,0,23,1,1,7,Personal Auto,0,Personal L3,2,1,Agent,2,Small,0,0
XS68865,Oregon,8317.35,No,Extended,1,College,1,1/18/2011,Employed,1,M,130934,Single,0,1,81,0,3,Personal Auto,0,Personal L2,1,1,Agent,2,Medsize,1,0
VZ13840,Arizona,9383.22,No,Basic,0,High School or Below,0,1/18/2011,Unemployed,0,M,0,Married,1,36,122,0,2,Corporate Auto,1,Corporate L3,5,3,Call Center,3,Medsize,1,0
UA26783,Oregon,6580,No,Basic,0,High School or Below,0,1/18/2011,Unemployed,0,M,0,Single,0,14,49,0,7,Personal Auto,0,Personal L3,2,4,Call Center,3,Medsize,1,0
WG61503,Arizona,11464.01,No,Basic,0,Master,3,1/18/2011,Employed,1,M,37504,Married,1,45,9,0,2,Corporate Auto,1,Corporate L2,4,3,Agent,2,Medsize,1,0
HI58196,Oregon,4267.58,No,Extended,1,College,1,1/18/2011,Unemployed,0,M,0,Single,0,22,76,0,1,Personal Auto,0,Personal L3,2,2,Branch,1,Large,2,1
UM99946,Arizona,10444.48,No,Extended,1,College,1,1/18/2011,Employed,1,M,93123,Divorced,2,34,117,0,7,Personal Auto,0,Personal L2,1,1,Agent,2,Medsize,1,0
IW77519,Washington,3524,No,Basic,0,Bachelor,2,1/18/2011,Employed,1,F,73895,Single,0,4,116,0,1,Personal Auto,0,Personal L3,2,3,Web,0,Medsize,1,0
WP46383,Oregon,35827.08,No,Basic,0,Bachelor,2,1/18/2011,Employed,1,F,127078,Married,1,42,92,0,2,Personal Auto,0,Personal L2,1,2,Call Center,3,Small,0,0
AT98182,California,3409.32,No,Basic,0,Doctor,4,1/18/2011,Unemployed,0,F,0,Married,1,12,50,0,1,Corporate Auto,1,Corporate L3,5,4,Agent,2,Large,2,0
WN67367,California,4334.06,No,Extended,1,Bachelor,2,1/18/2011,Unemployed,0,F,0,Divorced,2,4,11,0,1,Personal Auto,0,Personal L3,2,1,Web,0,Large,2,0
JF45126,Nevada,5455.68,No,Basic,0,Bachelor,2,1/18/2011,Employed,1,M,32154,Married,1,8,1,1,1,Personal Auto,0,Personal L2,1,2,Branch,1,Medsize,1,0
XI36396,California,4254.07,No,Extended,1,Bachelor,2,1/18/2011,Retired,3,M,24956,Married,1,32,128,0,1,Personal Auto,0,Personal L2,1,3,Agent,2,Medsize,1,0
VF21523,Nevada,3892.27,No,Basic,0,High School or Below,0,1/18/2011,Employed,1,F,50950,Single,0,4,80,0,1,Corporate Auto,1,Corporate L3,5,2,Web,0,Small,0,0
KX64629,California,3008.51,No,Basic,0,College,1,1/18/2011,Unemployed,0,F,0,Single,0,4,35,0,1,Personal Auto,0,Personal L3,2,4,Call Center,3,Medsize,1,1
VF65535,California,57965.42,No,Extended,1,College,1,1/18/2011,Employed,1,F,87665,Single,0,36,58,0,2,Corporate Auto,1,Corporate L2,4,3,Agent,2,Medsize,1,0
VB65967,California,37030.7,No,Extended,1,Bachelor,2,1/18/2011,Employed,1,M,66597,Married,1,4,78,0,2,Personal Auto,0,Personal L2,1,1,Branch,1,Medsize,1,0
TO96662,Oregon,9405.04,No,Extended,1,Bachelor,2,1/19/2011,Employed,1,F,56480,Married,1,39,126,0,9,Personal Auto,0,Personal L3,2,1,Call Center,3,Small,0,0
NK71023,Nevada,13422.11,No,Extended,1,Bachelor,2,1/19/2011,Employed,1,M,91652,Single,0,31,77,0,2,Personal Auto,0,Personal L2,1,4,Agent,2,Small,0,0
SD64087,California,20269.03,No,Premium,2,College,1,1/19/2011,Employed,1,M,44497,Married,1,18,72,0,3,Corporate Auto,1,Corporate L2,4,1,Branch,1,Small,0,1
JS36322,Arizona,12017.27,No,Extended,1,High School or Below,0,1/19/2011,Unemployed,0,M,0,Single,0,19,93,1,8,Personal Auto,0,Personal L3,2,1,Agent,2,Small,0,1
AU96286,Oregon,4276.34,No,Extended,1,Bachelor,2,1/19/2011,Unemployed,0,F,0,Single,0,27,68,0,1,Corporate Auto,1,Corporate L1,3,4,Web,0,Medsize,1,0
QC87108,Oregon,11838.51,No,Basic,0,College,1,1/19/2011,Employed,1,F,67048,Single,0,7,69,0,2,Personal Auto,0,Personal L3,2,3,Web,0,Large,2,0
PX70175,Arizona,10794.61,No,Extended,1,College,1,1/19/2011,Employed,1,M,126170,Married,1,12,115,0,5,Personal Auto,0,Personal L3,2,2,Web,0,Medsize,1,0
MN94234,California,4195.22,No,Extended,1,High School or Below,0,1/19/2011,Unemployed,0,M,0,Married,1,46,80,4,1,Personal Auto,0,Personal L3,2,1,Branch,1,Medsize,1,0
JA41698,Nevada,4184.38,No,Basic,0,Bachelor,2,1/19/2011,Unemployed,0,M,0,Single,0,24,43,5,1,Corporate Auto,1,Corporate L2,4,2,Call Center,3,Medsize,1,1
EW33419,California,20404.44,Yes,Basic,0,High School or Below,0,1/19/2011,Medical Leave,2,F,38493,Married,1,5,30,1,2,Corporate Auto,1,Corporate L2,4,2,Call Center,3,Medsize,1,0
NE60110,Arizona,8086.19,Yes,Premium,2,College,1,1/19/2011,Employed,1,M,90233,Single,0,45,32,0,1,Personal Auto,0,Personal L2,1,2,Branch,1,Medsize,1,0
KI75855,Oregon,3444.16,Yes,Basic,0,Master,3,1/19/2011,Employed,1,M,107664,Married,1,20,90,0,1,Personal Auto,0,Personal L3,2,3,Web,0,Small,0,0
TM98684,Oregon,6537.08,No,Basic,0,High School or Below,0,1/19/2011,Employed,1,M,47421,Married,1,12,28,0,5,Personal Auto,0,Personal L2,1,2,Agent,2,Small,0,0
QG15435,Arizona,8427.5,No,Extended,1,College,1,1/19/2011,Employed,1,F,102168,Married,1,36,8,0,6,Personal Auto,0,Personal L3,2,2,Agent,2,Medsize,1,0
KP18988,Oregon,29067.3,No,Premium,2,High School or Below,0,1/19/2011,Unemployed,0,F,0,Single,0,28,47,0,2,Personal Auto,0,Personal L3,2,1,Branch,1,Medsize,1,0
FB80807,Oregon,7463.09,Yes,Basic,0,Bachelor,2,1/19/2011,Employed,1,M,48719,Single,0,22,42,0,9,Personal Auto,0,Personal L3,2,1,Agent,2,Medsize,1,0
VK48036,Oregon,7440.51,No,Basic,0,College,1,1/19/2011,Employed,1,F,106686,Single,0,18,50,0,5,Corporate Auto,1,Corporate L1,3,1,Agent,2,Medsize,1,0
IK12620,Arizona,5688.79,No,Premium,2,High School or Below,0,1/19/2011,Disabled,4,F,16416,Married,1,7,46,0,1,Personal Auto,0,Personal L1,0,2,Agent,2,Medsize,1,0
OK56965,California,61706.68,No,Basic,0,Bachelor,2,1/19/2011,Employed,1,F,42206,Divorced,2,12,73,1,2,Personal Auto,0,Personal L2,1,2,Branch,1,Medsize,1,1
TW64385,California,7463.09,Yes,Basic,0,Bachelor,2,1/19/2011,Employed,1,M,48719,Single,0,22,42,0,9,Corporate Auto,1,Corporate L3,5,1,Agent,2,Medsize,1,0
RK24470,Washington,6789.55,No,Basic,0,Bachelor,2,1/19/2011,Employed,1,M,54153,Divorced,2,3,58,3,5,Corporate Auto,1,Corporate L2,4,1,Branch,1,Medsize,1,0
YM43461,Washington,19011.56,No,Premium,2,College,1,1/19/2011,Unemployed,0,M,0,Single,0,23,123,0,2,Personal Auto,0,Personal L3,2,1,Agent,2,Large,2,0
JG30837,Oregon,5621.12,No,Basic,0,College,1,1/19/2011,Disabled,4,M,15780,Divorced,2,9,62,0,1,Corporate Auto,1,Corporate L3,5,4,Web,0,Medsize,1,0
SB50826,Oregon,10119.61,No,Extended,1,College,1,1/19/2011,Employed,1,M,82473,Single,0,23,86,0,8,Personal Auto,0,Personal L1,0,2,Agent,2,Medsize,1,0
TN76120,Washington,7463.09,Yes,Basic,0,Bachelor,2,1/19/2011,Employed,1,M,48719,Single,0,22,42,0,9,Personal Auto,0,Personal L3,2,1,Agent,2,Medsize,1,0
WO59883,Washington,25669.54,No,Basic,0,High School or Below,0,1/19/2011,Employed,1,F,40260,Single,0,23,59,0,2,Personal Auto,0,Personal L2,1,2,Agent,2,Medsize,1,0
RY38931,Arizona,7463.09,Yes,Basic,0,Bachelor,2,1/19/2011,Employed,1,M,48719,Single,0,22,42,0,9,Personal Auto,0,Personal L3,2,1,Agent,2,Medsize,1,0
ZS96174,Oregon,9175.74,No,Basic,0,College,1,1/19/2011,Medical Leave,2,M,24215,Single,0,1,36,0,2,Personal Auto,0,Personal L3,2,1,Branch,1,Medsize,1,0
QB14087,California,6573.53,No,Basic,0,College,1,1/19/2011,Employed,1,F,60661,Married,1,12,81,0,4,Personal Auto,0,Personal L1,0,1,Agent,2,Medsize,1,0
FI74985,Oregon,10201.29,No,Basic,0,High School or Below,0,1/19/2011,Unemployed,0,F,0,Single,0,7,86,0,2,Personal Auto,0,Personal L1,0,1,Web,0,Medsize,1,0
JQ74890,Nevada,3944.27,No,Extended,1,Bachelor,2,1/19/2011,Unemployed,0,M,0,Single,0,14,109,0,1,Corporate Auto,1,Corporate L2,4,1,Branch,1,Medsize,1,0
SJ18454,Oregon,25336.19,No,Basic,0,High School or Below,0,1/19/2011,Unemployed,0,M,0,Single,0,18,74,0,2,Personal Auto,0,Personal L3,2,3,Call Center,3,Medsize,1,1
BD89564,Nevada,8086.19,Yes,Premium,2,College,1,1/19/2011,Employed,1,M,90233,Single,0,45,32,0,1,Personal Auto,0,Personal L3,2,2,Branch,1,Medsize,1,0
MN62189,California,12139.18,No,Basic,0,High School or Below,0,1/19/2011,Medical Leave,2,F,23397,Divorced,2,18,53,0,6,Personal Auto,0,Personal L2,1,1,Agent,2,Medsize,1,1
WQ54314,Oregon,7745.26,No,Basic,0,Bachelor,2,1/19/2011,Employed,1,F,76214,Married,1,23,7,2,8,Personal Auto,0,Personal L1,0,1,Agent,2,Small,0,0
RM21896,Oregon,38744.86,No,Extended,1,College,1,1/19/2011,Employed,1,F,64436,Divorced,2,16,70,0,2,Personal Auto,0,Personal L3,2,3,Call Center,3,Medsize,1,0
JS38272,Arizona,5764.55,Yes,Extended,1,College,1,1/19/2011,Unemployed,0,M,0,Married,1,36,3,0,1,Personal Auto,0,Personal L2,1,2,Agent,2,Medsize,1,0
HT48275,Oregon,7469.22,No,Basic,0,Bachelor,2,1/19/2011,Employed,1,M,123136,Married,1,12,124,0,6,Personal Auto,0,Personal L3,2,2,Call Center,3,Medsize,1,0
GV39658,Arizona,18256.23,No,Extended,1,College,1,1/19/2011,Medical Leave,2,F,14260,Divorced,2,27,14,0,2,Corporate Auto,1,Corporate L2,4,1,Branch,1,Medsize,1,0
JL41129,California,10781.36,No,Basic,0,Bachelor,2,1/19/2011,Employed,1,M,100193,Married,1,47,4,0,6,Personal Auto,0,Personal L1,0,2,Branch,1,Large,2,0
ZB40259,California,7398.09,No,Basic,0,Doctor,4,1/19/2011,Employed,1,M,80070,Divorced,2,11,51,0,9,Corporate Auto,1,Corporate L3,5,1,Web,0,Medsize,1,0
SI88726,California,12286.06,No,Basic,0,College,1,1/19/2011,Employed,1,F,52512,Divorced,2,35,92,0,3,Corporate Auto,1,Corporate L2,4,1,Agent,2,Small,0,0
JW58698,Oregon,4351.5,No,Extended,1,College,1,1/19/2011,Employed,1,F,94874,Married,1,31,5,0,1,Personal Auto,0,Personal L3,2,2,Web,0,Small,0,0
HW20940,California,5630.27,No,Basic,0,Bachelor,2,1/19/2011,Employed,1,M,57830,Married,1,20,53,0,1,Personal Auto,0,Personal L3,2,1,Agent,2,Medsize,1,0
VD64777,Nevada,3518.35,No,Basic,0,College,1,1/19/2011,Employed,1,F,37530,Single,0,12,105,0,1,Personal Auto,0,Personal L2,1,4,Web,0,Medsize,1,0
DF71709,California,17043.7,No,Premium,2,College,1,1/19/2011,Medical Leave,2,M,16793,Divorced,2,30,105,0,2,Corporate Auto,1,Corporate L1,3,2,Agent,2,Medsize,1,0
EU19773,Arizona,11580.79,No,Premium,2,High School or Below,0,1/19/2011,Employed,1,F,105404,Married,1,15,63,2,6,Personal Auto,0,Personal L3,2,2,Branch,1,Medsize,1,0
VH31071,Arizona,12496.84,No,Basic,0,College,1,1/19/2011,Disabled,4,F,29628,Married,1,41,103,0,9,Personal Auto,0,Personal L3,2,1,Call Center,3,Large,2,0
No35621,Arizona,3198.65,No,Basic,0,Bachelor,2,1/19/2011,Employed,1,M,67157,Single,0,7,119,0,1,Personal Auto,0,Personal L2,1,2,Call Center,3,Small,0,0
DO60145,Arizona,5764.55,Yes,Extended,1,College,1,1/19/2011,Unemployed,0,M,0,Married,1,36,3,0,1,Personal Auto,0,Personal L3,2,2,Agent,2,Medsize,1,0
IA42992,Arizona,11160.61,No,Basic,0,High School or Below,0,1/19/2011,Employed,1,M,49789,Married,1,7,34,0,3,Special Auto,2,Special L3,8,1,Agent,2,Medsize,1,0
QV40364,California,20404.44,Yes,Basic,0,High School or Below,0,1/19/2011,Medical Leave,2,F,38493,Married,1,5,30,1,2,Personal Auto,0,Personal L1,0,2,Call Center,3,Medsize,1,0
AC24378,Arizona,10094.19,No,Extended,1,High School or Below,0,1/19/2011,Employed,1,F,65545,Married,1,7,73,0,9,Corporate Auto,1,Corporate L3,5,4,Call Center,3,Medsize,1,0
DX80961,Arizona,21958.54,No,Extended,1,Bachelor,2,1/19/2011,Employed,1,F,115185,Married,1,43,74,0,2,Personal Auto,0,Personal L3,2,1,Agent,2,Medsize,1,0
LM86393,Oregon,3817.93,No,Basic,0,High School or Below,0,1/19/2011,Employed,1,F,133218,Single,0,36,51,2,1,Personal Auto,0,Personal L3,2,2,Call Center,3,Medsize,1,0
AC58002,California,7650.27,No,Basic,0,Bachelor,2,1/19/2011,Employed,1,F,72774,Married,1,1,70,0,9,Corporate Auto,1,Corporate L2,4,1,Branch,1,Medsize,1,0
WX48434,Arizona,5764.55,Yes,Extended,1,College,1,1/19/2011,Unemployed,0,M,0,Married,1,36,3,0,1,Corporate Auto,1,Corporate L3,5,2,Agent,2,Medsize,1,0
UQ62739,Oregon,5764.55,Yes,Extended,1,College,1,1/19/2011,Unemployed,0,M,0,Married,1,36,3,0,1,Corporate Auto,1,Corporate L3,5,2,Agent,2,Medsize,1,0
BA75404,Oregon,7816.3,No,Basic,0,Doctor,4,1/19/2011,Employed,1,F,104248,Married,1,3,66,0,7,Personal Auto,0,Personal L3,2,2,Call Center,3,Medsize,1,0
ZG10765,Nevada,7665.37,Yes,Extended,1,Bachelor,2,1/19/2011,Unemployed,0,F,0,Married,1,11,59,0,3,Personal Auto,0,Personal L2,1,2,Agent,2,Small,0,0
FM55990,California,8086.19,Yes,Premium,2,College,1,1/19/2011,Employed,1,M,90233,Single,0,45,32,0,1,Personal Auto,0,Personal L1,0,2,Branch,1,Medsize,1,0
PD32052,California,10742.8,No,Basic,0,High School or Below,0,1/19/2011,Employed,1,M,69019,Divorced,2,4,90,0,2,Personal Auto,0,Personal L3,2,1,Agent,2,Medsize,1,0
SD21312,Nevada,8086.19,Yes,Premium,2,College,1,1/19/2011,Employed,1,M,90233,Single,0,45,32,0,1,Personal Auto,0,Personal L2,1,2,Branch,1,Medsize,1,0
WH60140,Arizona,3181.55,No,Basic,0,Bachelor,2,1/19/2011,Unemployed,0,M,0,Single,0,30,15,0,1,Personal Auto,0,Personal L2,1,2,Call Center,3,Small,0,0
No73821,Oregon,13696.35,No,Extended,1,High School or Below,0,1/19/2011,Employed,1,M,60179,Single,0,36,9,0,9,Personal Auto,0,Personal L1,0,2,Branch,1,Medsize,1,0
KS12490,Oregon,14302.08,No,Extended,1,High School or Below,0,1/19/2011,Employed,1,M,87303,Married,1,30,43,0,6,Personal Auto,0,Personal L3,2,4,Call Center,3,Small,0,0
WY26014,California,14607,No,Extended,1,High School or Below,0,1/19/2011,Employed,1,F,50535,Married,1,9,24,0,2,Personal Auto,0,Personal L2,1,1,Agent,2,Medsize,1,0
MU57098,Oregon,7665.37,Yes,Extended,1,Bachelor,2,1/19/2011,Unemployed,0,F,0,Married,1,11,59,0,3,Personal Auto,0,Personal L1,0,2,Agent,2,Small,0,0
JG13893,Nevada,9929.72,No,Basic,0,Bachelor,2,1/19/2011,Employed,1,M,69915,Married,1,45,42,0,2,Corporate Auto,1,Corporate L2,4,4,Call Center,3,Large,2,0
ER49844,Arizona,6805.95,No,Basic,0,College,1,1/19/2011,Employed,1,M,83662,Married,1,3,70,2,5,Personal Auto,0,Personal L1,0,4,Call Center,3,Medsize,1,0
WS36101,Oregon,3169.84,No,Basic,0,High School or Below,0,1/19/2011,Unemployed,0,M,0,Married,1,28,82,0,1,Personal Auto,0,Personal L3,2,2,Agent,2,Medsize,1,0
QH90382,Oregon,5653.5,No,Premium,2,Master,3,1/19/2011,Employed,1,F,70836,Married,1,47,77,0,1,Personal Auto,0,Personal L2,1,2,Branch,1,Small,0,0
CW16221,Oregon,9572.13,No,Extended,1,Bachelor,2,1/19/2011,Employed,1,F,61093,Divorced,2,5,34,3,4,Corporate Auto,1,Corporate L3,5,3,Web,0,Medsize,1,0
US82470,Arizona,17677.18,No,Basic,0,Bachelor,2,1/19/2011,Employed,1,M,50680,Married,1,14,42,0,2,Corporate Auto,1,Corporate L2,4,1,Branch,1,Large,2,0
LM12349,Washington,16581.84,No,Premium,2,Bachelor,2,1/19/2011,Employed,1,F,49043,Married,1,8,28,0,4,Corporate Auto,1,Corporate L2,4,1,Agent,2,Medsize,1,0
FT74388,Nevada,6241.89,No,Basic,0,High School or Below,0,1/19/2011,Employed,1,M,131038,Single,0,14,0,0,1,Personal Auto,0,Personal L2,1,4,Branch,1,Medsize,1,0
GT65478,Oregon,11093.53,No,Basic,0,College,1,1/19/2011,Employed,1,F,114500,Married,1,12,50,0,2,Personal Auto,0,Personal L1,0,1,Agent,2,Medsize,1,0
YV97407,California,11693.34,No,Basic,0,College,1,1/19/2011,Employed,1,M,115385,Single,0,31,42,0,6,Personal Auto,0,Personal L2,1,1,Agent,2,Medsize,1,0
XG74199,Oregon,12233.39,No,Basic,0,College,1,1/19/2011,Employed,1,M,51260,Married,1,11,59,0,3,Personal Auto,0,Personal L3,2,1,Agent,2,Medsize,1,0
VL51487,California,29387.74,No,Extended,1,High School or Below,0,1/19/2011,Employed,1,M,47417,Married,1,24,62,0,2,Personal Auto,0,Personal L2,1,1,Call Center,3,Large,2,1
MC69755,Washington,7665.37,Yes,Extended,1,Bachelor,2,1/19/2011,Unemployed,0,F,0,Married,1,11,59,0,3,Personal Auto,0,Personal L3,2,2,Agent,2,Small,0,0
DP77737,Oregon,20404.44,Yes,Basic,0,High School or Below,0,1/19/2011,Medical Leave,2,F,38493,Married,1,5,30,1,2,Personal Auto,0,Personal L1,0,2,Call Center,3,Medsize,1,0
CC43119,California,3944.01,No,Basic,0,Bachelor,2,1/19/2011,Employed,1,F,83724,Married,1,3,80,0,1,Corporate Auto,1,Corporate L1,3,4,Web,0,Medsize,1,0
AX45422,California,18612.05,No,Basic,0,High School or Below,0,1/19/2011,Unemployed,0,F,0,Married,1,28,32,0,2,Personal Auto,0,Personal L2,1,1,Call Center,3,Medsize,1,0
OJ65428,Nevada,5186.74,No,Premium,2,College,1,1/19/2011,Disabled,4,M,37673,Divorced,2,7,77,0,1,Personal Auto,0,Personal L3,2,2,Call Center,3,Medsize,1,0
YD27780,Arizona,13639.93,No,Extended,1,Bachelor,2,1/19/2011,Employed,1,F,97651,Married,1,35,89,3,6,Corporate Auto,1,Corporate L2,4,3,Call Center,3,Medsize,1,0
PD32854,Arizona,20404.44,Yes,Basic,0,High School or Below,0,1/19/2011,Medical Leave,2,F,38493,Married,1,5,30,1,2,Personal Auto,0,Personal L1,0,2,Call Center,3,Medsize,1,0
ZZ43513,California,17699.24,No,Basic,0,High School or Below,0,1/19/2011,Employed,1,M,99356,Married,1,7,11,5,2,Personal Auto,0,Personal L2,1,4,Agent,2,Medsize,1,0
TO29918,California,5174.64,No,Basic,0,High School or Below,0,1/19/2011,Unemployed,0,F,0,Divorced,2,46,111,2,1,Personal Auto,0,Personal L2,1,1,Agent,2,Medsize,1,1
DE53644,California,7009.68,No,Basic,0,Bachelor,2,1/19/2011,Employed,1,F,31130,Married,1,30,74,0,3,Personal Auto,0,Personal L3,2,2,Web,0,Medsize,1,0
ST91578,California,8729.51,No,Extended,1,Master,3,1/19/2011,Unemployed,0,M,0,Divorced,2,4,103,0,7,Personal Auto,0,Personal L3,2,3,Call Center,3,Medsize,1,0
VF21170,California,11628.18,No,Basic,0,Bachelor,2,1/19/2011,Employed,1,F,50324,Married,1,32,36,1,9,Personal Auto,0,Personal L2,1,1,Agent,2,Medsize,1,0
MC22692,Washington,9498.57,No,Extended,1,High School or Below,0,1/19/2011,Employed,1,F,116967,Married,1,19,16,0,9,Personal Auto,0,Personal L2,1,1,Branch,1,Small,0,0
KG16176,Washington,3287.05,No,Basic,0,College,1,1/19/2011,Unemployed,0,F,0,Married,1,41,46,0,1,Personal Auto,0,Personal L2,1,1,Agent,2,Medsize,1,0
SA88518,Oregon,10445.31,No,Basic,0,College,1,1/19/2011,Employed,1,F,67900,Married,1,35,84,1,2,Personal Auto,0,Personal L2,1,1,Call Center,3,Medsize,1,0
VT51874,Oregon,20064.73,No,Extended,1,High School or Below,0,1/19/2011,Unemployed,0,M,0,Divorced,2,7,22,0,2,Personal Auto,0,Personal L3,2,4,Agent,2,Medsize,1,0
VY40793,Oregon,5764.55,Yes,Extended,1,College,1,1/19/2011,Unemployed,0,M,0,Married,1,36,3,0,1,Personal Auto,0,Personal L3,2,2,Agent,2,Medsize,1,0
GT41712,California,7309.33,No,Basic,0,Bachelor,2,1/19/2011,Unemployed,0,F,0,Married,1,23,69,0,4,Personal Auto,0,Personal L3,2,1,Agent,2,Medsize,1,0
KR88393,California,20253.51,No,Extended,1,High School or Below,0,1/19/2011,Disabled,4,F,25981,Single,0,7,82,1,2,Personal Auto,0,Personal L3,2,2,Agent,2,Small,0,0
GR31499,Oregon,3431.2,No,Basic,0,Master,3,1/19/2011,Employed,1,F,31984,Married,1,35,36,2,1,Personal Auto,0,Personal L3,2,3,Agent,2,Medsize,1,0
GV21882,Nevada,38243.43,No,Basic,0,High School or Below,0,1/19/2011,Medical Leave,2,F,28079,Single,0,27,38,0,2,Personal Auto,0,Personal L3,2,3,Call Center,3,Medsize,1,0
VY58444,Nevada,5975.23,No,Basic,0,College,1,1/19/2011,Employed,1,F,40041,Married,1,39,96,0,1,Personal Auto,0,Personal L3,2,1,Agent,2,Small,0,0
QT63794,California,12345.56,No,Basic,0,Bachelor,2,1/19/2011,Employed,1,F,28553,Married,1,11,1,0,4,Personal Auto,0,Personal L3,2,4,Branch,1,Medsize,1,1
ME84824,Arizona,8086.19,Yes,Premium,2,College,1,1/19/2011,Employed,1,M,90233,Single,0,45,32,0,1,Personal Auto,0,Personal L3,2,2,Branch,1,Medsize,1,0
WX16395,California,5764.55,Yes,Extended,1,College,1,1/19/2011,Unemployed,0,M,0,Married,1,36,3,0,1,Personal Auto,0,Personal L1,0,2,Agent,2,Medsize,1,0
KH58171,California,3444.16,Yes,Basic,0,Master,3,1/19/2011,Employed,1,M,107664,Married,1,20,90,0,1,Personal Auto,0,Personal L3,2,3,Web,0,Small,0,0
RP14593,Oregon,5326.54,No,Basic,0,Bachelor,2,1/19/2011,Unemployed,0,F,0,Single,0,3,73,0,1,Personal Auto,0,Personal L2,1,3,Web,0,Small,0,1
VQ72305,California,27359.77,No,Basic,0,High School or Below,0,1/19/2011,Employed,1,M,29082,Married,1,24,50,0,2,Special Auto,2,Special L2,7,4,Branch,1,Small,0,0
EV95033,Oregon,3444.16,Yes,Basic,0,Master,3,1/19/2011,Employed,1,M,107664,Married,1,20,90,0,1,Special Auto,2,Special L2,7,3,Web,0,Small,0,0
QX54666,California,15082.87,No,Basic,0,High School or Below,0,1/19/2011,Disabled,4,M,19620,Single,0,5,27,0,2,Personal Auto,0,Personal L3,2,1,Branch,1,Medsize,1,0
FD34314,Arizona,3808.83,No,Basic,0,Bachelor,2,1/19/2011,Employed,1,M,99008,Married,1,0,82,0,1,Corporate Auto,1,Corporate L1,3,2,Web,0,Medsize,1,0
LP51258,Oregon,3857.1,No,Basic,0,Bachelor,2,1/19/2011,Employed,1,F,123945,Married,1,1,115,0,1,Personal Auto,0,Personal L3,2,1,Call Center,3,Medsize,1,0
SU44811,Oregon,4125.2,No,Extended,1,High School or Below,0,1/19/2011,Employed,1,F,57248,Married,1,20,66,0,1,Corporate Auto,1,Corporate L3,5,4,Call Center,3,Medsize,1,0
UN90060,Oregon,11244.54,No,Basic,0,High School or Below,0,1/19/2011,Employed,1,F,41668,Married,1,45,42,0,7,Personal Auto,0,Personal L3,2,1,Web,0,Medsize,1,0
QG50480,Oregon,6080.62,No,Basic,0,College,1,1/19/2011,Unemployed,0,M,0,Married,1,24,101,0,3,Personal Auto,0,Personal L3,2,1,Agent,2,Medsize,1,0
ZM70632,California,7423.32,No,Extended,1,Bachelor,2,1/19/2011,Employed,1,F,81902,Married,1,24,124,0,1,Personal Auto,0,Personal L3,2,3,Branch,1,Medsize,1,0
HS77089,Washington,6410.87,No,Basic,0,Bachelor,2,1/19/2011,Unemployed,0,M,0,Single,0,11,100,0,3,Personal Auto,0,Personal L3,2,2,Branch,1,Small,0,0
XQ28930,California,14856.78,No,Basic,0,College,1,1/19/2011,Unemployed,0,M,0,Single,0,42,93,2,2,Personal Auto,0,Personal L3,2,1,Web,0,Medsize,1,0
YC33550,Oregon,3816.19,No,Basic,0,High School or Below,0,1/19/2011,Employed,1,F,32702,Divorced,2,9,86,0,1,Corporate Auto,1,Corporate L2,4,2,Call Center,3,Small,0,0
YX72707,Oregon,6754.5,No,Basic,0,Doctor,4,1/19/2011,Unemployed,0,F,0,Married,1,16,27,1,4,Personal Auto,0,Personal L3,2,2,Agent,2,Small,0,0
PW98890,Oregon,3598.75,No,Basic,0,Bachelor,2,1/19/2011,Employed,1,F,110076,Divorced,2,4,62,0,1,Personal Auto,0,Personal L1,0,4,Call Center,3,Small,0,0
YT37186,California,23660.34,No,Extended,1,Bachelor,2,1/19/2011,Employed,1,F,70508,Married,1,39,97,1,8,Personal Auto,0,Personal L3,2,3,Agent,2,Medsize,1,1
HZ98935,Washington,6110.81,No,Basic,0,Bachelor,2,1/19/2011,Unemployed,0,F,0,Single,0,27,59,1,7,Personal Auto,0,Personal L3,2,2,Agent,2,Medsize,1,0
RC16862,Arizona,3284.67,No,Basic,0,College,1,1/19/2011,Unemployed,0,M,0,Divorced,2,42,107,0,1,Corporate Auto,1,Corporate L3,5,1,Agent,2,Medsize,1,0
ZG56744,California,7463.09,Yes,Basic,0,Bachelor,2,1/19/2011,Employed,1,M,48719,Single,0,22,42,0,9,Personal Auto,0,Personal L1,0,1,Agent,2,Medsize,1,0
OF93412,Nevada,21078.83,No,Premium,2,Bachelor,2,1/19/2011,Employed,1,F,37144,Married,1,16,131,0,8,Personal Auto,0,Personal L3,2,1,Call Center,3,Medsize,1,1
SX18141,Arizona,7892.8,No,Basic,0,High School or Below,0,1/19/2011,Employed,1,F,67932,Married,1,32,8,0,5,Personal Auto,0,Personal L2,1,4,Call Center,3,Medsize,1,0
ED59130,Arizona,22551.89,No,Extended,1,Bachelor,2,1/19/2011,Employed,1,M,101115,Married,1,42,85,0,6,Personal Auto,0,Personal L1,0,3,Call Center,3,Medsize,1,1
CF73234,Oregon,3549.58,No,Basic,0,High School or Below,0,1/19/2011,Unemployed,0,M,0,Married,1,0,59,0,1,Corporate Auto,1,Corporate L1,3,2,Branch,1,Large,2,0
SD38003,California,3351.22,No,Basic,0,Bachelor,2,1/19/2011,Unemployed,0,M,0,Single,0,18,68,0,1,Personal Auto,0,Personal L2,1,1,Call Center,3,Medsize,1,0
ID39569,Washington,14524.19,No,Extended,1,High School or Below,0,1/19/2011,Retired,3,M,26166,Married,1,42,24,0,2,Personal Auto,0,Personal L3,2,4,Agent,2,Medsize,1,0
FE99816,Nevada,21010.55,No,Premium,2,Bachelor,2,1/19/2011,Unemployed,0,F,0,Married,1,20,54,5,7,Personal Auto,0,Personal L1,0,3,Web,0,Medsize,1,1
BS95225,California,3533.9,No,Basic,0,College,1,1/19/2011,Medical Leave,2,M,19104,Single,0,7,55,1,1,Personal Auto,0,Personal L2,1,2,Branch,1,Medsize,1,0
EI10204,Oregon,20404.44,Yes,Basic,0,High School or Below,0,1/19/2011,Medical Leave,2,F,38493,Married,1,5,30,1,2,Personal Auto,0,Personal L2,1,2,Call Center,3,Medsize,1,0
BX88330,Washington,10280.75,No,Basic,0,College,1,1/19/2011,Employed,1,F,122739,Single,0,30,26,0,2,Personal Auto,0,Personal L2,1,3,Agent,2,Medsize,1,0
PB31909,California,5140.16,No,Premium,2,College,1,1/19/2011,Unemployed,0,M,0,Single,0,22,120,0,1,Corporate Auto,1,Corporate L2,4,1,Agent,2,Medsize,1,1
RN36393,California,20404.44,Yes,Basic,0,High School or Below,0,1/19/2011,Medical Leave,2,F,38493,Married,1,5,30,1,2,Personal Auto,0,Personal L2,1,2,Call Center,3,Medsize,1,0
GL34504,California,12278.46,No,Premium,2,High School or Below,0,1/19/2011,Employed,1,F,87889,Married,1,39,55,4,3,Personal Auto,0,Personal L3,2,2,Branch,1,Small,0,0
LU36517,California,15018.22,No,Premium,2,Bachelor,2,1/19/2011,Unemployed,0,M,0,Single,0,34,93,0,2,Personal Auto,0,Personal L2,1,3,Agent,2,Small,0,1
ML38237,California,11974,No,Basic,0,High School or Below,0,1/19/2011,Unemployed,0,F,0,Married,1,16,77,0,4,Corporate Auto,1,Corporate L1,3,1,Agent,2,Medsize,1,0
ZU63258,California,4792.16,No,Basic,0,Bachelor,2,1/19/2011,Unemployed,0,M,0,Married,1,36,43,1,1,Personal Auto,0,Personal L3,2,2,Agent,2,Medsize,1,0
LG45849,California,6343,No,Premium,2,Doctor,4,1/19/2011,Employed,1,M,37780,Married,1,11,122,0,1,Personal Auto,0,Personal L2,1,4,Call Center,3,Small,0,0
FP53421,California,10278.5,No,Basic,0,High School or Below,0,1/19/2011,Retired,3,M,35024,Divorced,2,27,46,0,2,Personal Auto,0,Personal L3,2,4,Branch,1,Medsize,1,0
YB49540,California,7092.93,No,Basic,0,College,1,1/19/2011,Employed,1,F,128273,Married,1,7,49,0,3,Personal Auto,0,Personal L3,2,2,Web,0,Medsize,1,0
QE52050,California,7665.37,Yes,Extended,1,Bachelor,2,1/19/2011,Unemployed,0,F,0,Married,1,11,59,0,3,Corporate Auto,1,Corporate L3,5,2,Agent,2,Small,0,0
FL30667,California,12553.5,No,Extended,1,College,1,1/19/2011,Employed,1,F,29827,Married,1,3,46,1,2,Corporate Auto,1,Corporate L1,3,4,Branch,1,Small,0,0
ZT26848,California,11224.31,No,Basic,0,High School or Below,0,1/19/2011,Employed,1,M,54603,Married,1,1,107,0,6,Personal Auto,0,Personal L3,2,1,Agent,2,Medsize,1,0
WZ45103,California,7665.37,Yes,Extended,1,Bachelor,2,1/19/2011,Unemployed,0,F,0,Married,1,11,59,0,3,Personal Auto,0,Personal L2,1,2,Agent,2,Small,0,0
DZ87709,Oregon,7549.42,No,Basic,0,High School or Below,0,1/2/2024,Employed,1,F,96945,Single,0,23,65,0,6,Personal Auto,0,Personal L1,0,2,Call Center,3,Medsize,1,0
CJ15590,Oregon,3638.5,No,Basic,0,Bachelor,2,1/2/2024,Employed,1,F,44172,Divorced,2,18,16,0,1,Personal Auto,0,Personal L2,1,3,Branch,1,Medsize,1,0
YC43143,Arizona,10784.15,No,Extended,1,High School or Below,0,1/2/2024,Employed,1,F,104396,Married,1,0,28,0,3,Personal Auto,0,Personal L3,2,2,Web,0,Medsize,1,0
YM50253,California,3977.31,No,Basic,0,Bachelor,2,1/2/2024,Employed,1,F,120515,Single,0,23,122,0,1,Personal Auto,0,Personal L3,2,2,Branch,1,Medsize,1,0
HI14283,Oregon,7636.99,No,Premium,2,Bachelor,2,1/2/2024,Unemployed,0,F,0,Married,1,16,120,0,1,Personal Auto,0,Personal L3,2,1,Web,0,Small,0,0
WV17090,California,34540.73,No,Basic,0,Bachelor,2,1/2/2024,Unemployed,0,M,0,Married,1,0,61,0,2,Corporate Auto,1,Corporate L1,3,2,Call Center,3,Medsize,1,1
XV21647,California,10849.21,No,Basic,0,High School or Below,0,1/2/2024,Unemployed,0,F,0,Single,0,9,57,0,9,Personal Auto,0,Personal L1,0,1,Branch,1,Medsize,1,1
QQ90441,Nevada,18590.82,Yes,Premium,2,High School or Below,0,1/2/2024,Employed,1,F,79929,Single,0,31,28,0,2,Personal Auto,0,Personal L1,0,1,Agent,2,Medsize,1,0
YC80498,California,6440.24,Yes,Basic,0,College,1,1/2/2024,Medical Leave,2,F,17501,Single,0,3,50,0,4,Personal Auto,0,Personal L1,0,1,Web,0,Medsize,1,0
ZZ97035,California,27965.17,No,Extended,1,College,1,1/2/2024,Unemployed,0,M,0,Single,0,27,89,0,2,Corporate Auto,1,Corporate L1,3,1,Branch,1,Small,0,1
TA82973,Oregon,10608.45,No,Basic,0,High School or Below,0,1/2/2024,Employed,1,F,39065,Divorced,2,38,31,2,6,Personal Auto,0,Personal L3,2,1,Call Center,3,Medsize,1,0
XT36360,Arizona,9159.61,No,Basic,0,High School or Below,0,1/2/2024,Unemployed,0,F,0,Single,0,9,7,1,2,Personal Auto,0,Personal L2,1,1,Call Center,3,Large,2,0
JH73503,Arizona,27232.15,No,Basic,0,Doctor,4,1/2/2024,Employed,1,M,33485,Married,1,26,132,0,2,Personal Auto,0,Personal L2,1,3,Call Center,3,Small,0,0
GR26937,Oregon,13237.87,No,Extended,1,Master,3,1/2/2024,Employed,1,F,63716,Married,1,26,123,0,2,Corporate Auto,1,Corporate L2,4,2,Agent,2,Medsize,1,0
QV19964,Oregon,3509.04,No,Basic,0,Doctor,4,1/2/2024,Employed,1,M,45828,Married,1,14,65,1,1,Personal Auto,0,Personal L3,2,2,Web,0,Medsize,1,0
TI47802,California,3501.09,No,Basic,0,Master,3,1/2/2024,Unemployed,0,F,0,Married,1,39,47,0,1,Personal Auto,0,Personal L3,2,4,Branch,1,Medsize,1,0
TP41703,Washington,9787.54,No,Basic,0,Bachelor,2,1/2/2024,Unemployed,0,M,0,Single,0,23,14,0,2,Personal Auto,0,Personal L3,2,4,Call Center,3,Medsize,1,0
MY88518,Nevada,4762.86,Yes,Extended,1,Doctor,4,1/2/2024,Employed,1,M,42225,Married,1,32,128,4,1,Personal Auto,0,Personal L1,0,1,Branch,1,Medsize,1,0
YY11432,Oregon,22295.26,No,Extended,1,High School or Below,0,1/2/2024,Employed,1,F,69829,Married,1,12,22,1,2,Personal Auto,0,Personal L3,2,1,Agent,2,Medsize,1,0
SB99002,Oregon,11230.82,No,Basic,0,Bachelor,2,1/2/2024,Employed,1,F,67141,Married,1,4,55,0,2,Corporate Auto,1,Corporate L3,5,4,Call Center,3,Medsize,1,0
MQ15074,Washington,3374.32,No,Basic,0,High School or Below,0,1/2/2024,Employed,1,M,37911,Married,1,12,85,0,1,Personal Auto,0,Personal L2,1,2,Branch,1,Medsize,1,0
SB44003,Arizona,14154.64,Yes,Extended,1,College,1,1/2/2024,Employed,1,F,82496,Divorced,2,30,126,0,2,Personal Auto,0,Personal L3,2,2,Agent,2,Medsize,1,0
VP89545,Arizona,6105.89,No,Basic,0,College,1,1/2/2024,Unemployed,0,M,0,Married,1,11,105,0,9,Personal Auto,0,Personal L3,2,1,Web,0,Medsize,1,0
SV48204,Oregon,14154.64,Yes,Extended,1,College,1,1/2/2024,Employed,1,F,82496,Divorced,2,30,126,0,2,Personal Auto,0,Personal L3,2,2,Agent,2,Medsize,1,0
IH54239,California,6871.09,No,Basic,0,Master,3,1/2/2024,Employed,1,M,84340,Married,1,27,85,0,5,Personal Auto,0,Personal L3,2,2,Branch,1,Medsize,1,0
BP92643,Arizona,18590.82,Yes,Premium,2,High School or Below,0,1/2/2024,Employed,1,F,79929,Single,0,31,28,0,2,Personal Auto,0,Personal L1,0,1,Agent,2,Medsize,1,0
HV85198,Arizona,11436.41,No,Basic,0,Master,3,1/2/2024,Employed,1,M,85743,Married,1,18,103,0,2,Personal Auto,0,Personal L3,2,1,Branch,1,Small,0,0
FQ83162,Washington,46856.98,No,Basic,0,College,1,1/2/2024,Unemployed,0,M,0,Divorced,2,4,26,0,2,Personal Auto,0,Personal L2,1,1,Agent,2,Medsize,1,0
LF55270,Oregon,14154.64,Yes,Extended,1,College,1,1/2/2024,Employed,1,F,82496,Divorced,2,30,126,0,2,Personal Auto,0,Personal L2,1,2,Agent,2,Medsize,1,0
HE84643,California,2937.09,No,Basic,0,High School or Below,0,1/2/2024,Unemployed,0,F,0,Single,0,7,107,0,1,Personal Auto,0,Personal L3,2,2,Branch,1,Medsize,1,0
HB48073,Arizona,12651.89,No,Basic,0,Bachelor,2,1/2/2024,Employed,1,F,89539,Married,1,14,14,0,5,Corporate Auto,1,Corporate L2,4,1,Agent,2,Medsize,1,0
PE66545,Oregon,3436.45,No,Basic,0,Bachelor,2,1/2/2024,Employed,1,M,39488,Married,1,36,41,0,1,Personal Auto,0,Personal L3,2,4,Agent,2,Small,0,0
MI65698,Oregon,6197.6,No,Premium,2,College,1,1/2/2024,Employed,1,F,38278,Divorced,2,45,27,0,1,Personal Auto,0,Personal L3,2,2,Agent,2,Large,2,0
AZ77669,Oregon,11740.82,No,Basic,0,High School or Below,0,1/2/2024,Employed,1,M,123421,Married,1,4,96,1,5,Personal Auto,0,Personal L2,1,1,Web,0,Medsize,1,0
DJ47372,California,14622.03,No,Extended,1,Doctor,4,1/2/2024,Disabled,4,M,31323,Divorced,2,39,80,0,2,Personal Auto,0,Personal L1,0,3,Call Center,3,Medsize,1,0
AC40767,Washington,3372.04,No,Basic,0,Bachelor,2,1/2/2024,Employed,1,M,91855,Single,0,14,63,0,1,Personal Auto,0,Personal L2,1,4,Branch,1,Medsize,1,0
JX26859,California,4762.86,Yes,Extended,1,Doctor,4,1/2/2024,Employed,1,M,42225,Married,1,32,128,4,1,Personal Auto,0,Personal L3,2,1,Branch,1,Medsize,1,0
PE63707,Nevada,7360.43,No,Basic,0,Bachelor,2,1/2/2024,Employed,1,M,119565,Married,1,12,120,0,9,Personal Auto,0,Personal L2,1,1,Web,0,Medsize,1,0
UF74084,Arizona,7615.83,No,Basic,0,Bachelor,2,1/2/2024,Employed,1,M,53283,Divorced,2,1,39,0,4,Personal Auto,0,Personal L3,2,2,Call Center,3,Large,2,0
RK45396,California,7263.43,No,Basic,0,Bachelor,2,1/2/2024,Unemployed,0,M,0,Married,1,15,128,0,3,Corporate Auto,1,Corporate L2,4,2,Web,0,Medsize,1,0
YX36936,Arizona,5770.74,No,Basic,0,College,1,1/2/2024,Employed,1,M,53488,Married,1,5,31,1,1,Corporate Auto,1,Corporate L3,5,4,Agent,2,Medsize,1,0
IN52645,Oregon,9915.53,No,Premium,2,High School or Below,0,1/2/2024,Employed,1,F,86901,Married,1,5,68,0,1,Personal Auto,0,Personal L3,2,2,Web,0,Small,0,1
FG60807,Oregon,6593.61,No,Basic,0,High School or Below,0,1/2/2024,Employed,1,F,29384,Married,1,39,88,0,3,Corporate Auto,1,Corporate L3,5,4,Agent,2,Medsize,1,0
SM54018,California,17130.73,No,Premium,2,College,1,1/2/2024,Unemployed,0,F,0,Single,0,5,120,1,2,Personal Auto,0,Personal L3,2,1,Web,0,Medsize,1,1
FM14335,Washington,14154.64,Yes,Extended,1,College,1,1/2/2024,Employed,1,F,82496,Divorced,2,30,126,0,2,Personal Auto,0,Personal L1,0,2,Agent,2,Medsize,1,0
UL10037,Oregon,14154.64,Yes,Extended,1,College,1,1/2/2024,Employed,1,F,82496,Divorced,2,30,126,0,2,Corporate Auto,1,Corporate L1,3,2,Agent,2,Medsize,1,0
QX84402,California,34377.51,Yes,Extended,1,College,1,1/2/2024,Retired,3,F,18445,Single,0,1,89,0,2,Corporate Auto,1,Corporate L3,5,1,Branch,1,Small,0,0
EV32492,Arizona,3369.83,No,Basic,0,Bachelor,2,1/2/2024,Employed,1,M,66334,Divorced,2,9,128,0,1,Personal Auto,0,Personal L1,0,4,Web,0,Medsize,1,0
GL99349,California,27640.1,No,Basic,0,High School or Below,0,1/2/2024,Employed,1,M,129088,Married,1,9,122,5,2,Personal Auto,0,Personal L2,1,4,Web,0,Small,0,0
VE72838,Arizona,18590.82,Yes,Premium,2,High School or Below,0,1/2/2024,Employed,1,F,79929,Single,0,31,28,0,2,Personal Auto,0,Personal L3,2,1,Agent,2,Medsize,1,0
HI60054,California,12696,No,Extended,1,Bachelor,2,1/2/2024,Employed,1,F,69651,Married,1,7,123,2,2,Personal Auto,0,Personal L2,1,1,Agent,2,Medsize,1,0
AP27994,Oregon,5902.86,No,Basic,0,High School or Below,0,1/2/2024,Disabled,4,F,31217,Married,1,36,80,0,1,Special Auto,2,Special L2,7,3,Agent,2,Medsize,1,0
No81415,Arizona,4237.88,No,Extended,1,Bachelor,2,1/2/2024,Employed,1,M,42089,Married,1,19,38,0,1,Personal Auto,0,Personal L3,2,4,Call Center,3,Small,0,1
TF53472,Oregon,7222.79,No,Basic,0,Bachelor,2,1/2/2024,Employed,1,F,55804,Divorced,2,45,34,0,5,Personal Auto,0,Personal L3,2,1,Agent,2,Medsize,1,0
RH71877,Arizona,6440.24,Yes,Basic,0,College,1,1/2/2024,Medical Leave,2,F,17501,Single,0,3,50,0,4,Personal Auto,0,Personal L3,2,1,Web,0,Medsize,1,0
VP57785,Oregon,6440.24,Yes,Basic,0,College,1,1/2/2024,Medical Leave,2,F,17501,Single,0,3,50,0,4,Personal Auto,0,Personal L1,0,1,Web,0,Medsize,1,0
PR10005,Oregon,3937.16,No,Basic,0,Bachelor,2,1/2/2024,Employed,1,M,115034,Divorced,2,31,103,0,1,Personal Auto,0,Personal L3,2,4,Web,0,Medsize,1,0
KI91500,California,11665.41,No,Basic,0,High School or Below,0,1/2/2024,Medical Leave,2,F,29961,Married,1,18,100,0,2,Personal Auto,0,Personal L3,2,2,Branch,1,Small,0,0
AX10148,California,3252.65,No,Basic,0,Bachelor,2,1/2/2024,Unemployed,0,F,0,Married,1,4,131,0,1,Personal Auto,0,Personal L2,1,4,Web,0,Medsize,1,0
LF19061,Arizona,7327.1,No,Basic,0,High School or Below,0,1/2/2024,Employed,1,F,100657,Married,1,0,31,1,5,Personal Auto,0,Personal L3,2,3,Web,0,Medsize,1,0
ED28429,Washington,5615.45,No,Basic,0,Bachelor,2,1/2/2024,Unemployed,0,M,0,Single,0,1,86,0,3,Personal Auto,0,Personal L1,0,1,Agent,2,Medsize,1,0
JG77605,Nevada,7755.91,No,Basic,0,Bachelor,2,1/2/2024,Employed,1,F,41025,Married,1,46,89,0,4,Personal Auto,0,Personal L1,0,2,Web,0,Medsize,1,0
EA23961,California,6974.36,No,Basic,0,College,1,1/2/2024,Employed,1,F,109076,Married,1,28,63,0,9,Personal Auto,0,Personal L1,0,2,Web,0,Small,0,0
ZH89968,Washington,18590.82,Yes,Premium,2,High School or Below,0,1/2/2024,Employed,1,F,79929,Single,0,31,28,0,2,Personal Auto,0,Personal L2,1,1,Agent,2,Medsize,1,0
RU75129,Washington,3749.41,No,Basic,0,High School or Below,0,1/2/2024,Employed,1,F,88332,Married,1,9,122,0,1,Personal Auto,0,Personal L2,1,4,Call Center,3,Medsize,1,0
VO87159,Oregon,31166.59,No,Basic,0,High School or Below,0,1/2/2024,Employed,1,F,93474,Single,0,22,39,0,2,Personal Auto,0,Personal L3,2,2,Branch,1,Medsize,1,1
VJ64329,Oregon,34377.51,Yes,Extended,1,College,1,1/2/2024,Retired,3,F,18445,Single,0,1,89,0,2,Corporate Auto,1,Corporate L3,5,1,Branch,1,Small,0,0
DA79544,Oregon,3444.32,No,Basic,0,Bachelor,2,1/2/2024,Employed,1,M,118970,Married,1,36,96,1,1,Personal Auto,0,Personal L1,0,2,Branch,1,Medsize,1,0
CG90504,Oregon,6440.24,Yes,Basic,0,College,1,1/2/2024,Medical Leave,2,F,17501,Single,0,3,50,0,4,Personal Auto,0,Personal L3,2,1,Web,0,Medsize,1,0
DS75515,California,3797.97,No,Basic,0,Bachelor,2,1/2/2024,Employed,1,M,97650,Married,1,14,27,0,1,Personal Auto,0,Personal L2,1,2,Agent,2,Large,2,0
MR39613,California,49762.23,No,Extended,1,Bachelor,2,1/2/2024,Medical Leave,2,M,30853,Married,1,38,72,0,2,Special Auto,2,Special L2,7,1,Branch,1,Small,0,1
GO94903,Oregon,6440.24,Yes,Basic,0,College,1,1/2/2024,Medical Leave,2,F,17501,Single,0,3,50,0,4,Personal Auto,0,Personal L3,2,1,Web,0,Medsize,1,0
NH24429,Arizona,3896.41,No,Basic,0,Doctor,4,1/2/2024,Employed,1,M,71512,Single,0,4,92,0,1,Special Auto,2,Special L3,8,2,Call Center,3,Medsize,1,0
FL74984,Oregon,3704.51,No,Basic,0,Bachelor,2,1/2/2024,Employed,1,M,106909,Divorced,2,15,100,0,1,Personal Auto,0,Personal L3,2,2,Call Center,3,Small,0,0
XU63766,Oregon,10942.93,No,Basic,0,Bachelor,2,1/2/2024,Unemployed,0,F,0,Married,1,20,82,0,2,Personal Auto,0,Personal L3,2,1,Branch,1,Medsize,1,0
CD38665,California,19589.1,No,Basic,0,High School or Below,0,1/2/2024,Employed,1,M,55935,Married,1,32,54,0,9,Personal Auto,0,Personal L2,1,2,Call Center,3,Medsize,1,1
XM96138,California,15224.93,No,Extended,1,Master,3,1/2/2024,Employed,1,M,132486,Married,1,41,14,1,2,Personal Auto,0,Personal L1,0,3,Agent,2,Medsize,1,0
QC93181,California,34377.51,Yes,Extended,1,College,1,1/2/2024,Retired,3,F,18445,Single,0,1,89,0,2,Corporate Auto,1,Corporate L1,3,1,Branch,1,Small,0,0
FF31523,Washington,10491.64,No,Premium,2,Master,3,1/2/2024,Employed,1,F,37873,Married,1,1,85,1,1,Corporate Auto,1,Corporate L1,3,3,Agent,2,Medsize,1,0
UV57184,California,10131.33,No,Basic,0,Bachelor,2,1/2/2024,Employed,1,F,132096,Married,1,43,61,0,2,Special Auto,2,Special L3,8,4,Agent,2,Small,0,0
DG68667,Arizona,10967.34,No,Basic,0,Doctor,4,1/2/2024,Medical Leave,2,M,17033,Divorced,2,7,58,0,8,Personal Auto,0,Personal L3,2,1,Branch,1,Medsize,1,0
WH41496,Washington,6509.68,No,Extended,1,College,1,1/2/2024,Unemployed,0,M,0,Married,1,38,117,0,1,Personal Auto,0,Personal L3,2,2,Web,0,Large,2,0
QS36363,Arizona,17084.96,No,Premium,2,High School or Below,0,1/2/2024,Employed,1,F,35301,Married,1,3,23,0,7,Personal Auto,0,Personal L3,2,4,Web,0,Medsize,1,1
QQ37605,Washington,3438.95,No,Basic,0,Master,3,1/2/2024,Employed,1,F,35163,Married,1,26,53,1,1,Personal Auto,0,Personal L2,1,2,Branch,1,Medsize,1,0
QX24179,Oregon,7586.53,No,Basic,0,Bachelor,2,1/2/2024,Employed,1,M,56535,Married,1,7,20,0,8,Personal Auto,0,Personal L2,1,1,Agent,2,Medsize,1,0
LK35963,California,22975.66,No,Basic,0,Bachelor,2,1/2/2024,Employed,1,F,120961,Married,1,1,11,0,2,Personal Auto,0,Personal L3,2,2,Branch,1,Medsize,1,0
YK92080,California,4639.2,No,Extended,1,College,1,1/2/2024,Employed,1,F,41187,Single,0,20,103,0,1,Personal Auto,0,Personal L2,1,1,Branch,1,Medsize,1,0
GN18675,California,6858.32,No,Basic,0,Bachelor,2,1/2/2024,Employed,1,M,95558,Married,1,0,126,0,7,Special Auto,2,Special L3,8,2,Branch,1,Medsize,1,0
WL24392,Arizona,7911.23,No,Basic,0,Bachelor,2,1/2/2024,Employed,1,M,127611,Married,1,22,43,0,3,Personal Auto,0,Personal L1,0,1,Agent,2,Medsize,1,0
VG43444,Oregon,5180.61,No,Extended,1,Bachelor,2,1/2/2024,Employed,1,M,49672,Single,0,0,101,0,1,Personal Auto,0,Personal L3,2,1,Agent,2,Large,2,0
ME80331,California,12669.04,No,Extended,1,High School or Below,0,1/2/2024,Unemployed,0,M,0,Single,0,9,57,0,4,Personal Auto,0,Personal L3,2,1,Call Center,3,Medsize,1,1
QY41855,Arizona,14154.64,Yes,Extended,1,College,1,1/2/2024,Employed,1,F,82496,Divorced,2,30,126,0,2,Personal Auto,0,Personal L3,2,2,Agent,2,Medsize,1,0
QO61775,California,6171.67,No,Basic,0,Master,3,1/2/2024,Employed,1,M,107262,Single,0,15,63,0,1,Personal Auto,0,Personal L2,1,2,Agent,2,Medsize,1,0
PZ95949,Arizona,4762.86,Yes,Extended,1,Doctor,4,1/2/2024,Employed,1,M,42225,Married,1,32,128,4,1,Personal Auto,0,Personal L3,2,1,Branch,1,Medsize,1,0
FI65786,Oregon,9560.28,No,Extended,1,Master,3,1/2/2024,Employed,1,F,126703,Married,1,24,55,0,9,Corporate Auto,1,Corporate L2,4,4,Web,0,Large,2,0
BG30513,California,34377.51,Yes,Extended,1,College,1,1/2/2024,Retired,3,F,18445,Single,0,1,89,0,2,Personal Auto,0,Personal L2,1,1,Branch,1,Small,0,0
CJ64468,Oregon,6440.24,Yes,Basic,0,College,1,1/2/2024,Medical Leave,2,F,17501,Single,0,3,50,0,4,Personal Auto,0,Personal L2,1,1,Web,0,Medsize,1,0
UK49045,Oregon,14936.79,No,Extended,1,High School or Below,0,1/2/2024,Employed,1,M,39803,Married,1,26,69,0,2,Personal Auto,0,Personal L2,1,2,Branch,1,Medsize,1,0
AX99820,Arizona,3387.84,No,Basic,0,Bachelor,2,1/2/2024,Unemployed,0,F,0,Single,0,27,65,0,1,Personal Auto,0,Personal L3,2,1,Agent,2,Small,0,0
ER20865,California,11681.08,No,Premium,2,Bachelor,2,1/2/2024,Employed,1,M,88567,Married,1,3,97,2,7,Corporate Auto,1,Corporate L2,4,3,Branch,1,Medsize,1,0
ZP26168,Washington,13078.97,No,Basic,0,College,1,1/2/2024,Medical Leave,2,F,33188,Single,0,15,100,0,2,Corporate Auto,1,Corporate L3,5,1,Agent,2,Medsize,1,0
EB86696,California,6419.74,No,Basic,0,Bachelor,2,1/2/2024,Employed,1,M,29441,Married,1,0,96,0,1,Special Auto,2,Special L3,8,2,Call Center,3,Medsize,1,0
ED91989,Arizona,10798.99,No,Basic,0,College,1,1/2/2024,Unemployed,0,M,0,Married,1,18,23,0,5,Personal Auto,0,Personal L1,0,1,Branch,1,Large,2,0
AM26598,Arizona,3933.22,No,Basic,0,College,1,1/2/2024,Employed,1,F,121057,Married,1,9,124,0,1,Personal Auto,0,Personal L3,2,2,Agent,2,Medsize,1,0
LK57934,Nevada,14268.99,No,Extended,1,Bachelor,2,1/2/2024,Employed,1,M,61798,Married,1,3,23,0,2,Personal Auto,0,Personal L2,1,1,Agent,2,Medsize,1,0
PK79296,California,3512.99,No,Basic,0,College,1,1/2/2024,Disabled,4,F,39143,Married,1,38,57,0,1,Personal Auto,0,Personal L3,2,2,Branch,1,Medsize,1,0
BE69929,Arizona,6507.95,No,Basic,0,College,1,1/2/2024,Employed,1,F,37627,Married,1,26,105,0,3,Personal Auto,0,Personal L3,2,2,Branch,1,Medsize,1,0
BC90645,California,3611.29,No,Basic,0,Master,3,1/2/2024,Employed,1,F,74897,Single,0,7,9,1,1,Personal Auto,0,Personal L2,1,2,Branch,1,Medsize,1,0
MD45928,Arizona,18590.82,Yes,Premium,2,High School or Below,0,1/2/2024,Employed,1,F,79929,Single,0,31,28,0,2,Personal Auto,0,Personal L3,2,1,Agent,2,Medsize,1,0
ZL53118,Arizona,3169.25,No,Basic,0,High School or Below,0,1/2/2024,Unemployed,0,M,0,Single,0,19,14,1,1,Personal Auto,0,Personal L3,2,1,Branch,1,Medsize,1,1
CV13878,California,3361.16,No,Basic,0,High School or Below,0,1/2/2024,Employed,1,F,101890,Married,1,16,9,0,1,Personal Auto,0,Personal L3,2,2,Call Center,3,Medsize,1,0
LX95134,California,4960.67,No,Extended,1,College,1,1/2/2024,Employed,1,F,114499,Married,1,34,81,0,1,Corporate Auto,1,Corporate L3,5,4,Call Center,3,Medsize,1,0
QS65968,California,11379.81,No,Basic,0,Master,3,1/2/2024,Employed,1,M,133375,Married,1,30,43,0,3,Personal Auto,0,Personal L3,2,4,Agent,2,Medsize,1,0
IM15403,California,12647.17,No,Extended,1,College,1,1/2/2024,Employed,1,M,60723,Divorced,2,3,36,0,2,Corporate Auto,1,Corporate L2,4,3,Agent,2,Medsize,1,0
FS31523,California,11519.17,No,Extended,1,High School or Below,0,1/2/2024,Unemployed,0,F,0,Married,1,43,8,2,7,Personal Auto,0,Personal L3,2,2,Call Center,3,Small,0,0
BU71528,California,10871.91,No,Premium,2,College,1,1/2/2024,Disabled,4,M,23356,Married,1,1,15,0,5,Personal Auto,0,Personal L1,0,2,Call Center,3,Small,0,0
OH83983,California,4762.86,Yes,Extended,1,Doctor,4,1/2/2024,Employed,1,M,42225,Married,1,32,128,4,1,Personal Auto,0,Personal L2,1,1,Branch,1,Medsize,1,0
CV70978,California,10471.19,No,Basic,0,Bachelor,2,1/2/2024,Employed,1,M,131749,Divorced,2,14,9,0,2,Personal Auto,0,Personal L2,1,4,Agent,2,Medsize,1,0
LX30483,California,4551.56,No,Basic,0,College,1,1/2/2024,Unemployed,0,F,0,Single,0,3,49,3,1,Personal Auto,0,Personal L2,1,1,Agent,2,Medsize,1,0
IX18485,California,12952.24,No,Extended,1,High School or Below,0,1/2/2024,Retired,3,F,37048,Divorced,2,4,1,2,2,Personal Auto,0,Personal L2,1,1,Agent,2,Medsize,1,0
FH43628,California,34377.51,Yes,Extended,1,College,1,1/2/2024,Retired,3,F,18445,Single,0,1,89,0,2,Personal Auto,0,Personal L2,1,1,Branch,1,Small,0,0
WW63253,California,10321.91,No,Basic,0,Bachelor,2,1/20/2011,Unemployed,0,M,0,Married,1,24,88,0,7,Corporate Auto,1,Corporate L2,4,1,Call Center,3,Medsize,1,0
KA61892,Arizona,5229.42,Yes,Basic,0,College,1,1/20/2011,Retired,3,M,37992,Married,1,24,68,0,1,Personal Auto,0,Personal L3,2,2,Agent,2,Medsize,1,0
UK68427,Washington,8598.5,Yes,Extended,1,High School or Below,0,1/20/2011,Employed,1,M,46572,Single,0,41,97,0,7,Personal Auto,0,Personal L3,2,2,Branch,1,Small,0,0
JF36291,California,5229.42,Yes,Basic,0,College,1,1/20/2011,Retired,3,M,37992,Married,1,24,68,0,1,Personal Auto,0,Personal L3,2,2,Agent,2,Medsize,1,0
JB50798,Oregon,12993.11,No,Extended,1,Master,3,1/20/2011,Employed,1,F,34599,Single,0,4,95,2,6,Corporate Auto,1,Corporate L3,5,2,Agent,2,Medsize,1,0
NL93182,Nevada,3441.76,No,Extended,1,Bachelor,2,1/20/2011,Unemployed,0,M,0,Single,0,18,43,0,1,Corporate Auto,1,Corporate L3,5,2,Web,0,Small,0,1
YD74948,Oregon,3337.83,Yes,Basic,0,College,1,1/20/2011,Employed,1,F,86211,Married,1,35,109,0,1,Personal Auto,0,Personal L3,2,2,Agent,2,Medsize,1,0
DP46882,California,3896.71,Yes,Extended,1,High School or Below,0,1/20/2011,Retired,3,F,13921,Married,1,14,85,0,1,Corporate Auto,1,Corporate L2,4,2,Agent,2,Large,2,0
NV61299,Arizona,37516.08,Yes,Extended,1,Bachelor,2,1/20/2011,Employed,1,F,45638,Divorced,2,43,80,0,2,Corporate Auto,1,Corporate L3,5,2,Web,0,Medsize,1,0
RI53167,Arizona,3116.67,No,Basic,0,Bachelor,2,1/20/2011,Medical Leave,2,M,28095,Married,1,45,82,0,1,Personal Auto,0,Personal L2,1,2,Agent,2,Medsize,1,0
EK91340,Oregon,10187.93,No,Basic,0,Bachelor,2,1/20/2011,Employed,1,M,42209,Married,1,8,107,0,1,Corporate Auto,1,Corporate L3,5,4,Branch,1,Large,2,1
NM39588,Washington,3615.38,No,Basic,0,Doctor,4,1/20/2011,Employed,1,F,97808,Married,1,28,78,0,1,Corporate Auto,1,Corporate L3,5,4,Branch,1,Medsize,1,0
YG10247,Oregon,30985.05,No,Basic,0,College,1,1/20/2011,Employed,1,M,84235,Married,1,18,24,0,2,Personal Auto,0,Personal L2,1,3,Call Center,3,Small,0,0
WH32183,California,11236.15,No,Basic,0,Bachelor,2,1/20/2011,Employed,1,M,131281,Divorced,2,39,39,0,2,Personal Auto,0,Personal L3,2,2,Web,0,Medsize,1,0
BJ53923,Arizona,3510.37,No,Basic,0,High School or Below,0,1/20/2011,Employed,1,M,70170,Married,1,24,109,0,1,Corporate Auto,1,Corporate L3,5,2,Agent,2,Medsize,1,0
IA62027,Arizona,6552.27,No,Basic,0,Bachelor,2,1/20/2011,Unemployed,0,F,0,Single,0,32,72,0,3,Personal Auto,0,Personal L3,2,1,Web,0,Medsize,1,0
GF17866,Oregon,5229.42,Yes,Basic,0,College,1,1/20/2011,Retired,3,M,37992,Married,1,24,68,0,1,Corporate Auto,1,Corporate L2,4,2,Agent,2,Medsize,1,0
VC68509,Oregon,12806.91,No,Extended,1,Bachelor,2,1/20/2011,Employed,1,F,57024,Married,1,34,14,0,2,Personal Auto,0,Personal L3,2,3,Agent,2,Medsize,1,0
FY40655,Washington,53190.25,No,Premium,2,Master,3,1/20/2011,Unemployed,0,M,0,Single,0,30,130,0,2,Personal Auto,0,Personal L3,2,1,Call Center,3,Medsize,1,1
QR72180,California,4375.77,No,Extended,1,Doctor,4,1/20/2011,Employed,1,F,90300,Married,1,8,22,0,1,Personal Auto,0,Personal L1,0,2,Call Center,3,Small,0,0
LD75023,Oregon,35567.22,No,Extended,1,High School or Below,0,1/20/2011,Employed,1,M,65162,Divorced,2,38,35,0,2,Personal Auto,0,Personal L2,1,1,Web,0,Medsize,1,1
JS55721,California,3258.81,No,Basic,0,College,1,1/20/2011,Disabled,4,M,16868,Divorced,2,43,84,0,1,Personal Auto,0,Personal L3,2,1,Call Center,3,Medsize,1,0
LT32391,California,16175.68,Yes,Basic,0,Master,3,1/20/2011,Retired,3,F,29044,Married,1,0,80,0,2,Personal Auto,0,Personal L3,2,1,Agent,2,Medsize,1,0
CY47265,Oregon,3896.71,Yes,Extended,1,High School or Below,0,1/20/2011,Retired,3,F,13921,Married,1,14,85,0,1,Personal Auto,0,Personal L3,2,2,Agent,2,Large,2,0
JG84729,Arizona,19145.22,No,Basic,0,College,1,1/20/2011,Unemployed,0,F,0,Single,0,20,123,2,2,Personal Auto,0,Personal L1,0,1,Call Center,3,Medsize,1,0
ZW18871,Oregon,11167.86,No,Basic,0,High School or Below,0,1/20/2011,Employed,1,M,123181,Divorced,2,22,68,0,2,Corporate Auto,1,Corporate L3,5,1,Agent,2,Small,0,0
MB19556,California,6840.73,No,Extended,1,College,1,1/20/2011,Employed,1,F,39278,Married,1,3,108,0,1,Personal Auto,0,Personal L2,1,4,Agent,2,Medsize,1,0
GU65780,California,7607.79,No,Basic,0,Doctor,4,1/20/2011,Employed,1,M,95630,Married,1,9,26,4,3,Personal Auto,0,Personal L3,2,2,Agent,2,Small,0,0
MD14027,Nevada,10333.21,No,Basic,0,Bachelor,2,1/20/2011,Unemployed,0,F,0,Single,0,22,120,1,2,Personal Auto,0,Personal L1,0,1,Agent,2,Medsize,1,0
TI61458,California,37516.08,Yes,Extended,1,Bachelor,2,1/20/2011,Employed,1,F,45638,Divorced,2,43,80,0,2,Personal Auto,0,Personal L3,2,2,Web,0,Medsize,1,0
RB49468,Oregon,10140.74,No,Basic,0,Bachelor,2,1/20/2011,Unemployed,0,F,0,Single,0,12,130,0,2,Personal Auto,0,Personal L3,2,1,Branch,1,Medsize,1,0
EG40823,Oregon,5809.69,No,Basic,0,Bachelor,2,1/20/2011,Unemployed,0,F,0,Married,1,8,85,0,1,Personal Auto,0,Personal L2,1,1,Agent,2,Medsize,1,1
WQ91717,Arizona,10318.14,No,Basic,0,College,1,1/20/2011,Unemployed,0,F,0,Married,1,30,69,1,8,Special Auto,2,Special L3,8,3,Branch,1,Medsize,1,0
KQ44803,Arizona,9752.72,No,Basic,0,College,1,1/20/2011,Unemployed,0,M,0,Married,1,36,28,2,2,Personal Auto,0,Personal L2,1,1,Agent,2,Medsize,1,0
SH13204,California,6401.44,No,Basic,0,High School or Below,0,1/20/2011,Unemployed,0,F,0,Single,0,3,99,0,8,Personal Auto,0,Personal L1,0,2,Agent,2,Medsize,1,0
BI17208,Oregon,3773.68,No,Basic,0,College,1,1/20/2011,Unemployed,0,M,0,Married,1,8,82,0,1,Personal Auto,0,Personal L3,2,1,Call Center,3,Medsize,1,0
BG48083,Nevada,8621.48,No,Extended,1,Bachelor,2,1/20/2011,Employed,1,F,32064,Single,0,5,12,1,7,Personal Auto,0,Personal L2,1,1,Web,0,Medsize,1,0
BH35482,Washington,6656.78,No,Basic,0,Doctor,4,1/20/2011,Employed,1,M,95056,Married,1,36,16,0,3,Corporate Auto,1,Corporate L3,5,3,Web,0,Medsize,1,0
VU84949,Washington,7145.05,No,Basic,0,Bachelor,2,1/20/2011,Unemployed,0,F,0,Married,1,18,11,0,3,Personal Auto,0,Personal L2,1,1,Branch,1,Medsize,1,0
MD40054,Oregon,8598.5,Yes,Extended,1,High School or Below,0,1/20/2011,Employed,1,M,46572,Single,0,41,97,0,7,Personal Auto,0,Personal L2,1,2,Branch,1,Small,0,0
RE32481,California,10578.5,No,Basic,0,Master,3,1/20/2011,Employed,1,F,66677,Married,1,42,20,0,1,Personal Auto,0,Personal L1,0,4,Call Center,3,Medsize,1,0
TH70115,California,9424.46,No,Extended,1,College,1,1/20/2011,Employed,1,M,47027,Married,1,1,61,2,9,Personal Auto,0,Personal L3,2,1,Agent,2,Medsize,1,0
LS59408,Arizona,3375.33,No,Basic,0,High School or Below,0,1/20/2011,Unemployed,0,M,0,Married,1,5,59,0,1,Personal Auto,0,Personal L3,2,2,Call Center,3,Small,0,0
XC68458,California,8220.85,No,Extended,1,Bachelor,2,1/20/2011,Medical Leave,2,M,29473,Single,0,39,53,0,3,Personal Auto,0,Personal L2,1,1,Web,0,Small,0,0
WD88540,California,4691.35,No,Extended,1,High School or Below,0,1/20/2011,Unemployed,0,M,0,Married,1,8,81,0,1,Personal Auto,0,Personal L1,0,4,Web,0,Large,2,0
QK69627,Washington,12674.02,No,Extended,1,High School or Below,0,1/20/2011,Employed,1,F,101606,Married,1,32,124,0,2,Personal Auto,0,Personal L3,2,2,Web,0,Medsize,1,0
HX77930,Washington,4234.18,No,Extended,1,College,1,1/20/2011,Employed,1,F,66868,Married,1,22,12,1,1,Personal Auto,0,Personal L1,0,1,Agent,2,Medsize,1,0
PX72779,Arizona,10721.94,No,Basic,0,Master,3,1/20/2011,Employed,1,M,56473,Married,1,26,20,0,2,Personal Auto,0,Personal L3,2,1,Call Center,3,Small,0,0
VW65429,Arizona,9314.61,No,Extended,1,High School or Below,0,1/20/2011,Employed,1,M,50366,Married,1,26,93,0,9,Personal Auto,0,Personal L2,1,1,Agent,2,Medsize,1,0
KJ72146,Oregon,9620.74,No,Basic,0,Bachelor,2,1/20/2011,Employed,1,M,41708,Divorced,2,14,47,0,2,Personal Auto,0,Personal L2,1,4,Web,0,Small,0,0
PY98041,Oregon,7299.28,No,Basic,0,Bachelor,2,1/20/2011,Employed,1,M,36674,Single,0,39,69,0,5,Personal Auto,0,Personal L3,2,2,Web,0,Medsize,1,0
AO46433,California,10906.02,No,Premium,2,Bachelor,2,1/20/2011,Unemployed,0,F,0,Married,1,1,53,1,5,Personal Auto,0,Personal L2,1,1,Branch,1,Medsize,1,0
VX67206,Oregon,37516.08,Yes,Extended,1,Bachelor,2,1/20/2011,Employed,1,F,45638,Divorced,2,43,80,0,2,Corporate Auto,1,Corporate L3,5,2,Web,0,Medsize,1,0
QL80658,Arizona,5311.86,No,Extended,1,High School or Below,0,1/20/2011,Employed,1,M,113709,Married,1,34,27,0,1,Personal Auto,0,Personal L3,2,4,Branch,1,Small,0,0
BO94261,Arizona,10193.67,No,Basic,0,Doctor,4,1/20/2011,Unemployed,0,M,0,Married,1,43,20,1,2,Personal Auto,0,Personal L1,0,2,Call Center,3,Medsize,1,0
MY32188,Oregon,3621.93,No,Basic,0,Bachelor,2,1/20/2011,Unemployed,0,M,0,Single,0,32,45,0,1,Corporate Auto,1,Corporate L3,5,1,Agent,2,Small,0,0
LZ31103,Oregon,3337.83,Yes,Basic,0,College,1,1/20/2011,Employed,1,F,86211,Married,1,35,109,0,1,Personal Auto,0,Personal L2,1,2,Agent,2,Medsize,1,0
AG45299,California,11604.23,No,Basic,0,College,1,1/20/2011,Employed,1,M,103630,Divorced,2,16,117,0,8,Personal Auto,0,Personal L3,2,2,Web,0,Small,0,0
UW68708,California,6762.95,No,Basic,0,Bachelor,2,1/20/2011,Unemployed,0,F,0,Single,0,27,128,0,4,Personal Auto,0,Personal L2,1,1,Web,0,Medsize,1,0
BK15048,Arizona,8986.56,No,Basic,0,College,1,1/20/2011,Unemployed,0,M,0,Single,0,31,43,1,2,Personal Auto,0,Personal L3,2,1,Branch,1,Small,0,0
PS25185,Washington,5531.45,No,Premium,2,Bachelor,2,1/20/2011,Medical Leave,2,F,27107,Single,0,1,85,0,1,Corporate Auto,1,Corporate L3,5,1,Web,0,Medsize,1,0
DI42246,Arizona,3011.52,No,Basic,0,College,1,1/20/2011,Unemployed,0,M,0,Married,1,12,66,0,1,Personal Auto,0,Personal L2,1,1,Agent,2,Medsize,1,0
FJ62579,Oregon,16584.81,No,Basic,0,High School or Below,0,1/20/2011,Unemployed,0,M,0,Divorced,2,39,88,2,7,Personal Auto,0,Personal L3,2,1,Call Center,3,Small,0,1
GF59560,Oregon,7854.07,No,Basic,0,College,1,1/20/2011,Employed,1,F,117212,Married,1,1,103,0,3,Personal Auto,0,Personal L2,1,1,Call Center,3,Medsize,1,0
TM33419,Washington,7095.03,No,Extended,1,College,1,1/20/2011,Employed,1,F,60124,Single,0,16,30,1,1,Personal Auto,0,Personal L2,1,1,Branch,1,Medsize,1,0
MM27192,Oregon,16175.68,Yes,Basic,0,Master,3,1/20/2011,Retired,3,F,29044,Married,1,0,80,0,2,Personal Auto,0,Personal L2,1,1,Agent,2,Medsize,1,0
LK87874,Nevada,10346.23,No,Basic,0,Bachelor,2,1/20/2011,Unemployed,0,F,0,Single,0,7,128,0,3,Personal Auto,0,Personal L3,2,2,Call Center,3,Small,0,0
VE51810,Arizona,7847.88,No,Basic,0,Bachelor,2,1/20/2011,Employed,1,M,57773,Married,1,3,51,0,4,Personal Auto,0,Personal L1,0,3,Branch,1,Large,2,0
KC36987,Oregon,18001.26,No,Premium,2,Bachelor,2,1/20/2011,Employed,1,M,64733,Married,1,31,116,1,8,Personal Auto,0,Personal L3,2,1,Branch,1,Medsize,1,1
FY67942,California,15971.79,No,Premium,2,College,1,1/20/2011,Employed,1,F,125457,Married,1,8,51,0,7,Personal Auto,0,Personal L3,2,1,Branch,1,Small,0,0
RO32883,Oregon,10536.21,No,Premium,2,Bachelor,2,1/20/2011,Unemployed,0,F,0,Married,1,24,113,4,8,Personal Auto,0,Personal L3,2,1,Branch,1,Medsize,1,0
PW95813,Oregon,3896.71,Yes,Extended,1,High School or Below,0,1/20/2011,Retired,3,F,13921,Married,1,14,85,0,1,Personal Auto,0,Personal L1,0,2,Agent,2,Large,2,0
PL18921,Oregon,16175.68,Yes,Basic,0,Master,3,1/20/2011,Retired,3,F,29044,Married,1,0,80,0,2,Personal Auto,0,Personal L2,1,1,Agent,2,Medsize,1,0
WN13947,Oregon,6565.41,No,Basic,0,Bachelor,2,1/20/2011,Unemployed,0,M,0,Single,0,4,47,0,5,Corporate Auto,1,Corporate L3,5,2,Agent,2,Small,0,0
MM90239,Oregon,8598.5,Yes,Extended,1,High School or Below,0,1/20/2011,Employed,1,M,46572,Single,0,41,97,0,7,Personal Auto,0,Personal L1,0,2,Branch,1,Small,0,0
TY20016,Oregon,10773.66,No,Basic,0,Bachelor,2,1/20/2011,Employed,1,M,98191,Married,1,9,130,0,2,Personal Auto,0,Personal L3,2,4,Web,0,Large,2,0
RP92511,Nevada,14965.93,No,Extended,1,Bachelor,2,1/20/2011,Employed,1,M,93272,Married,1,32,15,0,5,Personal Auto,0,Personal L3,2,1,Agent,2,Medsize,1,0
SK89479,California,6772.47,No,Basic,0,College,1,1/20/2011,Unemployed,0,M,0,Single,0,22,104,0,9,Corporate Auto,1,Corporate L3,5,2,Branch,1,Medsize,1,0
LL67008,California,30908.72,No,Extended,1,Bachelor,2,1/20/2011,Unemployed,0,F,0,Single,0,19,23,0,2,Corporate Auto,1,Corporate L2,4,1,Agent,2,Medsize,1,0
WP34496,Washington,33146.38,No,Basic,0,High School or Below,0,1/20/2011,Unemployed,0,M,0,Married,1,24,89,1,2,Personal Auto,0,Personal L3,2,1,Branch,1,Large,2,1
JV12632,Washington,3859.64,No,Extended,1,Master,3,1/20/2011,Unemployed,0,F,0,Married,1,34,123,4,1,Corporate Auto,1,Corporate L2,4,4,Branch,1,Medsize,1,0
EC13382,Oregon,16175.68,Yes,Basic,0,Master,3,1/20/2011,Retired,3,F,29044,Married,1,0,80,0,2,Corporate Auto,1,Corporate L2,4,1,Agent,2,Medsize,1,0
QD26729,California,3406.93,No,Basic,0,College,1,1/20/2011,Employed,1,M,58325,Married,1,42,26,3,1,Personal Auto,0,Personal L1,0,4,Branch,1,Medsize,1,0
VR45143,Arizona,3359.13,No,Basic,0,High School or Below,0,1/20/2011,Employed,1,F,65606,Single,0,16,85,5,1,Corporate Auto,1,Corporate L3,5,4,Agent,2,Medsize,1,0
FB77856,Nevada,5229.42,Yes,Basic,0,College,1,1/20/2011,Retired,3,M,37992,Married,1,24,68,0,1,Personal Auto,0,Personal L3,2,2,Agent,2,Medsize,1,0
LE12086,Oregon,7745.62,No,Basic,0,College,1,1/20/2011,Employed,1,F,93077,Married,1,20,42,0,8,Personal Auto,0,Personal L1,0,1,Call Center,3,Medsize,1,0
XO78284,Arizona,5247.89,No,Extended,1,Master,3,1/20/2011,Employed,1,M,130052,Single,0,9,58,0,1,Personal Auto,0,Personal L3,2,1,Branch,1,Small,0,0
TW81986,Arizona,7604.03,No,Extended,1,Bachelor,2,1/20/2011,Employed,1,F,69823,Married,1,24,132,0,1,Personal Auto,0,Personal L2,1,2,Agent,2,Medsize,1,0
RE36747,Nevada,4096.94,No,Extended,1,High School or Below,0,1/20/2011,Medical Leave,2,M,23366,Married,1,14,116,0,1,Personal Auto,0,Personal L2,1,2,Branch,1,Small,0,1
UZ60774,Nevada,8169.93,No,Extended,1,Bachelor,2,1/20/2011,Unemployed,0,F,0,Single,0,31,99,1,5,Personal Auto,0,Personal L3,2,2,Branch,1,Medsize,1,0
AZ38648,Washington,16175.68,Yes,Basic,0,Master,3,1/20/2011,Retired,3,F,29044,Married,1,0,80,0,2,Personal Auto,0,Personal L3,2,1,Agent,2,Medsize,1,0
AR99766,Nevada,6334.27,No,Basic,0,Bachelor,2,1/20/2011,Employed,1,F,111421,Single,0,20,76,0,1,Personal Auto,0,Personal L3,2,1,Agent,2,Medsize,1,0
MU76701,Washington,5293.38,No,Extended,1,College,1,1/20/2011,Employed,1,F,84301,Married,1,26,16,1,1,Personal Auto,0,Personal L2,1,2,Call Center,3,Small,0,0
IW56740,Oregon,20951.56,No,Extended,1,High School or Below,0,1/20/2011,Medical Leave,2,M,31593,Divorced,2,4,38,0,2,Personal Auto,0,Personal L3,2,3,Agent,2,Medsize,1,0
IA11038,Oregon,11941.71,No,Basic,0,College,1,1/20/2011,Employed,1,F,104054,Single,0,15,69,0,7,Personal Auto,0,Personal L2,1,2,Call Center,3,Medsize,1,0
ZE79055,California,4152.05,No,Extended,1,Bachelor,2,1/20/2011,Employed,1,M,87773,Married,1,11,22,4,1,Personal Auto,0,Personal L2,1,2,Web,0,Small,0,0
TB77524,Arizona,10865.3,No,Basic,0,College,1,1/20/2011,Unemployed,0,F,0,Single,0,32,122,0,9,Personal Auto,0,Personal L3,2,2,Branch,1,Medsize,1,1
RV58659,Washington,5970.89,No,Basic,0,College,1,1/20/2011,Employed,1,F,28517,Married,1,4,50,0,1,Corporate Auto,1,Corporate L3,5,4,Web,0,Medsize,1,0
ER29107,Oregon,8598.5,Yes,Extended,1,High School or Below,0,1/20/2011,Employed,1,M,46572,Single,0,41,97,0,7,Personal Auto,0,Personal L3,2,2,Branch,1,Small,0,0
OH91173,California,5229.42,Yes,Basic,0,College,1,1/20/2011,Retired,3,M,37992,Married,1,24,68,0,1,Personal Auto,0,Personal L3,2,2,Agent,2,Medsize,1,0
SD94067,California,8923.57,No,Extended,1,Master,3,1/20/2011,Employed,1,F,31882,Married,1,11,92,0,7,Special Auto,2,Special L2,7,3,Web,0,Medsize,1,0
DV24592,Oregon,3337.83,Yes,Basic,0,College,1,1/20/2011,Employed,1,F,86211,Married,1,35,109,0,1,Personal Auto,0,Personal L3,2,2,Agent,2,Medsize,1,0
EJ95100,California,3745.98,No,Basic,0,Master,3,1/20/2011,Unemployed,0,F,0,Divorced,2,5,41,0,1,Personal Auto,0,Personal L3,2,2,Branch,1,Medsize,1,0
ZV43428,Arizona,37516.08,Yes,Extended,1,Bachelor,2,1/20/2011,Employed,1,F,45638,Divorced,2,43,80,0,2,Special Auto,2,Special L3,8,2,Web,0,Medsize,1,0
RA98783,Arizona,37516.08,Yes,Extended,1,Bachelor,2,1/20/2011,Employed,1,F,45638,Divorced,2,43,80,0,2,Corporate Auto,1,Corporate L3,5,2,Web,0,Medsize,1,0
AD56037,Arizona,6966.34,No,Extended,1,High School or Below,0,1/20/2011,Employed,1,M,117518,Married,1,1,101,0,1,Personal Auto,0,Personal L1,0,4,Agent,2,Medsize,1,0
IK77998,Washington,3494.39,No,Basic,0,High School or Below,0,1/20/2011,Unemployed,0,M,0,Single,0,9,85,0,1,Personal Auto,0,Personal L2,1,1,Agent,2,Medsize,1,1
IZ24763,Nevada,4651.91,No,Extended,1,Bachelor,2,1/20/2011,Unemployed,0,F,0,Divorced,2,45,128,0,1,Corporate Auto,1,Corporate L2,4,1,Web,0,Small,0,0
RO70057,Nevada,8598.5,Yes,Extended,1,High School or Below,0,1/20/2011,Employed,1,M,46572,Single,0,41,97,0,7,Personal Auto,0,Personal L1,0,2,Branch,1,Small,0,0
OM37610,Nevada,17582.7,No,Premium,2,High School or Below,0,1/20/2011,Employed,1,F,35521,Married,1,39,26,1,2,Personal Auto,0,Personal L3,2,1,Web,0,Medsize,1,0
FJ76376,California,10460.89,No,Basic,0,Bachelor,2,1/20/2011,Employed,1,M,107363,Married,1,3,53,0,2,Personal Auto,0,Personal L2,1,2,Agent,2,Medsize,1,0
PC43437,Arizona,9877.97,No,Basic,0,College,1,1/20/2011,Employed,1,F,32512,Divorced,2,30,3,1,2,Personal Auto,0,Personal L3,2,1,Agent,2,Small,0,0
JZ23377,Oregon,77652.68,No,Premium,2,College,1,1/20/2011,Employed,1,F,65295,Married,1,14,46,0,2,Personal Auto,0,Personal L3,2,2,Branch,1,Medsize,1,1
EN89709,Arizona,3449.97,No,Basic,0,Doctor,4,1/20/2011,Disabled,4,F,24625,Married,1,23,59,0,1,Personal Auto,0,Personal L2,1,3,Agent,2,Medsize,1,0
GT17701,Oregon,4066.25,No,Extended,1,Bachelor,2,1/20/2011,Employed,1,F,58032,Divorced,2,19,65,0,1,Personal Auto,0,Personal L3,2,2,Web,0,Small,0,0
WE25756,Arizona,9923.76,No,Extended,1,High School or Below,0,1/20/2011,Employed,1,M,93475,Divorced,2,3,85,0,3,Personal Auto,0,Personal L3,2,1,Agent,2,Medsize,1,0
DH14632,Oregon,11812.8,No,Basic,0,College,1,1/20/2011,Employed,1,F,46838,Single,0,1,81,0,5,Personal Auto,0,Personal L3,2,1,Call Center,3,Small,0,0
NN51066,Oregon,3896.71,Yes,Extended,1,High School or Below,0,1/20/2011,Retired,3,F,13921,Married,1,14,85,0,1,Personal Auto,0,Personal L2,1,2,Agent,2,Large,2,0
UF56271,Washington,3799.49,No,Basic,0,High School or Below,0,1/20/2011,Employed,1,F,41449,Married,1,20,78,0,1,Personal Auto,0,Personal L1,0,1,Agent,2,Medsize,1,0
PQ72803,Washington,3896.71,Yes,Extended,1,High School or Below,0,1/20/2011,Retired,3,F,13921,Married,1,14,85,0,1,Personal Auto,0,Personal L3,2,2,Agent,2,Large,2,0
XW34862,Nevada,16175.68,Yes,Basic,0,Master,3,1/20/2011,Retired,3,F,29044,Married,1,0,80,0,2,Special Auto,2,Special L3,8,1,Agent,2,Medsize,1,0
JX50349,Oregon,3337.83,Yes,Basic,0,College,1,1/20/2011,Employed,1,F,86211,Married,1,35,109,0,1,Personal Auto,0,Personal L1,0,2,Agent,2,Medsize,1,0
AU77281,Oregon,3337.83,Yes,Basic,0,College,1,1/20/2011,Employed,1,F,86211,Married,1,35,109,0,1,Personal Auto,0,Personal L2,1,2,Agent,2,Medsize,1,0
QQ86648,Oregon,7639.02,No,Basic,0,High School or Below,0,1/20/2011,Employed,1,M,106426,Married,1,19,27,2,8,Personal Auto,0,Personal L1,0,2,Call Center,3,Small,0,0
MD70513,Washington,17225.03,No,Basic,0,College,1,1/20/2011,Employed,1,M,92274,Single,0,22,122,0,2,Personal Auto,0,Personal L2,1,1,Branch,1,Medsize,1,0
HX90683,California,3337.83,Yes,Basic,0,College,1,1/20/2011,Employed,1,F,86211,Married,1,35,109,0,1,Personal Auto,0,Personal L2,1,2,Agent,2,Medsize,1,0
QV24282,California,7240.77,No,Basic,0,Bachelor,2,1/20/2011,Employed,1,F,59237,Single,0,26,81,0,5,Corporate Auto,1,Corporate L3,5,1,Branch,1,Medsize,1,0
NE70589,California,17848.09,No,Basic,0,College,1,1/20/2011,Disabled,4,M,39830,Married,1,32,122,0,2,Personal Auto,0,Personal L2,1,1,Branch,1,Medsize,1,1
VT16570,California,9154.52,No,Extended,1,College,1,1/20/2011,Employed,1,F,40937,Divorced,2,20,90,0,8,Corporate Auto,1,Corporate L2,4,1,Call Center,3,Medsize,1,0
ZF54421,California,8598.5,Yes,Extended,1,High School or Below,0,1/20/2011,Employed,1,M,46572,Single,0,41,97,0,7,Personal Auto,0,Personal L2,1,2,Branch,1,Small,0,0
EH51056,California,3713.69,No,Basic,0,High School or Below,0,1/20/2011,Employed,1,M,125688,Married,1,32,3,0,1,Personal Auto,0,Personal L2,1,4,Branch,1,Small,0,0
KE70943,California,13622.05,No,Extended,1,College,1,1/20/2011,Employed,1,F,131271,Divorced,2,8,123,0,3,Personal Auto,0,Personal L3,2,3,Web,0,Medsize,1,0
EZ11341,California,10909.28,No,Basic,0,College,1,1/20/2011,Employed,1,M,115034,Single,0,46,12,0,2,Personal Auto,0,Personal L1,0,3,Branch,1,Medsize,1,0
NL33789,California,5504.63,No,Basic,0,Bachelor,2,1/20/2011,Employed,1,F,71676,Divorced,2,4,84,0,1,Corporate Auto,1,Corporate L2,4,2,Call Center,3,Medsize,1,0
FQ93665,California,25568.33,No,Basic,0,High School or Below,0,1/20/2011,Employed,1,F,29580,Married,1,22,46,0,2,Corporate Auto,1,Corporate L3,5,2,Agent,2,Small,0,0
LG73224,California,3605.36,No,Basic,0,High School or Below,0,1/20/2011,Employed,1,M,70972,Single,0,22,99,0,1,Personal Auto,0,Personal L2,1,4,Web,0,Medsize,1,0
RW54189,California,7758.81,No,Basic,0,Bachelor,2,1/20/2011,Employed,1,M,31730,Married,1,3,89,0,8,Personal Auto,0,Personal L3,2,4,Call Center,3,Small,0,0
QR91631,California,11788.32,No,Basic,0,High School or Below,0,1/20/2011,Employed,1,F,69127,Married,1,5,70,0,2,Personal Auto,0,Personal L1,0,2,Branch,1,Medsize,1,0
CB59349,California,21953.14,No,Extended,1,Master,3,1/20/2011,Employed,1,M,81872,Married,1,42,57,0,2,Personal Auto,0,Personal L3,2,2,Agent,2,Medsize,1,0
SV62436,Washington,4106.42,No,Extended,1,Bachelor,2,1/21/2011,Disabled,4,F,18615,Divorced,2,11,66,0,1,Personal Auto,0,Personal L3,2,4,Call Center,3,Medsize,1,0
UH65059,Arizona,5812.84,No,Basic,0,High School or Below,0,1/21/2011,Employed,1,M,32654,Married,1,19,111,0,1,Personal Auto,0,Personal L3,2,1,Agent,2,Medsize,1,0
LP84436,California,12213.61,No,Extended,1,High School or Below,0,1/21/2011,Unemployed,0,F,0,Single,0,41,15,0,6,Personal Auto,0,Personal L2,1,3,Branch,1,Medsize,1,1
CC15295,Oregon,13153.52,No,Extended,1,Bachelor,2,1/21/2011,Employed,1,F,32438,Married,1,19,36,0,2,Personal Auto,0,Personal L2,1,2,Agent,2,Small,0,0
SL22297,California,15039.41,No,Premium,2,Master,3,1/21/2011,Disabled,4,F,37367,Single,0,41,38,0,3,Personal Auto,0,Personal L1,0,1,Call Center,3,Medsize,1,0
BS13062,Arizona,34769.63,No,Extended,1,High School or Below,0,1/21/2011,Unemployed,0,F,0,Married,1,4,81,2,2,Personal Auto,0,Personal L2,1,4,Call Center,3,Small,0,0
VZ51506,Arizona,4853.67,No,Basic,0,High School or Below,0,1/21/2011,Unemployed,0,F,0,Single,0,27,58,0,1,Corporate Auto,1,Corporate L3,5,2,Call Center,3,Medsize,1,1
SM73248,Arizona,15575.63,No,Extended,1,High School or Below,0,1/21/2011,Unemployed,0,M,0,Single,0,16,120,1,2,Corporate Auto,1,Corporate L1,3,1,Agent,2,Medsize,1,0
NW54906,Oregon,18724.4,Yes,Basic,0,College,1,1/21/2011,Employed,1,M,38383,Married,1,1,80,0,2,Personal Auto,0,Personal L3,2,2,Branch,1,Small,0,0
HB85743,California,11931.42,Yes,Basic,0,Bachelor,2,1/21/2011,Employed,1,M,111596,Married,1,32,14,3,9,Personal Auto,0,Personal L1,0,2,Agent,2,Medsize,1,0
LB25094,California,3416.45,Yes,Basic,0,Bachelor,2,1/21/2011,Employed,1,F,120759,Single,0,15,3,0,1,Special Auto,2,Special L2,7,2,Web,0,Medsize,1,0
TV82603,California,20108.79,No,Basic,0,Bachelor,2,1/21/2011,Employed,1,F,64909,Married,1,42,16,0,5,Personal Auto,0,Personal L3,2,1,Branch,1,Small,0,1
YV67971,California,6682.24,No,Basic,0,High School or Below,0,1/21/2011,Employed,1,F,28812,Married,1,46,97,0,3,Personal Auto,0,Personal L2,1,3,Agent,2,Medsize,1,0
ZQ11381,Arizona,22775.02,No,Extended,1,Bachelor,2,1/21/2011,Employed,1,M,82435,Married,1,28,5,0,2,Personal Auto,0,Personal L2,1,2,Agent,2,Medsize,1,0
KN21017,Nevada,4331.1,No,Extended,1,High School or Below,0,1/21/2011,Employed,1,M,70695,Married,1,34,86,0,1,Personal Auto,0,Personal L1,0,2,Call Center,3,Medsize,1,0
PI47776,Oregon,3416.45,Yes,Basic,0,Bachelor,2,1/21/2011,Employed,1,F,120759,Single,0,15,3,0,1,Corporate Auto,1,Corporate L3,5,2,Web,0,Medsize,1,0
VJ51327,California,27425.25,No,Basic,0,High School or Below,0,1/21/2011,Employed,1,F,85332,Married,1,27,38,2,2,Personal Auto,0,Personal L3,2,1,Agent,2,Small,0,0
XD19546,California,11016.93,No,Basic,0,High School or Below,0,1/21/2011,Unemployed,0,F,0,Married,1,20,82,0,7,Personal Auto,0,Personal L1,0,1,Web,0,Medsize,1,0
QM38267,Arizona,3599.17,No,Basic,0,High School or Below,0,1/21/2011,Employed,1,F,116533,Married,1,9,34,0,1,Personal Auto,0,Personal L1,0,3,Call Center,3,Medsize,1,0
EF52978,Arizona,6449.11,No,Basic,0,High School or Below,0,1/21/2011,Unemployed,0,F,0,Married,1,20,108,0,3,Personal Auto,0,Personal L3,2,1,Agent,2,Medsize,1,0
WC35554,Oregon,6116.22,No,Basic,0,College,1,1/21/2011,Employed,1,M,46764,Married,1,31,73,2,1,Personal Auto,0,Personal L2,1,1,Call Center,3,Medsize,1,0
XI51746,Oregon,11916.4,No,Basic,0,Bachelor,2,1/21/2011,Employed,1,F,38425,Married,1,0,61,2,7,Personal Auto,0,Personal L3,2,3,Call Center,3,Medsize,1,0
AI47152,Nevada,10790.25,No,Basic,0,College,1,1/21/2011,Employed,1,F,47836,Married,1,26,35,0,2,Personal Auto,0,Personal L2,1,2,Agent,2,Medsize,1,0
YH43996,Arizona,13756.03,No,Premium,2,College,1,1/21/2011,Unemployed,0,M,0,Single,0,20,122,0,2,Personal Auto,0,Personal L3,2,1,Branch,1,Small,0,0
OJ50322,Nevada,21279.51,No,Premium,2,High School or Below,0,1/21/2011,Employed,1,M,52693,Married,1,42,20,0,7,Personal Auto,0,Personal L3,2,1,Call Center,3,Medsize,1,1
KM79894,Arizona,4178.49,No,Extended,1,Master,3,1/21/2011,Employed,1,M,119132,Married,1,4,36,1,1,Corporate Auto,1,Corporate L3,5,2,Agent,2,Medsize,1,0
NB27041,Arizona,12198.16,Yes,Premium,2,High School or Below,0,1/21/2011,Employed,1,F,46355,Married,1,27,59,0,9,Corporate Auto,1,Corporate L3,5,2,Web,0,Large,2,0
HP87787,Arizona,11931.42,Yes,Basic,0,Bachelor,2,1/21/2011,Employed,1,M,111596,Married,1,32,14,3,9,Corporate Auto,1,Corporate L3,5,2,Agent,2,Medsize,1,0
DO83038,California,11280.3,No,Basic,0,College,1,1/21/2011,Employed,1,F,87078,Married,1,30,66,0,2,Personal Auto,0,Personal L3,2,2,Call Center,3,Medsize,1,0
IG85969,Arizona,6834.2,No,Basic,0,College,1,1/21/2011,Unemployed,0,F,0,Single,0,30,78,0,5,Personal Auto,0,Personal L3,2,3,Call Center,3,Large,2,0
DA54619,Oregon,12198.16,Yes,Premium,2,High School or Below,0,1/21/2011,Employed,1,F,46355,Married,1,27,59,0,9,Personal Auto,0,Personal L3,2,2,Web,0,Large,2,0
LH91968,Oregon,11931.42,Yes,Basic,0,Bachelor,2,1/21/2011,Employed,1,M,111596,Married,1,32,14,3,9,Corporate Auto,1,Corporate L3,5,2,Agent,2,Medsize,1,0
PD82395,Arizona,11677.5,No,Premium,2,Bachelor,2,1/21/2011,Unemployed,0,F,0,Married,1,0,4,0,3,Special Auto,2,Special L1,6,1,Branch,1,Small,0,1
ME83611,Nevada,3416.45,Yes,Basic,0,Bachelor,2,1/21/2011,Employed,1,F,120759,Single,0,15,3,0,1,Personal Auto,0,Personal L3,2,2,Web,0,Medsize,1,0
OH35544,Nevada,7586.96,No,Extended,1,College,1,1/21/2011,Unemployed,0,F,0,Single,0,19,31,0,6,Corporate Auto,1,Corporate L2,4,3,Agent,2,Medsize,1,1
XX89213,Nevada,11761.41,No,Extended,1,Master,3,1/21/2011,Employed,1,F,92497,Married,1,23,0,0,1,Corporate Auto,1,Corporate L2,4,2,Branch,1,Medsize,1,0
JG35886,California,5551.05,No,Premium,2,College,1,1/21/2011,Employed,1,F,87865,Married,1,27,74,0,1,Personal Auto,0,Personal L2,1,2,Call Center,3,Medsize,1,0
KR10942,Oregon,3579.68,No,Basic,0,Bachelor,2,1/21/2011,Employed,1,F,44821,Married,1,12,76,0,1,Personal Auto,0,Personal L3,2,4,Branch,1,Medsize,1,0
XQ12791,California,4592.54,No,Extended,1,High School or Below,0,1/21/2011,Employed,1,M,56662,Divorced,2,27,31,0,1,Personal Auto,0,Personal L3,2,2,Branch,1,Medsize,1,0
OU76593,Oregon,9331.25,No,Extended,1,College,1,1/21/2011,Unemployed,0,M,0,Married,1,15,74,0,5,Personal Auto,0,Personal L3,2,2,Agent,2,Medsize,1,0
NI99807,Oregon,18724.4,Yes,Basic,0,College,1,1/21/2011,Employed,1,M,38383,Married,1,1,80,0,2,Personal Auto,0,Personal L2,1,2,Branch,1,Small,0,0
VY75186,California,3027.03,No,Basic,0,College,1,1/21/2011,Unemployed,0,M,0,Divorced,2,24,65,0,1,Personal Auto,0,Personal L3,2,1,Call Center,3,Medsize,1,0
YK92213,Oregon,6831.41,No,Extended,1,Doctor,4,1/21/2011,Unemployed,0,M,0,Married,1,31,103,0,1,Personal Auto,0,Personal L1,0,2,Call Center,3,Medsize,1,0
DY38083,California,11931.42,Yes,Basic,0,Bachelor,2,1/21/2011,Employed,1,M,111596,Married,1,32,14,3,9,Personal Auto,0,Personal L3,2,2,Agent,2,Medsize,1,0
QS26062,California,3789.52,No,Basic,0,High School or Below,0,1/21/2011,Employed,1,M,109235,Married,1,23,89,0,1,Corporate Auto,1,Corporate L2,4,2,Branch,1,Medsize,1,0
BA66627,Nevada,48909.7,No,Basic,0,Bachelor,2,1/21/2011,Employed,1,F,29997,Single,0,39,62,0,2,Personal Auto,0,Personal L3,2,1,Branch,1,Medsize,1,0
UO49439,Oregon,7605.27,No,Basic,0,College,1,1/21/2011,Employed,1,M,121890,Divorced,2,12,14,1,3,Personal Auto,0,Personal L1,0,1,Agent,2,Medsize,1,0
XC72555,Oregon,6041.32,No,Basic,0,High School or Below,0,1/21/2011,Employed,1,F,132231,Married,1,12,18,3,1,Personal Auto,0,Personal L3,2,4,Web,0,Small,0,0
PJ54354,California,6429.81,No,Basic,0,Bachelor,2,1/21/2011,Unemployed,0,M,0,Married,1,14,15,0,3,Personal Auto,0,Personal L1,0,1,Call Center,3,Medsize,1,0
VT52978,Nevada,16939.03,No,Premium,2,High School or Below,0,1/21/2011,Employed,1,M,44357,Divorced,2,32,20,0,2,Corporate Auto,1,Corporate L2,4,1,Call Center,3,Medsize,1,0
AI49712,Washington,3501.76,No,Basic,0,High School or Below,0,1/21/2011,Unemployed,0,F,0,Single,0,42,134,0,1,Personal Auto,0,Personal L1,0,3,Call Center,3,Large,2,0
WH36754,Oregon,25769.26,No,Basic,0,College,1,1/21/2011,Employed,1,F,44246,Divorced,2,14,99,0,2,Personal Auto,0,Personal L1,0,1,Branch,1,Small,0,0
VH94792,California,5985.49,No,Basic,0,Bachelor,2,1/21/2011,Unemployed,0,F,0,Single,0,9,30,0,6,Special Auto,2,Special L3,8,2,Web,0,Medsize,1,0
KC49055,Oregon,9616.16,No,Extended,1,Bachelor,2,1/21/2011,Employed,1,M,29477,Married,1,3,112,0,3,Personal Auto,0,Personal L2,1,4,Agent,2,Medsize,1,0
WJ38827,Oregon,9736.91,No,Extended,1,High School or Below,0,1/21/2011,Unemployed,0,M,0,Married,1,35,34,0,3,Corporate Auto,1,Corporate L2,4,1,Agent,2,Small,0,0
QF91596,Nevada,6473.2,No,Basic,0,Bachelor,2,1/21/2011,Employed,1,F,111730,Single,0,38,105,0,3,Personal Auto,0,Personal L3,2,4,Agent,2,Medsize,1,0
FX78901,Oregon,22340.96,No,Extended,1,Bachelor,2,1/21/2011,Employed,1,F,110213,Single,0,45,35,0,2,Special Auto,2,Special L3,8,2,Call Center,3,Medsize,1,0
EE96187,Oregon,9597.61,No,Extended,1,High School or Below,0,1/21/2011,Employed,1,F,124771,Married,1,7,107,0,6,Personal Auto,0,Personal L1,0,2,Branch,1,Medsize,1,0
IV98398,California,20682.5,No,Extended,1,Bachelor,2,1/21/2011,Employed,1,M,110639,Married,1,4,28,0,2,Corporate Auto,1,Corporate L3,5,1,Web,0,Medsize,1,0
ON63161,Oregon,11587.42,No,Premium,2,High School or Below,0,1/21/2011,Disabled,4,F,24323,Divorced,2,31,73,0,9,Personal Auto,0,Personal L3,2,2,Call Center,3,Medsize,1,0
YQ53901,Washington,7082.48,Yes,Basic,0,Bachelor,2,1/21/2011,Employed,1,F,39027,Married,1,20,89,0,8,Personal Auto,0,Personal L3,2,1,Agent,2,Medsize,1,0
KQ36942,California,5260.37,No,Basic,0,Bachelor,2,1/21/2011,Medical Leave,2,M,14652,Married,1,15,24,0,1,Corporate Auto,1,Corporate L3,5,2,Web,0,Small,0,0
CE41738,Oregon,3894.75,No,Basic,0,College,1,1/21/2011,Employed,1,F,104960,Married,1,1,69,0,1,Personal Auto,0,Personal L3,2,2,Branch,1,Medsize,1,0
EH27304,California,3989.92,No,Basic,0,Doctor,4,1/21/2011,Employed,1,F,76278,Single,0,20,105,0,1,Personal Auto,0,Personal L1,0,3,Branch,1,Medsize,1,0
GB70736,Oregon,7439.8,No,Basic,0,College,1,1/21/2011,Employed,1,F,134397,Married,1,19,115,0,6,Corporate Auto,1,Corporate L3,5,4,Web,0,Medsize,1,0
QD86074,Oregon,12198.16,Yes,Premium,2,High School or Below,0,1/21/2011,Employed,1,F,46355,Married,1,27,59,0,9,Corporate Auto,1,Corporate L1,3,2,Web,0,Large,2,0
YS49138,California,11715.99,No,Premium,2,High School or Below,0,1/21/2011,Employed,1,F,84194,Married,1,30,117,0,8,Personal Auto,0,Personal L2,1,1,Call Center,3,Medsize,1,0
VZ59523,Arizona,7701.72,No,Basic,0,Doctor,4,1/21/2011,Employed,1,M,68438,Married,1,42,41,0,5,Personal Auto,0,Personal L3,2,1,Call Center,3,Large,2,0
SW88021,California,3323.43,No,Basic,0,Bachelor,2,1/21/2011,Medical Leave,2,F,16500,Married,1,11,95,1,1,Corporate Auto,1,Corporate L3,5,3,Agent,2,Medsize,1,0
ET81343,California,11813.37,No,Extended,1,Doctor,4,1/21/2011,Employed,1,M,79713,Divorced,2,3,99,3,2,Personal Auto,0,Personal L3,2,1,Web,0,Medsize,1,0
XF99212,Arizona,3318.9,No,Basic,0,College,1,1/21/2011,Employed,1,M,77711,Married,1,7,65,1,1,Personal Auto,0,Personal L1,0,3,Agent,2,Medsize,1,0
XI85062,Nevada,3669.01,No,Basic,0,Master,3,1/21/2011,Employed,1,M,89725,Married,1,38,108,0,1,Personal Auto,0,Personal L3,2,2,Agent,2,Small,0,0
LC69427,Oregon,3816.89,No,Basic,0,College,1,1/21/2011,Employed,1,F,27497,Single,0,41,49,0,1,Corporate Auto,1,Corporate L3,5,4,Branch,1,Small,0,0
ZY26831,California,9786.24,No,Extended,1,Bachelor,2,1/21/2011,Employed,1,F,50964,Single,0,20,57,0,3,Corporate Auto,1,Corporate L3,5,1,Agent,2,Medsize,1,0
AD63766,Oregon,3832.67,No,Extended,1,Bachelor,2,1/21/2011,Unemployed,0,M,0,Married,1,30,35,0,1,Personal Auto,0,Personal L2,1,3,Branch,1,Large,2,0
HT92952,California,11931.42,Yes,Basic,0,Bachelor,2,1/21/2011,Employed,1,M,111596,Married,1,32,14,3,9,Corporate Auto,1,Corporate L3,5,2,Agent,2,Medsize,1,0
KJ55021,Washington,6467.96,No,Basic,0,College,1,1/21/2011,Disabled,4,F,39300,Married,1,4,88,0,5,Personal Auto,0,Personal L2,1,1,Branch,1,Medsize,1,0
EP34249,Oregon,18724.4,Yes,Basic,0,College,1,1/21/2011,Employed,1,M,38383,Married,1,1,80,0,2,Corporate Auto,1,Corporate L1,3,2,Branch,1,Small,0,0
ZU88796,Arizona,3305.9,No,Basic,0,Bachelor,2,1/21/2011,Employed,1,F,118533,Married,1,3,58,5,1,Personal Auto,0,Personal L2,1,2,Agent,2,Small,0,0
WN91943,California,17480.34,No,Premium,2,College,1,1/21/2011,Employed,1,M,41530,Single,0,38,26,0,2,Personal Auto,0,Personal L1,0,1,Agent,2,Medsize,1,1
BL89983,California,12198.16,Yes,Premium,2,High School or Below,0,1/21/2011,Employed,1,F,46355,Married,1,27,59,0,9,Special Auto,2,Special L3,8,2,Web,0,Large,2,0
IO14680,Oregon,11931.42,Yes,Basic,0,Bachelor,2,1/21/2011,Employed,1,M,111596,Married,1,32,14,3,9,Corporate Auto,1,Corporate L3,5,2,Agent,2,Medsize,1,0
EB52195,Oregon,10774.95,No,Basic,0,College,1,1/21/2011,Employed,1,F,54863,Married,1,28,104,0,2,Personal Auto,0,Personal L3,2,4,Branch,1,Medsize,1,0
FH81409,California,11005.53,No,Extended,1,High School or Below,0,1/21/2011,Unemployed,0,M,0,Single,0,26,95,0,2,Personal Auto,0,Personal L1,0,1,Agent,2,Small,0,0
WR90490,Nevada,6606.87,No,Basic,0,High School or Below,0,1/21/2011,Disabled,4,M,34522,Married,1,0,41,0,3,Personal Auto,0,Personal L3,2,3,Agent,2,Medsize,1,0
XH72888,Arizona,21540.64,No,Extended,1,High School or Below,0,1/21/2011,Employed,1,M,49078,Married,1,46,38,0,9,Corporate Auto,1,Corporate L2,4,3,Agent,2,Small,0,1
YU15037,Arizona,6306.41,No,Basic,0,High School or Below,0,1/21/2011,Unemployed,0,F,0,Single,0,9,89,0,9,Personal Auto,0,Personal L3,2,2,Call Center,3,Medsize,1,0
JQ84105,Oregon,3186.81,No,Basic,0,High School or Below,0,1/21/2011,Unemployed,0,F,0,Single,0,19,7,0,1,Corporate Auto,1,Corporate L3,5,1,Web,0,Small,0,0
HQ60388,Oregon,11644.88,No,Basic,0,High School or Below,0,1/21/2011,Employed,1,F,68102,Married,1,38,68,4,2,Personal Auto,0,Personal L1,0,4,Web,0,Medsize,1,0
HW99293,Arizona,3874.15,No,Basic,0,Bachelor,2,1/21/2011,Employed,1,M,28666,Married,1,11,31,0,1,Personal Auto,0,Personal L3,2,2,Agent,2,Medsize,1,0
IX65163,California,10932.99,No,Extended,1,College,1,1/21/2011,Unemployed,0,M,0,Single,0,30,34,0,6,Personal Auto,0,Personal L3,2,1,Call Center,3,Medsize,1,1
MT91823,Arizona,18141.36,No,Basic,0,College,1,1/21/2011,Employed,1,F,94086,Married,1,46,84,1,2,Special Auto,2,Special L2,7,1,Branch,1,Small,0,0
FH14955,California,6031.4,No,Basic,0,College,1,1/21/2011,Unemployed,0,M,0,Single,0,14,46,0,4,Corporate Auto,1,Corporate L3,5,3,Call Center,3,Medsize,1,0
MZ81826,Arizona,12198.16,Yes,Premium,2,High School or Below,0,1/21/2011,Employed,1,F,46355,Married,1,27,59,0,9,Personal Auto,0,Personal L1,0,2,Web,0,Large,2,0
UK59933,California,6752.83,No,Basic,0,College,1,1/21/2011,Unemployed,0,M,0,Single,0,47,76,0,3,Personal Auto,0,Personal L3,2,3,Call Center,3,Medsize,1,0
QW40254,Oregon,7100.61,No,Basic,0,College,1,1/21/2011,Employed,1,M,38403,Married,1,27,134,0,3,Personal Auto,0,Personal L3,2,4,Agent,2,Medsize,1,0
LT77960,Arizona,7177.62,No,Basic,0,College,1,1/21/2011,Employed,1,F,38555,Married,1,7,1,0,5,Corporate Auto,1,Corporate L3,5,4,Call Center,3,Medsize,1,0
MT58123,California,18724.4,Yes,Basic,0,College,1,1/21/2011,Employed,1,M,38383,Married,1,1,80,0,2,Corporate Auto,1,Corporate L2,4,2,Branch,1,Small,0,0
LY73893,California,7511.09,No,Basic,0,College,1,1/21/2011,Employed,1,M,47787,Divorced,2,35,55,0,7,Personal Auto,0,Personal L3,2,3,Agent,2,Medsize,1,0
SY95534,California,5120.32,No,Basic,0,Bachelor,2,1/21/2011,Unemployed,0,M,0,Married,1,31,103,0,1,Personal Auto,0,Personal L3,2,3,Branch,1,Medsize,1,1
AY35539,Oregon,3416.45,Yes,Basic,0,Bachelor,2,1/21/2011,Employed,1,F,120759,Single,0,15,3,0,1,Personal Auto,0,Personal L2,1,2,Web,0,Medsize,1,0
No31089,Arizona,4292.29,No,Extended,1,Bachelor,2,1/21/2011,Employed,1,F,88752,Married,1,8,0,0,1,Personal Auto,0,Personal L3,2,2,Call Center,3,Medsize,1,0
FS67856,California,18724.4,Yes,Basic,0,College,1,1/21/2011,Employed,1,M,38383,Married,1,1,80,0,2,Personal Auto,0,Personal L3,2,2,Branch,1,Small,0,0
FD62224,Oregon,19766.05,No,Extended,1,College,1,1/21/2011,Unemployed,0,F,0,Single,0,32,62,0,2,Personal Auto,0,Personal L3,2,1,Agent,2,Medsize,1,1
AE74442,California,9962.27,No,Basic,0,Bachelor,2,1/21/2011,Employed,1,F,83138,Married,1,24,126,0,2,Corporate Auto,1,Corporate L2,4,1,Agent,2,Medsize,1,0
MV19629,Oregon,10417.95,No,Extended,1,College,1,1/21/2011,Employed,1,F,50458,Single,0,46,70,0,3,Personal Auto,0,Personal L3,2,1,Branch,1,Medsize,1,0
EV57176,California,7567.26,No,Basic,0,High School or Below,0,1/21/2011,Employed,1,F,28581,Divorced,2,3,54,0,3,Corporate Auto,1,Corporate L3,5,4,Call Center,3,Large,2,0
DN34058,Washington,37961.04,No,Extended,1,Bachelor,2,1/21/2011,Employed,1,F,92085,Married,1,12,28,0,2,Corporate Auto,1,Corporate L1,3,2,Branch,1,Small,0,0
JQ35849,California,7236.75,No,Basic,0,High School or Below,0,1/21/2011,Employed,1,M,32743,Married,1,15,113,0,5,Personal Auto,0,Personal L3,2,4,Agent,2,Medsize,1,0
QJ49871,Oregon,5255.96,No,Basic,0,College,1,1/21/2011,Employed,1,M,35917,Married,1,45,18,0,1,Personal Auto,0,Personal L1,0,3,Call Center,3,Medsize,1,1
DG34434,California,7082.48,Yes,Basic,0,Bachelor,2,1/21/2011,Employed,1,F,39027,Married,1,20,89,0,8,Corporate Auto,1,Corporate L2,4,1,Agent,2,Medsize,1,0
TI90592,California,10030.97,No,Extended,1,College,1,1/21/2011,Employed,1,M,83117,Married,1,4,49,0,3,Corporate Auto,1,Corporate L1,3,1,Agent,2,Medsize,1,0
KJ29915,California,7082.48,Yes,Basic,0,Bachelor,2,1/21/2011,Employed,1,F,39027,Married,1,20,89,0,8,Personal Auto,0,Personal L2,1,1,Agent,2,Medsize,1,0
ML68781,California,3548.56,No,Basic,0,College,1,1/21/2011,Employed,1,F,114072,Married,1,24,112,0,1,Personal Auto,0,Personal L3,2,2,Branch,1,Medsize,1,0
SZ61563,California,49453.92,No,Extended,1,Bachelor,2,1/21/2011,Employed,1,M,95726,Divorced,2,0,96,1,2,Personal Auto,0,Personal L2,1,1,Call Center,3,Medsize,1,0
UI33675,California,6941.76,No,Basic,0,Bachelor,2,1/21/2011,Unemployed,0,M,0,Single,0,23,117,0,8,Personal Auto,0,Personal L2,1,2,Branch,1,Medsize,1,0
RN72721,California,11996.5,No,Basic,0,High School or Below,0,1/21/2011,Disabled,4,F,28219,Married,1,5,54,0,8,Personal Auto,0,Personal L2,1,4,Branch,1,Medsize,1,0
WD85096,California,6621.02,No,Basic,0,Master,3,1/21/2011,Disabled,4,F,37251,Married,1,42,105,0,6,Corporate Auto,1,Corporate L3,5,1,Agent,2,Medsize,1,0
UL64533,Nevada,25616.87,No,Extended,1,High School or Below,0,1/22/2011,Employed,1,M,89099,Married,1,1,19,0,6,Corporate Auto,1,Corporate L2,4,2,Agent,2,Medsize,1,0
RU83859,California,10948.95,No,Premium,2,Bachelor,2,1/22/2011,Medical Leave,2,F,15510,Married,1,5,68,0,6,Personal Auto,0,Personal L3,2,1,Call Center,3,Small,0,0
RI22468,Arizona,7757.02,No,Basic,0,Bachelor,2,1/22/2011,Employed,1,F,77949,Married,1,41,117,3,9,Personal Auto,0,Personal L1,0,3,Web,0,Medsize,1,0
KX54357,Washington,15343.11,No,Extended,1,College,1,1/22/2011,Employed,1,M,114629,Married,1,5,93,0,2,Corporate Auto,1,Corporate L3,5,2,Web,0,Small,0,0
RK96223,California,17471.55,No,Basic,0,College,1,1/22/2011,Employed,1,M,70698,Married,1,46,66,1,2,Personal Auto,0,Personal L3,2,1,Agent,2,Medsize,1,0
DE34457,Oregon,12712.83,No,Basic,0,Doctor,4,1/22/2011,Employed,1,F,95313,Married,1,11,63,0,3,Personal Auto,0,Personal L3,2,3,Call Center,3,Small,0,0
IC43478,California,15206.89,No,Extended,1,Bachelor,2,1/22/2011,Employed,1,M,47146,Single,0,31,111,0,2,Personal Auto,0,Personal L1,0,1,Call Center,3,Medsize,1,0
SV50502,Oregon,7554.38,No,Basic,0,Master,3,1/22/2011,Employed,1,F,106905,Married,1,8,131,0,4,Corporate Auto,1,Corporate L2,4,4,Branch,1,Medsize,1,0
UF88986,Washington,3773.13,No,Basic,0,College,1,1/22/2011,Employed,1,F,53707,Single,0,38,58,0,1,Personal Auto,0,Personal L1,0,1,Branch,1,Medsize,1,0
JK32620,Nevada,3003.44,No,Basic,0,College,1,1/22/2011,Unemployed,0,M,0,Single,0,4,5,0,1,Personal Auto,0,Personal L3,2,2,Web,0,Medsize,1,0
NQ86532,California,3478.22,No,Basic,0,High School or Below,0,1/22/2011,Medical Leave,2,M,36253,Married,1,42,95,0,1,Personal Auto,0,Personal L3,2,1,Agent,2,Small,0,0
SW79912,Oregon,3553.94,No,Basic,0,Bachelor,2,1/22/2011,Employed,1,M,129403,Married,1,22,105,0,1,Personal Auto,0,Personal L3,2,2,Agent,2,Small,0,0
ZZ91716,California,4396.63,No,Extended,1,Bachelor,2,1/22/2011,Unemployed,0,F,0,Married,1,23,76,0,1,Personal Auto,0,Personal L3,2,2,Web,0,Small,0,0
GP18756,California,13401.52,No,Extended,1,College,1,1/22/2011,Medical Leave,2,M,26449,Divorced,2,42,85,0,2,Personal Auto,0,Personal L2,1,4,Web,0,Medsize,1,0
RV15398,Oregon,37233.75,No,Extended,1,College,1,1/22/2011,Unemployed,0,M,0,Divorced,2,22,55,1,2,Personal Auto,0,Personal L3,2,1,Agent,2,Large,2,0
QW33258,California,9561.82,No,Basic,0,Bachelor,2,1/22/2011,Employed,1,M,71969,Divorced,2,35,45,3,1,Personal Auto,0,Personal L3,2,2,Branch,1,Medsize,1,1
QQ89253,Oregon,13799.44,No,Extended,1,College,1,1/22/2011,Unemployed,0,F,0,Married,1,31,22,0,4,Personal Auto,0,Personal L3,2,1,Agent,2,Small,0,0
SL50592,California,10578.17,No,Basic,0,High School or Below,0,1/22/2011,Unemployed,0,F,0,Married,1,9,32,0,2,Corporate Auto,1,Corporate L3,5,4,Web,0,Small,0,0
NU32697,Oregon,7057.48,No,Basic,0,College,1,1/22/2011,Unemployed,0,M,0,Single,0,27,16,0,6,Corporate Auto,1,Corporate L3,5,1,Agent,2,Medsize,1,0
OB77084,Oregon,2973.15,No,Basic,0,Bachelor,2,1/22/2011,Unemployed,0,F,0,Married,1,3,46,1,1,Personal Auto,0,Personal L3,2,1,Call Center,3,Medsize,1,0
TJ30354,Oregon,7135.17,No,Basic,0,Bachelor,2,1/22/2011,Employed,1,F,30546,Married,1,26,58,0,8,Personal Auto,0,Personal L1,0,2,Agent,2,Medsize,1,0
QT89604,Arizona,6697.9,No,Basic,0,High School or Below,0,1/22/2011,Employed,1,F,75198,Married,1,18,74,0,6,Personal Auto,0,Personal L3,2,1,Agent,2,Medsize,1,0
SB79528,Oregon,3405.26,No,Basic,0,College,1,1/22/2011,Unemployed,0,M,0,Single,0,32,20,0,1,Corporate Auto,1,Corporate L3,5,2,Branch,1,Medsize,1,0
PQ13422,Nevada,13566.54,No,Extended,1,College,1,1/22/2011,Employed,1,M,78562,Married,1,35,31,0,2,Personal Auto,0,Personal L3,2,2,Web,0,Small,0,0
UD27196,Arizona,26575.3,No,Extended,1,High School or Below,0,1/22/2011,Employed,1,M,69557,Married,1,8,41,0,3,Personal Auto,0,Personal L2,1,3,Branch,1,Small,0,1
CD76093,Nevada,10254.99,No,Basic,0,College,1,1/22/2011,Employed,1,M,80793,Married,1,38,84,0,1,Corporate Auto,1,Corporate L3,5,4,Call Center,3,Medsize,1,1
OY44814,Arizona,6639.15,No,Basic,0,High School or Below,0,1/22/2011,Unemployed,0,M,0,Single,0,36,109,0,5,Personal Auto,0,Personal L3,2,1,Web,0,Medsize,1,0
ZK61113,Oregon,8493.65,No,Extended,1,High School or Below,0,1/22/2011,Unemployed,0,M,0,Single,0,3,82,0,6,Personal Auto,0,Personal L2,1,3,Agent,2,Medsize,1,0
LF41085,Arizona,7607.59,No,Basic,0,College,1,1/22/2011,Medical Leave,2,F,26448,Divorced,2,11,107,0,4,Personal Auto,0,Personal L2,1,1,Agent,2,Medsize,1,0
PV77906,Arizona,6486.09,No,Basic,0,Bachelor,2,1/22/2011,Disabled,4,M,31865,Married,1,5,116,0,8,Corporate Auto,1,Corporate L2,4,1,Web,0,Medsize,1,0
GJ43254,Washington,42716.84,No,Extended,1,College,1,1/22/2011,Employed,1,M,120227,Married,1,23,122,0,2,Corporate Auto,1,Corporate L2,4,1,Call Center,3,Medsize,1,0
VI78454,Arizona,3713.45,No,Basic,0,College,1,1/22/2011,Employed,1,M,69915,Divorced,2,11,46,0,1,Personal Auto,0,Personal L2,1,4,Call Center,3,Large,2,0
XS47087,Oregon,15814.96,No,Basic,0,College,1,1/22/2011,Disabled,4,M,28488,Married,1,0,109,0,2,Personal Auto,0,Personal L2,1,1,Agent,2,Medsize,1,0
NV69875,Oregon,3991.08,No,Basic,0,High School or Below,0,1/22/2011,Employed,1,M,55216,Married,1,3,49,0,1,Corporate Auto,1,Corporate L2,4,4,Branch,1,Medsize,1,0
CQ21583,Oregon,28720.36,No,Extended,1,Doctor,4,1/22/2011,Medical Leave,2,M,24208,Married,1,11,51,0,2,Personal Auto,0,Personal L3,2,2,Call Center,3,Medsize,1,0
XU35186,California,3711.7,No,Basic,0,High School or Below,0,1/22/2011,Employed,1,F,96451,Single,0,8,128,2,1,Personal Auto,0,Personal L3,2,1,Branch,1,Medsize,1,0
MO38507,California,6129.51,No,Basic,0,High School or Below,0,1/22/2011,Employed,1,M,80401,Married,1,15,116,0,1,Personal Auto,0,Personal L3,2,3,Agent,2,Large,2,0
WR43077,California,13231.74,No,Extended,1,High School or Below,0,1/22/2011,Unemployed,0,M,0,Married,1,45,51,0,2,Corporate Auto,1,Corporate L3,5,3,Agent,2,Small,0,0
ZJ77881,Oregon,12761.55,No,Premium,2,Bachelor,2,1/22/2011,Employed,1,F,124122,Married,1,46,82,0,3,Personal Auto,0,Personal L3,2,3,Agent,2,Medsize,1,0
HS69837,Oregon,10734.9,No,Basic,0,College,1,1/22/2011,Employed,1,M,101921,Divorced,2,7,97,0,3,Personal Auto,0,Personal L3,2,1,Branch,1,Small,0,0
WP83694,California,7173.14,No,Extended,1,Bachelor,2,1/22/2011,Employed,1,F,92553,Married,1,22,15,0,1,Personal Auto,0,Personal L3,2,1,Agent,2,Medsize,1,0
ZD40816,Nevada,3757.84,No,Basic,0,Bachelor,2,1/22/2011,Employed,1,M,57101,Married,1,39,84,0,1,Personal Auto,0,Personal L3,2,4,Agent,2,Medsize,1,0
UV43859,Oregon,11934.26,No,Basic,0,High School or Below,0,1/22/2011,Employed,1,F,63851,Married,1,14,62,4,4,Personal Auto,0,Personal L3,2,2,Web,0,Medsize,1,1
UV48189,California,11442.71,No,Basic,0,Bachelor,2,1/22/2011,Employed,1,M,38044,Married,1,43,55,0,3,Personal Auto,0,Personal L2,1,3,Call Center,3,Medsize,1,0
QD36118,Oregon,6984.21,No,Basic,0,College,1,1/22/2011,Unemployed,0,F,0,Married,1,41,93,0,9,Personal Auto,0,Personal L2,1,1,Call Center,3,Medsize,1,0
US78266,California,9441.68,No,Basic,0,High School or Below,0,1/22/2011,Unemployed,0,F,0,Single,0,39,47,2,2,Corporate Auto,1,Corporate L2,4,1,Call Center,3,Medsize,1,0
KH19280,Arizona,8793.38,No,Extended,1,College,1,1/22/2011,Employed,1,F,67550,Married,1,32,123,0,6,Special Auto,2,Special L2,7,1,Call Center,3,Medsize,1,0
XO94933,California,5324.71,No,Basic,0,Bachelor,2,1/22/2011,Employed,1,F,44931,Married,1,32,89,1,1,Personal Auto,0,Personal L3,2,2,Agent,2,Small,0,0
NS92256,Oregon,32100.05,No,Extended,1,Master,3,1/22/2011,Employed,1,F,44593,Married,1,45,104,1,2,Personal Auto,0,Personal L3,2,2,Branch,1,Medsize,1,0
TX35617,California,6028.57,No,Basic,0,Bachelor,2,1/22/2011,Employed,1,F,68727,Married,1,15,53,0,1,Personal Auto,0,Personal L3,2,2,Branch,1,Medsize,1,0
SR74929,Oregon,12771.24,No,Extended,1,High School or Below,0,1/22/2011,Unemployed,0,F,0,Single,0,31,43,0,6,Personal Auto,0,Personal L1,0,1,Call Center,3,Medsize,1,1
GN93462,California,8769.87,No,Extended,1,Bachelor,2,1/22/2011,Employed,1,M,120535,Married,1,34,4,0,3,Personal Auto,0,Personal L3,2,2,Call Center,3,Medsize,1,0
IL91509,Oregon,17855.4,No,Basic,0,Bachelor,2,1/22/2011,Unemployed,0,F,0,Single,0,3,105,1,4,Special Auto,2,Special L3,8,1,Call Center,3,Medsize,1,1
JW70372,Arizona,9617.67,No,Extended,1,Doctor,4,1/22/2011,Employed,1,F,82665,Married,1,36,68,2,7,Personal Auto,0,Personal L2,1,2,Branch,1,Medsize,1,0
ZQ51896,Oregon,28565.06,No,Basic,0,College,1,1/22/2011,Unemployed,0,M,0,Single,0,20,23,0,2,Special Auto,2,Special L1,6,4,Web,0,Large,2,1
NH85248,Arizona,9305.78,No,Basic,0,College,1,1/22/2011,Unemployed,0,M,0,Single,0,11,97,0,2,Corporate Auto,1,Corporate L1,3,1,Agent,2,Medsize,1,0
MU96709,California,11634.7,No,Basic,0,High School or Below,0,1/22/2011,Employed,1,F,62612,Single,0,15,77,0,2,Corporate Auto,1,Corporate L3,5,3,Call Center,3,Large,2,0
BR39076,California,10305.66,No,Basic,0,High School or Below,0,1/22/2011,Unemployed,0,F,0,Divorced,2,9,5,0,2,Personal Auto,0,Personal L3,2,2,Agent,2,Medsize,1,0
HC52114,California,5865.74,No,Basic,0,Bachelor,2,1/22/2011,Unemployed,0,F,0,Single,0,28,36,0,4,Corporate Auto,1,Corporate L1,3,3,Branch,1,Small,0,0
ZQ92997,Nevada,8659.01,No,Extended,1,High School or Below,0,1/22/2011,Unemployed,0,M,0,Single,0,0,16,0,5,Personal Auto,0,Personal L3,2,1,Call Center,3,Medsize,1,0
WW31823,Oregon,25906.93,No,Basic,0,High School or Below,0,1/22/2011,Employed,1,F,52696,Married,1,14,74,0,2,Personal Auto,0,Personal L1,0,1,Agent,2,Small,0,0
KJ41153,Oregon,11195.05,No,Basic,0,College,1,1/22/2011,Employed,1,M,107503,Divorced,2,9,97,1,3,Personal Auto,0,Personal L3,2,2,Branch,1,Medsize,1,0
FG21322,Oregon,10688.11,No,Basic,0,Bachelor,2,1/22/2011,Unemployed,0,F,0,Single,0,0,131,0,2,Personal Auto,0,Personal L1,0,2,Web,0,Medsize,1,0
JG66653,Oregon,3426.2,No,Basic,0,High School or Below,0,1/22/2011,Employed,1,M,34433,Married,1,14,22,0,1,Personal Auto,0,Personal L3,2,3,Branch,1,Medsize,1,0
LZ10377,California,9182.79,No,Extended,1,High School or Below,0,1/22/2011,Employed,1,M,64059,Married,1,0,42,1,6,Personal Auto,0,Personal L3,2,2,Agent,2,Medsize,1,0
UF91715,Nevada,10347.49,No,Premium,2,High School or Below,0,1/22/2011,Unemployed,0,M,0,Single,0,19,122,0,3,Personal Auto,0,Personal L3,2,1,Agent,2,Medsize,1,1
RF58958,California,15693.51,No,Premium,2,High School or Below,0,1/22/2011,Unemployed,0,M,0,Single,0,43,89,0,2,Personal Auto,0,Personal L3,2,1,Agent,2,Medsize,1,1
OQ43721,Oregon,3575.44,No,Basic,0,High School or Below,0,1/22/2011,Disabled,4,F,35829,Married,1,20,5,0,1,Personal Auto,0,Personal L2,1,2,Branch,1,Medsize,1,0
NX84287,California,14663.05,No,Extended,1,Master,3,1/22/2011,Employed,1,F,88731,Married,1,19,20,0,6,Corporate Auto,1,Corporate L2,4,1,Agent,2,Medsize,1,0
XN90444,California,11070.36,No,Basic,0,Doctor,4,1/22/2011,Employed,1,M,33499,Single,0,42,65,0,2,Special Auto,2,Special L1,6,2,Call Center,3,Medsize,1,0
FE46445,Arizona,9403.32,No,Extended,1,High School or Below,0,1/22/2011,Employed,1,F,34305,Married,1,11,99,0,8,Personal Auto,0,Personal L1,0,2,Branch,1,Medsize,1,0
XF33416,Oregon,11734.58,No,Premium,2,College,1,1/22/2011,Employed,1,F,43181,Divorced,2,18,112,0,6,Personal Auto,0,Personal L2,1,1,Branch,1,Small,0,0
EY83434,Washington,29739.35,No,Extended,1,High School or Below,0,1/22/2011,Unemployed,0,M,0,Married,1,36,78,0,2,Personal Auto,0,Personal L3,2,2,Branch,1,Large,2,0
KF62288,Oregon,8463.33,No,Extended,1,High School or Below,0,1/22/2011,Unemployed,0,F,0,Single,0,34,53,1,7,Special Auto,2,Special L2,7,1,Call Center,3,Large,2,1
KJ52520,Arizona,11018.4,No,Basic,0,High School or Below,0,1/22/2011,Employed,1,F,61115,Single,0,15,85,0,2,Personal Auto,0,Personal L3,2,4,Call Center,3,Medsize,1,0
GB71156,California,12361.04,No,Premium,2,College,1,1/22/2011,Employed,1,M,80492,Divorced,2,31,59,0,3,Corporate Auto,1,Corporate L3,5,3,Branch,1,Small,0,0
IO64256,Oregon,3694.88,No,Basic,0,High School or Below,0,1/22/2011,Employed,1,F,106500,Married,1,0,113,0,1,Corporate Auto,1,Corporate L3,5,4,Branch,1,Medsize,1,0
RU58277,California,20905.84,No,Basic,0,Master,3,1/22/2011,Employed,1,F,97235,Married,1,30,97,0,6,Corporate Auto,1,Corporate L2,4,4,Web,0,Small,0,0
KX47545,Oregon,10842.8,No,Basic,0,High School or Below,0,1/22/2011,Employed,1,M,54111,Divorced,2,8,24,0,2,Personal Auto,0,Personal L2,1,4,Agent,2,Small,0,0
OG36837,Arizona,10325.15,No,Extended,1,Doctor,4,1/22/2011,Employed,1,F,122946,Married,1,28,34,2,3,Personal Auto,0,Personal L1,0,2,Call Center,3,Medsize,1,0
GP22382,Oregon,6558.46,No,Extended,1,College,1,1/22/2011,Employed,1,F,29275,Single,0,0,95,0,1,Corporate Auto,1,Corporate L3,5,2,Web,0,Large,2,0
No73257,Nevada,3971.47,No,Basic,0,Bachelor,2,1/22/2011,Employed,1,F,86982,Divorced,2,26,66,0,1,Personal Auto,0,Personal L2,1,2,Branch,1,Medsize,1,0
CE11308,Washington,4826.31,No,Extended,1,College,1,1/22/2011,Employed,1,M,40829,Married,1,15,97,0,1,Personal Auto,0,Personal L2,1,4,Call Center,3,Medsize,1,0
FW16824,Oregon,6423.56,No,Basic,0,High School or Below,0,1/22/2011,Employed,1,M,98287,Married,1,18,46,4,3,Corporate Auto,1,Corporate L3,5,2,Branch,1,Medsize,1,0
LD53393,California,10013.5,No,Basic,0,Bachelor,2,1/22/2011,Employed,1,M,91063,Married,1,4,96,0,1,Personal Auto,0,Personal L1,0,2,Agent,2,Large,2,1
BG74433,Oregon,3516.54,No,Basic,0,Bachelor,2,1/22/2011,Unemployed,0,F,0,Single,0,26,68,0,1,Corporate Auto,1,Corporate L1,3,2,Call Center,3,Medsize,1,0
CP74755,Oregon,3842.33,No,Basic,0,College,1,1/22/2011,Employed,1,F,52909,Divorced,2,9,15,0,1,Corporate Auto,1,Corporate L3,5,3,Branch,1,Medsize,1,0
LB29621,Oregon,12547.64,No,Extended,1,Bachelor,2,1/22/2011,Employed,1,F,28850,Married,1,1,47,0,2,Corporate Auto,1,Corporate L3,5,2,Call Center,3,Medsize,1,0
OO97388,Oregon,3855.18,No,Basic,0,Master,3,1/22/2011,Employed,1,F,134476,Married,1,19,27,0,1,Personal Auto,0,Personal L1,0,2,Agent,2,Small,0,0
LL92275,California,6788.8,No,Basic,0,College,1,1/22/2011,Unemployed,0,F,0,Married,1,28,81,0,5,Personal Auto,0,Personal L3,2,4,Web,0,Medsize,1,0
XU97999,California,13631.22,No,Basic,0,High School or Below,0,1/22/2011,Employed,1,M,93146,Married,1,4,35,0,2,Personal Auto,0,Personal L2,1,2,Agent,2,Large,2,0
QS23134,Arizona,16881.07,No,Premium,2,College,1,1/22/2011,Employed,1,M,45557,Married,1,39,31,0,2,Personal Auto,0,Personal L2,1,2,Call Center,3,Medsize,1,0
RN96985,Oregon,33860.94,No,Basic,0,High School or Below,0,1/22/2011,Unemployed,0,F,0,Single,0,36,78,0,2,Personal Auto,0,Personal L3,2,1,Branch,1,Medsize,1,1
IE29890,Oregon,11963,No,Basic,0,High School or Below,0,1/22/2011,Employed,1,F,78948,Divorced,2,8,47,1,5,Personal Auto,0,Personal L3,2,2,Branch,1,Medsize,1,0
VM89271,Arizona,5190.17,No,Extended,1,High School or Below,0,1/22/2011,Employed,1,M,35454,Married,1,8,80,0,1,Personal Auto,0,Personal L2,1,4,Call Center,3,Small,0,0
DO48835,Oregon,18196.38,No,Basic,0,High School or Below,0,1/22/2011,Unemployed,0,M,0,Single,0,45,74,1,3,Corporate Auto,1,Corporate L2,4,1,Call Center,3,Medsize,1,1
HJ37943,California,18000.07,No,Premium,2,Bachelor,2,1/22/2011,Employed,1,F,102106,Married,1,18,70,0,2,Personal Auto,0,Personal L3,2,1,Agent,2,Medsize,1,0
CH50584,Oregon,43840.94,No,Basic,0,High School or Below,0,1/22/2011,Employed,1,M,96456,Divorced,2,23,9,0,2,Personal Auto,0,Personal L3,2,4,Call Center,3,Small,0,0
BD42101,California,33791.71,No,Basic,0,Bachelor,2,1/22/2011,Unemployed,0,M,0,Divorced,2,1,72,1,2,Corporate Auto,1,Corporate L2,4,1,Branch,1,Medsize,1,0
EO95783,Arizona,36131.17,No,Basic,0,High School or Below,0,1/22/2011,Employed,1,M,113640,Divorced,2,46,108,0,2,Personal Auto,0,Personal L3,2,2,Call Center,3,Medsize,1,0
UT88283,Arizona,3746.36,No,Basic,0,College,1,1/22/2011,Disabled,4,F,39219,Married,1,42,107,0,1,Personal Auto,0,Personal L3,2,1,Agent,2,Medsize,1,0
CR56473,Nevada,7090.89,No,Basic,0,High School or Below,0,1/22/2011,Unemployed,0,M,0,Single,0,43,84,0,3,Corporate Auto,1,Corporate L3,5,1,Agent,2,Medsize,1,0
RJ80405,Arizona,7423.19,No,Basic,0,Bachelor,2,1/22/2011,Employed,1,M,44808,Married,1,12,108,0,9,Personal Auto,0,Personal L1,0,3,Branch,1,Medsize,1,0
VE80757,Oregon,5815.08,No,Basic,0,Bachelor,2,1/22/2011,Unemployed,0,M,0,Single,0,36,19,0,3,Personal Auto,0,Personal L1,0,3,Branch,1,Medsize,1,0
PX66705,California,11146.97,No,Basic,0,High School or Below,0,1/22/2011,Employed,1,F,27097,Married,1,35,46,0,2,Personal Auto,0,Personal L3,2,2,Agent,2,Medsize,1,0
UC35517,Oregon,25018.75,No,Basic,0,College,1,1/22/2011,Unemployed,0,M,0,Single,0,1,41,0,2,Corporate Auto,1,Corporate L3,5,4,Branch,1,Small,0,0
VN30344,California,7307.14,No,Extended,1,College,1,1/22/2011,Unemployed,0,M,0,Single,0,11,59,0,3,Personal Auto,0,Personal L3,2,2,Agent,2,Small,0,0
SX20211,Oregon,10948.91,No,Premium,2,College,1,1/22/2011,Employed,1,M,70940,Married,1,14,1,0,5,Personal Auto,0,Personal L3,2,2,Call Center,3,Medsize,1,0
TO18404,California,14111.9,No,Extended,1,Bachelor,2,1/22/2011,Employed,1,F,99365,Divorced,2,16,101,0,2,Corporate Auto,1,Corporate L3,5,2,Agent,2,Medsize,1,0
YC63458,California,7956.05,No,Basic,0,Bachelor,2,1/22/2011,Employed,1,F,116772,Married,1,18,18,1,5,Personal Auto,0,Personal L2,1,3,Agent,2,Medsize,1,0
TG37259,California,4554.72,No,Extended,1,Master,3,1/22/2011,Employed,1,M,39135,Married,1,16,9,0,1,Personal Auto,0,Personal L2,1,2,Call Center,3,Medsize,1,0
WB37082,Arizona,8928.86,No,Basic,0,Bachelor,2,1/23/2011,Unemployed,0,F,0,Single,0,28,38,0,2,Personal Auto,0,Personal L3,2,3,Branch,1,Large,2,0
RC62865,Oregon,4748.47,No,Extended,1,College,1,1/23/2011,Employed,1,M,69949,Single,0,38,120,0,1,Personal Auto,0,Personal L2,1,3,Agent,2,Medsize,1,0
BC62782,Arizona,18327.16,No,Basic,0,College,1,1/23/2011,Employed,1,F,65521,Married,1,39,107,1,2,Personal Auto,0,Personal L3,2,4,Call Center,3,Small,0,0
GV45403,Arizona,10472.12,No,Premium,2,Bachelor,2,1/23/2011,Unemployed,0,M,0,Divorced,2,43,18,0,3,Corporate Auto,1,Corporate L2,4,1,Branch,1,Medsize,1,0
VC34764,California,9475.89,Yes,Basic,0,College,1,1/23/2011,Retired,3,M,36188,Married,1,43,26,0,2,Personal Auto,0,Personal L2,1,1,Agent,2,Medsize,1,0
MS59005,Nevada,7982.96,No,Extended,1,Bachelor,2,1/23/2011,Employed,1,M,58963,Single,0,26,9,0,3,Personal Auto,0,Personal L3,2,1,Agent,2,Medsize,1,0
OL97871,Oregon,10101.36,No,Extended,1,Bachelor,2,1/23/2011,Employed,1,F,66139,Married,1,41,0,1,7,Personal Auto,0,Personal L2,1,1,Agent,2,Medsize,1,0
NC58480,Nevada,6531.58,No,Basic,0,Bachelor,2,1/23/2011,Employed,1,F,99588,Married,1,32,128,2,3,Personal Auto,0,Personal L3,2,4,Web,0,Medsize,1,0
TE13577,Oregon,3131.64,No,Basic,0,College,1,1/23/2011,Unemployed,0,F,0,Single,0,42,72,0,1,Personal Auto,0,Personal L1,0,3,Branch,1,Medsize,1,0
AM97901,Nevada,31031.31,No,Premium,2,College,1,1/23/2011,Employed,1,F,114522,Single,0,18,50,0,2,Special Auto,2,Special L1,6,1,Branch,1,Medsize,1,1
ZR20842,Arizona,6903.73,No,Extended,1,College,1,1/23/2011,Employed,1,M,127460,Married,1,8,72,1,1,Personal Auto,0,Personal L1,0,1,Branch,1,Medsize,1,0
BW46202,Oregon,8093.8,No,Extended,1,Bachelor,2,1/23/2011,Medical Leave,2,F,38885,Married,1,8,113,0,3,Personal Auto,0,Personal L3,2,1,Web,0,Large,2,0
EG56026,Nevada,4421.47,No,Extended,1,High School or Below,0,1/23/2011,Employed,1,F,93505,Married,1,11,16,2,1,Personal Auto,0,Personal L3,2,3,Agent,2,Medsize,1,0
DF94525,Oregon,6561.84,No,Basic,0,College,1,1/23/2011,Medical Leave,2,M,34903,Single,0,32,50,0,9,Personal Auto,0,Personal L3,2,1,Branch,1,Medsize,1,0
HQ82089,Arizona,16039.3,No,Premium,2,High School or Below,0,1/23/2011,Unemployed,0,F,0,Single,0,39,130,0,2,Personal Auto,0,Personal L3,2,1,Branch,1,Medsize,1,1
WJ44028,California,13284.11,No,Extended,1,Master,3,1/23/2011,Employed,1,M,127697,Married,1,35,42,0,2,Personal Auto,0,Personal L3,2,2,Web,0,Medsize,1,0
PY10605,Arizona,6254.69,No,Basic,0,Bachelor,2,1/23/2011,Unemployed,0,M,0,Single,0,0,116,0,3,Personal Auto,0,Personal L2,1,1,Agent,2,Medsize,1,0
CI24326,Oregon,4847.94,No,Extended,1,Bachelor,2,1/23/2011,Unemployed,0,M,0,Married,1,7,47,0,1,Personal Auto,0,Personal L3,2,4,Web,0,Medsize,1,0
MQ32284,California,16514.25,No,Basic,0,College,1,1/23/2011,Employed,1,F,47430,Married,1,3,42,0,2,Personal Auto,0,Personal L3,2,1,Agent,2,Medsize,1,0
WC83942,Oregon,28195.5,No,Extended,1,Bachelor,2,1/23/2011,Medical Leave,2,M,21753,Married,1,36,26,0,2,Corporate Auto,1,Corporate L2,4,2,Web,0,Small,0,0
NV91476,California,12934.73,No,Premium,2,College,1,1/23/2011,Employed,1,F,102068,Married,1,8,131,0,7,Personal Auto,0,Personal L3,2,1,Web,0,Medsize,1,0
OO11531,Nevada,3429.74,No,Basic,0,Master,3,1/23/2011,Employed,1,F,50119,Married,1,39,105,0,1,Personal Auto,0,Personal L2,1,2,Agent,2,Large,2,0
YB42706,Nevada,10944.81,No,Extended,1,College,1,1/23/2011,Unemployed,0,M,0,Married,1,0,123,0,2,Corporate Auto,1,Corporate L1,3,3,Branch,1,Small,0,0
PR23514,California,10346.7,No,Basic,0,College,1,1/23/2011,Employed,1,M,81248,Divorced,2,9,59,1,1,Personal Auto,0,Personal L3,2,2,Web,0,Medsize,1,0
OI98135,Washington,5310.65,Yes,Basic,0,High School or Below,0,1/23/2011,Employed,1,M,35001,Single,0,8,27,0,1,Personal Auto,0,Personal L3,2,2,Web,0,Medsize,1,0
TY87896,California,16032.46,No,Basic,0,High School or Below,0,1/23/2011,Unemployed,0,M,0,Married,1,31,74,0,2,Personal Auto,0,Personal L2,1,2,Branch,1,Medsize,1,0
CM66204,Arizona,36140.1,No,Basic,0,College,1,1/23/2011,Employed,1,F,35552,Married,1,43,9,1,2,Personal Auto,0,Personal L2,1,1,Call Center,3,Large,2,0
BA26944,Nevada,10248,No,Basic,0,Bachelor,2,1/23/2011,Unemployed,0,M,0,Married,1,0,22,0,4,Corporate Auto,1,Corporate L3,5,2,Agent,2,Small,0,0
QM39493,California,4724.98,No,Extended,1,High School or Below,0,1/23/2011,Disabled,4,M,22560,Married,1,39,68,1,1,Personal Auto,0,Personal L3,2,1,Call Center,3,Medsize,1,0
LG53863,Oregon,5051.12,No,Basic,0,High School or Below,0,1/23/2011,Disabled,4,F,17676,Divorced,2,41,99,0,1,Personal Auto,0,Personal L2,1,1,Agent,2,Medsize,1,0
ME99882,Arizona,12484.19,No,Premium,2,Bachelor,2,1/23/2011,Employed,1,M,115633,Married,1,7,74,0,4,Personal Auto,0,Personal L3,2,2,Call Center,3,Large,2,0
RM83767,Washington,8060.84,No,Extended,1,College,1,1/23/2011,Employed,1,M,86411,Single,0,12,89,5,5,Personal Auto,0,Personal L3,2,3,Agent,2,Medsize,1,0
NB40107,Arizona,3638.86,No,Extended,1,High School or Below,0,1/23/2011,Unemployed,0,M,0,Single,0,45,113,0,1,Corporate Auto,1,Corporate L1,3,1,Web,0,Small,0,0
HC60268,Oregon,11267.13,No,Premium,2,College,1,1/23/2011,Employed,1,M,54142,Divorced,2,28,35,0,3,Personal Auto,0,Personal L2,1,1,Web,0,Medsize,1,1
WY17333,California,6388.5,No,Basic,0,High School or Below,0,1/23/2011,Employed,1,M,74770,Single,0,9,30,0,3,Personal Auto,0,Personal L3,2,1,Branch,1,Medsize,1,0
OX21474,California,3642.78,No,Basic,0,High School or Below,0,1/23/2011,Employed,1,M,119970,Single,0,8,3,1,1,Personal Auto,0,Personal L1,0,3,Web,0,Medsize,1,0
SM36624,Arizona,9523.95,No,Extended,1,High School or Below,0,1/23/2011,Unemployed,0,M,0,Single,0,43,130,0,1,Personal Auto,0,Personal L3,2,2,Call Center,3,Medsize,1,1
KN57002,Arizona,12171.49,No,Extended,1,Bachelor,2,1/23/2011,Unemployed,0,M,0,Single,0,43,51,0,4,Corporate Auto,1,Corporate L2,4,1,Agent,2,Small,0,1
JR45097,Oregon,17252.86,No,Basic,0,College,1,1/23/2011,Unemployed,0,M,0,Single,0,0,127,0,9,Personal Auto,0,Personal L3,2,2,Agent,2,Medsize,1,1
PU34934,Arizona,14032.39,No,Extended,1,College,1,1/23/2011,Employed,1,F,30511,Married,1,1,55,0,2,Personal Auto,0,Personal L3,2,3,Branch,1,Medsize,1,0
FI77477,Washington,5710.4,No,Extended,1,College,1,1/23/2011,Unemployed,0,M,0,Single,0,20,61,0,1,Personal Auto,0,Personal L1,0,4,Agent,2,Small,0,1
XB32430,California,7718.95,No,Basic,0,Bachelor,2,1/23/2011,Employed,1,M,92262,Married,1,45,53,0,5,Personal Auto,0,Personal L2,1,4,Branch,1,Medsize,1,0
RT37588,Arizona,15144.9,No,Extended,1,High School or Below,0,1/23/2011,Employed,1,F,93512,Married,1,42,27,0,2,Personal Auto,0,Personal L1,0,2,Agent,2,Medsize,1,0
LF75926,Arizona,6064.08,No,Basic,0,College,1,1/23/2011,Unemployed,0,M,0,Married,1,22,7,0,5,Personal Auto,0,Personal L3,2,2,Agent,2,Medsize,1,0
SR71068,Washington,5310.65,Yes,Basic,0,High School or Below,0,1/23/2011,Employed,1,M,35001,Single,0,8,27,0,1,Personal Auto,0,Personal L3,2,2,Web,0,Medsize,1,0
LO57469,Oregon,10618,No,Extended,1,High School or Below,0,1/23/2011,Employed,1,F,101912,Married,1,45,27,0,7,Corporate Auto,1,Corporate L3,5,2,Agent,2,Medsize,1,0
WG33213,California,3790.91,No,Basic,0,Bachelor,2,1/23/2011,Employed,1,F,74257,Divorced,2,42,53,1,1,Personal Auto,0,Personal L2,1,4,Call Center,3,Medsize,1,0
DP97298,California,13108.89,No,Extended,1,High School or Below,0,1/23/2011,Employed,1,M,44807,Single,0,1,128,0,4,Personal Auto,0,Personal L2,1,1,Call Center,3,Medsize,1,0
PR13091,Oregon,12428.68,No,Basic,0,College,1,1/23/2011,Employed,1,F,74982,Single,0,1,103,0,5,Personal Auto,0,Personal L3,2,1,Web,0,Medsize,1,0
SP41790,California,14341.6,No,Extended,1,Bachelor,2,1/23/2011,Unemployed,0,M,0,Married,1,15,22,0,2,Personal Auto,0,Personal L3,2,2,Agent,2,Small,0,0
SD61306,Arizona,7042.83,No,Basic,0,High School or Below,0,1/23/2011,Employed,1,M,82162,Married,1,11,111,0,4,Personal Auto,0,Personal L3,2,4,Agent,2,Small,0,0
KX80728,Washington,8319.2,No,Extended,1,High School or Below,0,1/23/2011,Unemployed,0,M,0,Single,0,5,32,0,4,Personal Auto,0,Personal L2,1,1,Agent,2,Medsize,1,1
GO44613,Nevada,32482.5,No,Basic,0,High School or Below,0,1/23/2011,Medical Leave,2,F,25877,Married,1,16,73,1,2,Personal Auto,0,Personal L1,0,1,Branch,1,Medsize,1,0
NL44360,Oregon,3525.05,No,Basic,0,Bachelor,2,1/23/2011,Retired,3,F,18122,Divorced,2,41,105,0,1,Personal Auto,0,Personal L3,2,3,Call Center,3,Medsize,1,0
VS73599,Arizona,9475.89,Yes,Basic,0,College,1,1/23/2011,Retired,3,M,36188,Married,1,43,26,0,2,Personal Auto,0,Personal L2,1,1,Agent,2,Medsize,1,0
PR74307,California,3502.7,No,Basic,0,High School or Below,0,1/23/2011,Unemployed,0,M,0,Married,1,23,63,1,1,Corporate Auto,1,Corporate L2,4,2,Agent,2,Medsize,1,0
TF35512,Oregon,9484.63,No,Extended,1,College,1,1/23/2011,Employed,1,F,64958,Married,1,5,69,0,3,Corporate Auto,1,Corporate L3,5,3,Agent,2,Medsize,1,0
GZ77449,California,19493.73,No,Basic,0,College,1,1/23/2011,Employed,1,M,78910,Single,0,9,18,0,5,Corporate Auto,1,Corporate L3,5,4,Branch,1,Medsize,1,1
YO81676,Oregon,2892.9,No,Basic,0,Bachelor,2,1/23/2011,Unemployed,0,M,0,Single,0,4,96,0,1,Corporate Auto,1,Corporate L1,3,4,Web,0,Medsize,1,0
JP27787,Oregon,7660.08,No,Basic,0,College,1,1/23/2011,Employed,1,F,88796,Divorced,2,22,132,0,4,Personal Auto,0,Personal L2,1,2,Agent,2,Medsize,1,0
RV75918,California,10542.85,No,Extended,1,College,1,1/23/2011,Employed,1,F,93367,Married,1,26,96,0,8,Personal Auto,0,Personal L3,2,3,Agent,2,Medsize,1,0
GB70718,Arizona,3230.6,No,Basic,0,High School or Below,0,1/23/2011,Medical Leave,2,F,38672,Married,1,15,68,0,1,Personal Auto,0,Personal L1,0,2,Web,0,Small,0,0
JQ68425,California,17441.21,No,Basic,0,College,1,1/23/2011,Employed,1,M,78619,Married,1,30,124,0,2,Corporate Auto,1,Corporate L2,4,1,Agent,2,Small,0,0
TN56613,Arizona,7233.66,No,Extended,1,Bachelor,2,1/23/2011,Employed,1,F,113091,Married,1,35,24,0,1,Personal Auto,0,Personal L3,2,4,Web,0,Medsize,1,0
FG18525,Nevada,2867.63,No,Basic,0,Bachelor,2,1/23/2011,Unemployed,0,M,0,Married,1,23,19,1,1,Personal Auto,0,Personal L3,2,4,Web,0,Medsize,1,0
QD69852,Oregon,3931.52,No,Extended,1,Bachelor,2,1/23/2011,Unemployed,0,M,0,Single,0,39,109,0,1,Personal Auto,0,Personal L1,0,3,Agent,2,Medsize,1,0
LQ20969,California,8356.49,No,Extended,1,Bachelor,2,1/23/2011,Employed,1,M,80356,Married,1,0,84,1,8,Personal Auto,0,Personal L1,0,1,Branch,1,Large,2,0
IP84574,Oregon,11060.67,No,Basic,0,College,1,1/23/2011,Employed,1,F,74034,Single,0,24,80,3,2,Corporate Auto,1,Corporate L3,5,1,Branch,1,Small,0,0
WI58274,Oregon,11121.92,No,Basic,0,College,1,1/23/2011,Employed,1,F,92152,Married,1,15,109,0,4,Personal Auto,0,Personal L1,0,2,Agent,2,Medsize,1,0
IN78205,Arizona,11244.2,No,Basic,0,College,1,1/23/2011,Unemployed,0,F,0,Single,0,24,12,0,3,Personal Auto,0,Personal L1,0,1,Agent,2,Medsize,1,1
MN19541,Arizona,2692.95,No,Basic,0,College,1,1/23/2011,Unemployed,0,M,0,Single,0,24,130,0,1,Personal Auto,0,Personal L1,0,2,Web,0,Medsize,1,0
RA34556,California,6585.24,No,Basic,0,High School or Below,0,1/23/2011,Disabled,4,M,27240,Divorced,2,35,70,2,6,Corporate Auto,1,Corporate L3,5,1,Branch,1,Medsize,1,0
NB87421,Arizona,11198.21,No,Premium,2,High School or Below,0,1/23/2011,Employed,1,M,105555,Married,1,14,14,0,5,Corporate Auto,1,Corporate L3,5,3,Agent,2,Medsize,1,0
GO27855,Oregon,9292.95,No,Extended,1,College,1,1/23/2011,Employed,1,F,87210,Married,1,30,41,0,3,Personal Auto,0,Personal L3,2,2,Web,0,Small,0,0
JW16295,California,14413.4,No,Extended,1,High School or Below,0,1/23/2011,Employed,1,F,74939,Divorced,2,1,3,0,2,Personal Auto,0,Personal L2,1,1,Web,0,Medsize,1,0
WP10197,Nevada,5310.65,Yes,Basic,0,High School or Below,0,1/23/2011,Employed,1,M,35001,Single,0,8,27,0,1,Personal Auto,0,Personal L3,2,2,Web,0,Medsize,1,0
DA84476,Oregon,9475.89,Yes,Basic,0,College,1,1/23/2011,Retired,3,M,36188,Married,1,43,26,0,2,Corporate Auto,1,Corporate L3,5,1,Agent,2,Medsize,1,0
WU95334,California,9475.89,Yes,Basic,0,College,1,1/23/2011,Retired,3,M,36188,Married,1,43,26,0,2,Personal Auto,0,Personal L3,2,1,Agent,2,Medsize,1,0
FG15154,California,9774.89,No,Extended,1,Bachelor,2,1/23/2011,Employed,1,M,44304,Married,1,23,53,0,8,Personal Auto,0,Personal L1,0,2,Call Center,3,Medsize,1,0
BP69529,Arizona,13386.47,No,Extended,1,Bachelor,2,1/23/2011,Employed,1,M,41315,Divorced,2,47,103,2,3,Corporate Auto,1,Corporate L3,5,2,Agent,2,Medsize,1,1
JV44724,Arizona,13845.33,No,Basic,0,Bachelor,2,1/23/2011,Unemployed,0,M,0,Single,0,23,104,0,2,Personal Auto,0,Personal L3,2,1,Agent,2,Medsize,1,0
LY30169,California,4536.36,No,Extended,1,High School or Below,0,1/23/2011,Employed,1,M,101542,Married,1,31,53,1,1,Corporate Auto,1,Corporate L3,5,4,Agent,2,Medsize,1,0
JM98365,Nevada,7779.34,No,Basic,0,Doctor,4,1/23/2011,Employed,1,M,89311,Married,1,15,89,0,6,Personal Auto,0,Personal L2,1,2,Web,0,Medsize,1,0
MV97958,Arizona,3887.5,No,Basic,0,Bachelor,2,1/23/2011,Employed,1,F,54709,Married,1,4,36,0,1,Personal Auto,0,Personal L3,2,2,Branch,1,Medsize,1,0
UQ40371,Nevada,4526.47,No,Extended,1,Master,3,1/23/2011,Employed,1,F,74735,Married,1,38,99,0,1,Special Auto,2,Special L3,8,4,Branch,1,Large,2,0
SN63066,Nevada,9658.03,No,Basic,0,Bachelor,2,1/23/2011,Employed,1,F,38075,Married,1,41,113,0,1,Personal Auto,0,Personal L2,1,2,Branch,1,Medsize,1,0
HS74723,Arizona,23546.21,No,Extended,1,College,1,1/23/2011,Employed,1,F,109308,Married,1,1,108,0,3,Personal Auto,0,Personal L3,2,4,Web,0,Small,0,1
BS91742,Washington,24800.27,No,Extended,1,College,1,1/23/2011,Employed,1,M,67040,Divorced,2,42,20,0,9,Personal Auto,0,Personal L3,2,3,Web,0,Large,2,1
ZN18884,California,8724,No,Basic,0,Bachelor,2,1/23/2011,Unemployed,0,M,0,Single,0,23,55,0,2,Corporate Auto,1,Corporate L2,4,4,Call Center,3,Medsize,1,0
UI64573,Oregon,4684.74,No,Extended,1,High School or Below,0,1/23/2011,Employed,1,F,128095,Married,1,24,14,3,1,Personal Auto,0,Personal L1,0,2,Web,0,Medsize,1,0
JM59803,California,7753.59,No,Basic,0,Doctor,4,1/23/2011,Employed,1,M,83398,Divorced,2,12,82,3,6,Personal Auto,0,Personal L2,1,3,Agent,2,Medsize,1,0
LO90163,Nevada,40609.85,No,Basic,0,Bachelor,2,1/23/2011,Employed,1,F,33245,Married,1,26,4,0,2,Personal Auto,0,Personal L3,2,1,Call Center,3,Medsize,1,0
FP10040,Oregon,11607.55,No,Basic,0,High School or Below,0,1/23/2011,Employed,1,M,51453,Married,1,5,46,0,2,Personal Auto,0,Personal L1,0,3,Agent,2,Large,2,0
NZ73268,California,6327.19,No,Premium,2,Bachelor,2,1/23/2011,Employed,1,M,44072,Married,1,34,113,0,1,Corporate Auto,1,Corporate L3,5,3,Agent,2,Medsize,1,0
PN68458,California,10186.49,No,Basic,0,High School or Below,0,1/23/2011,Unemployed,0,F,0,Married,1,26,90,1,3,Corporate Auto,1,Corporate L3,5,3,Agent,2,Medsize,1,0
AI74959,California,5310.65,Yes,Basic,0,High School or Below,0,1/23/2011,Employed,1,M,35001,Single,0,8,27,0,1,Personal Auto,0,Personal L3,2,2,Web,0,Medsize,1,0
VA89684,Nevada,3281.15,No,Basic,0,College,1,1/23/2011,Employed,1,F,45596,Married,1,32,128,0,1,Personal Auto,0,Personal L2,1,1,Agent,2,Medsize,1,0
JB47784,Oregon,7472.01,No,Basic,0,Doctor,4,1/23/2011,Employed,1,F,110626,Single,0,26,61,0,9,Personal Auto,0,Personal L1,0,1,Call Center,3,Small,0,0
AX56708,California,6472.55,No,Basic,0,High School or Below,0,1/23/2011,Retired,3,M,28164,Divorced,2,1,93,0,9,Personal Auto,0,Personal L3,2,1,Agent,2,Small,0,0
JI80257,Nevada,12393.21,No,Basic,0,College,1,1/23/2011,Employed,1,F,64345,Divorced,2,47,32,0,8,Personal Auto,0,Personal L3,2,1,Branch,1,Medsize,1,0
WD38315,California,6102.46,No,Basic,0,College,1,1/23/2011,Unemployed,0,M,0,Single,0,9,1,0,4,Personal Auto,0,Personal L3,2,1,Agent,2,Medsize,1,0
GX38439,California,6034.74,No,Extended,1,College,1,1/23/2011,Unemployed,0,F,0,Single,0,3,97,0,1,Personal Auto,0,Personal L2,1,4,Web,0,Medsize,1,1
JA55700,California,5310.65,Yes,Basic,0,High School or Below,0,1/23/2011,Employed,1,M,35001,Single,0,8,27,0,1,Personal Auto,0,Personal L3,2,2,Web,0,Medsize,1,0
OX62816,Washington,6975.93,No,Basic,0,Master,3,1/23/2011,Employed,1,M,41008,Single,0,35,22,0,6,Personal Auto,0,Personal L1,0,1,Web,0,Small,0,0
YP32443,Oregon,5902.46,No,Basic,0,Bachelor,2,1/23/2011,Medical Leave,2,M,27478,Married,1,31,0,0,1,Personal Auto,0,Personal L1,0,3,Agent,2,Medsize,1,0
HY36253,California,11461.88,No,Extended,1,Bachelor,2,1/23/2011,Disabled,4,M,38714,Divorced,2,4,41,0,2,Personal Auto,0,Personal L3,2,3,Agent,2,Medsize,1,0
GT19025,Oregon,4909.36,No,Extended,1,Bachelor,2,1/23/2011,Medical Leave,2,F,34299,Divorced,2,3,119,0,1,Personal Auto,0,Personal L1,0,1,Branch,1,Medsize,1,0
BY59578,California,4721.6,No,Extended,1,College,1,1/23/2011,Employed,1,M,85305,Married,1,22,128,0,1,Personal Auto,0,Personal L3,2,1,Agent,2,Medsize,1,0
WY12393,Washington,23874.28,No,Basic,0,High School or Below,0,1/23/2011,Employed,1,F,111600,Single,0,7,88,1,2,Special Auto,2,Special L1,6,1,Branch,1,Medsize,1,0
YQ24856,California,9239.2,No,Basic,0,Bachelor,2,1/23/2011,Unemployed,0,M,0,Single,0,24,28,0,2,Corporate Auto,1,Corporate L2,4,2,Web,0,Medsize,1,0
CF26207,California,9475.89,Yes,Basic,0,College,1,1/23/2011,Retired,3,M,36188,Married,1,43,26,0,2,Personal Auto,0,Personal L2,1,1,Agent,2,Medsize,1,0
ZZ69693,California,3306.93,No,Basic,0,High School or Below,0,1/23/2011,Unemployed,0,M,0,Single,0,27,59,0,1,Corporate Auto,1,Corporate L3,5,3,Branch,1,Large,2,0
BC75105,California,3861.6,No,Extended,1,College,1,1/23/2011,Employed,1,M,61542,Divorced,2,11,66,5,1,Personal Auto,0,Personal L3,2,3,Agent,2,Medsize,1,0
SE21603,California,3333.27,No,Basic,0,Bachelor,2,1/23/2011,Unemployed,0,M,0,Single,0,14,27,0,1,Corporate Auto,1,Corporate L3,5,1,Branch,1,Medsize,1,0
FH68849,California,17233.8,No,Basic,0,Bachelor,2,1/23/2011,Unemployed,0,F,0,Single,0,18,63,0,2,Personal Auto,0,Personal L2,1,2,Web,0,Medsize,1,1
LJ20215,California,4638.13,No,Extended,1,High School or Below,0,1/23/2011,Unemployed,0,F,0,Single,0,24,101,0,1,Corporate Auto,1,Corporate L3,5,1,Agent,2,Medsize,1,0
UN77671,California,9895.76,No,Extended,1,College,1,1/23/2011,Employed,1,F,36323,Married,1,23,16,0,3,Personal Auto,0,Personal L3,2,3,Branch,1,Medsize,1,0
ON44465,California,7172.95,No,Extended,1,High School or Below,0,1/24/2011,Unemployed,0,F,0,Single,0,11,14,1,9,Personal Auto,0,Personal L2,1,1,Agent,2,Medsize,1,1
KC11055,Nevada,22863.97,No,Extended,1,Bachelor,2,1/24/2011,Employed,1,F,53205,Married,1,5,39,2,4,Personal Auto,0,Personal L3,2,3,Branch,1,Medsize,1,1
FG16766,California,9231.21,No,Premium,2,Bachelor,2,1/24/2011,Employed,1,F,70010,Married,1,0,28,0,1,Personal Auto,0,Personal L2,1,4,Branch,1,Medsize,1,1
ZH17561,Washington,6881.66,No,Extended,1,Bachelor,2,1/24/2011,Medical Leave,2,F,29248,Divorced,2,0,34,0,1,Corporate Auto,1,Corporate L2,4,1,Branch,1,Medsize,1,1
DP84567,California,27292.02,No,Basic,0,High School or Below,0,1/24/2011,Unemployed,0,M,0,Married,1,8,22,0,2,Personal Auto,0,Personal L1,0,3,Agent,2,Large,2,1
VH31965,Washington,7134.91,No,Basic,0,Bachelor,2,1/24/2011,Employed,1,M,55057,Married,1,18,58,1,9,Personal Auto,0,Personal L1,0,1,Call Center,3,Medsize,1,0
EY50028,Nevada,4440.89,No,Extended,1,Doctor,4,1/24/2011,Unemployed,0,M,0,Married,1,7,74,0,1,Corporate Auto,1,Corporate L3,5,2,Agent,2,Medsize,1,0
UQ87917,Oregon,17471.34,No,Basic,0,High School or Below,0,1/24/2011,Employed,1,M,104031,Married,1,31,122,0,2,Personal Auto,0,Personal L2,1,1,Branch,1,Medsize,1,0
IU47468,Oregon,8323.5,No,Extended,1,Bachelor,2,1/24/2011,Unemployed,0,F,0,Single,0,16,73,0,6,Special Auto,2,Special L2,7,3,Web,0,Small,0,0
DL36983,Oregon,11468.47,No,Premium,2,High School or Below,0,1/24/2011,Employed,1,F,32118,Divorced,2,15,96,3,7,Personal Auto,0,Personal L3,2,1,Agent,2,Medsize,1,0
DK94262,Oregon,11484.62,No,Basic,0,High School or Below,0,1/24/2011,Employed,1,M,63118,Married,1,7,95,1,9,Personal Auto,0,Personal L3,2,3,Web,0,Medsize,1,0
QN10888,Oregon,10431.44,No,Basic,0,High School or Below,0,1/24/2011,Employed,1,F,118287,Married,1,4,20,0,2,Personal Auto,0,Personal L3,2,3,Call Center,3,Medsize,1,0
ZJ73220,Arizona,17674.99,No,Basic,0,College,1,1/24/2011,Unemployed,0,F,0,Single,0,47,111,0,7,Special Auto,2,Special L2,7,1,Call Center,3,Medsize,1,1
WT22392,Oregon,10809.92,No,Basic,0,College,1,1/24/2011,Employed,1,F,88389,Married,1,5,19,0,2,Personal Auto,0,Personal L1,0,2,Call Center,3,Medsize,1,0
FZ20933,Oregon,6589.28,No,Basic,0,High School or Below,0,1/24/2011,Employed,1,M,32937,Married,1,19,107,1,3,Personal Auto,0,Personal L2,1,2,Agent,2,Large,2,0
BQ12347,Arizona,7601.57,No,Basic,0,High School or Below,0,1/24/2011,Employed,1,M,98380,Married,1,35,42,0,6,Special Auto,2,Special L3,8,3,Branch,1,Small,0,0
PD32641,Oregon,7810.05,No,Basic,0,College,1,1/24/2011,Employed,1,M,42282,Married,1,41,128,0,5,Personal Auto,0,Personal L3,2,1,Branch,1,Medsize,1,0
XV83643,California,6766.45,No,Extended,1,College,1,1/24/2011,Employed,1,M,28318,Married,1,27,116,1,1,Personal Auto,0,Personal L3,2,1,Agent,2,Large,2,0
SX50964,Arizona,7052.84,No,Basic,0,Bachelor,2,1/24/2011,Employed,1,F,112575,Married,1,7,77,0,3,Corporate Auto,1,Corporate L2,4,2,Branch,1,Small,0,0
EO40136,Arizona,3931.54,No,Basic,0,College,1,1/24/2011,Employed,1,F,126094,Divorced,2,24,43,0,1,Personal Auto,0,Personal L2,1,2,Web,0,Small,0,0
VF32979,Washington,7830.23,No,Basic,0,Bachelor,2,1/24/2011,Employed,1,F,34387,Divorced,2,7,116,0,9,Corporate Auto,1,Corporate L2,4,1,Branch,1,Medsize,1,0
AR61426,California,12751.63,No,Extended,1,Bachelor,2,1/24/2011,Employed,1,F,125882,Married,1,42,32,0,2,Personal Auto,0,Personal L3,2,4,Branch,1,Medsize,1,0
ZF40143,Nevada,11172.47,No,Premium,2,College,1,1/24/2011,Employed,1,F,65066,Single,0,14,82,0,6,Personal Auto,0,Personal L2,1,2,Agent,2,Medsize,1,0
GP66031,California,3491.04,No,Basic,0,College,1,1/24/2011,Employed,1,F,113073,Married,1,36,46,0,1,Corporate Auto,1,Corporate L1,3,2,Agent,2,Medsize,1,0
PM78410,Oregon,5563.69,No,Basic,0,Bachelor,2,1/24/2011,Unemployed,0,F,0,Single,0,9,11,3,3,Personal Auto,0,Personal L3,2,1,Agent,2,Medsize,1,0
MZ88454,Oregon,6445.91,No,Basic,0,Bachelor,2,1/24/2011,Unemployed,0,F,0,Single,0,27,109,0,9,Personal Auto,0,Personal L1,0,1,Call Center,3,Medsize,1,0
GB43363,Oregon,9275.32,No,Premium,2,College,1,1/24/2011,Unemployed,0,M,0,Single,0,7,117,0,3,Personal Auto,0,Personal L3,2,1,Branch,1,Small,0,1
NW41789,Oregon,3708.32,No,Extended,1,Bachelor,2,1/24/2011,Unemployed,0,M,0,Single,0,34,59,0,1,Personal Auto,0,Personal L3,2,4,Call Center,3,Medsize,1,0
GK13851,Oregon,12457.22,No,Extended,1,College,1,1/24/2011,Unemployed,0,M,0,Single,0,20,57,0,3,Personal Auto,0,Personal L1,0,3,Call Center,3,Medsize,1,0
PQ46798,California,11205.96,No,Basic,0,College,1,1/24/2011,Disabled,4,F,22996,Single,0,15,54,0,6,Personal Auto,0,Personal L1,0,2,Agent,2,Medsize,1,0
QO59138,Arizona,3496.79,No,Basic,0,High School or Below,0,1/24/2011,Disabled,4,M,25307,Married,1,28,126,0,1,Personal Auto,0,Personal L2,1,2,Branch,1,Large,2,0
GT57081,Oregon,6631.23,No,Basic,0,Bachelor,2,1/24/2011,Unemployed,0,F,0,Single,0,31,51,0,4,Personal Auto,0,Personal L2,1,1,Branch,1,Medsize,1,0
QY81331,Arizona,11604.58,No,Basic,0,High School or Below,0,1/24/2011,Employed,1,F,127227,Married,1,47,9,1,2,Personal Auto,0,Personal L1,0,1,Agent,2,Medsize,1,0
WF51811,Arizona,3671.33,Yes,Basic,0,College,1,1/24/2011,Retired,3,F,18941,Married,1,15,4,0,1,Personal Auto,0,Personal L2,1,2,Branch,1,Large,2,0
PG26401,Washington,12408.76,No,Basic,0,High School or Below,0,1/24/2011,Employed,1,M,104764,Married,1,14,112,0,8,Personal Auto,0,Personal L1,0,2,Call Center,3,Medsize,1,0
PA84292,Oregon,3310.69,No,Basic,0,Bachelor,2,1/24/2011,Unemployed,0,F,0,Single,0,18,101,0,1,Personal Auto,0,Personal L3,2,1,Agent,2,Medsize,1,0
XK39439,California,6425.55,No,Extended,1,College,1,1/24/2011,Unemployed,0,M,0,Single,0,14,108,3,3,Personal Auto,0,Personal L3,2,1,Agent,2,Medsize,1,0
CE16324,Nevada,9839.2,No,Extended,1,College,1,1/24/2011,Employed,1,F,80209,Married,1,31,28,0,3,Personal Auto,0,Personal L3,2,1,Call Center,3,Medsize,1,0
QB82117,Oregon,12216.13,Yes,Basic,0,High School or Below,0,1/24/2011,Unemployed,0,M,0,Married,1,12,11,0,3,Personal Auto,0,Personal L2,1,2,Web,0,Medsize,1,0
GX29162,Arizona,17582.31,No,Premium,2,High School or Below,0,1/24/2011,Employed,1,F,87730,Married,1,31,127,0,2,Personal Auto,0,Personal L3,2,1,Web,0,Small,0,0
HR48520,Oregon,5286.33,No,Basic,0,Bachelor,2,1/24/2011,Unemployed,0,M,0,Single,0,3,116,0,1,Personal Auto,0,Personal L2,1,1,Call Center,3,Large,2,1
FW92569,Arizona,17915.78,No,Basic,0,College,1,1/24/2011,Employed,1,M,38781,Married,1,9,57,0,2,Corporate Auto,1,Corporate L1,3,4,Branch,1,Medsize,1,0
SO38188,Oregon,7166.63,No,Extended,1,Bachelor,2,1/24/2011,Employed,1,M,54240,Married,1,9,18,0,1,Special Auto,2,Special L2,7,1,Agent,2,Medsize,1,0
EA63660,California,28292.77,No,Basic,0,College,1,1/24/2011,Unemployed,0,F,0,Single,0,39,61,0,2,Personal Auto,0,Personal L3,2,1,Agent,2,Medsize,1,0
GF97506,Nevada,12216.13,Yes,Basic,0,High School or Below,0,1/24/2011,Unemployed,0,M,0,Married,1,12,11,0,3,Personal Auto,0,Personal L2,1,2,Web,0,Medsize,1,0
LX24476,Oregon,4885.73,No,Extended,1,Bachelor,2,1/24/2011,Unemployed,0,F,0,Married,1,36,63,0,1,Personal Auto,0,Personal L3,2,2,Web,0,Medsize,1,0
LS59637,Arizona,3671.33,Yes,Basic,0,College,1,1/24/2011,Retired,3,F,18941,Married,1,15,4,0,1,Corporate Auto,1,Corporate L2,4,2,Branch,1,Large,2,0
OK31456,California,14862.33,Yes,Premium,2,Bachelor,2,1/24/2011,Employed,1,F,69718,Single,0,22,58,0,1,Corporate Auto,1,Corporate L3,5,2,Agent,2,Medsize,1,1
EY75197,Arizona,7576.1,No,Premium,2,Bachelor,2,1/24/2011,Unemployed,0,F,0,Single,0,7,80,0,1,Personal Auto,0,Personal L3,2,3,Agent,2,Medsize,1,1
AZ68072,Oregon,6141.6,No,Basic,0,Bachelor,2,1/24/2011,Medical Leave,2,F,31928,Married,1,7,14,2,3,Personal Auto,0,Personal L2,1,1,Agent,2,Medsize,1,0
CS70768,California,9130.3,No,Basic,0,High School or Below,0,1/24/2011,Unemployed,0,F,0,Single,0,36,1,0,2,Personal Auto,0,Personal L3,2,1,Branch,1,Medsize,1,0
UA44429,California,3402.04,No,Basic,0,College,1,1/24/2011,Unemployed,0,F,0,Married,1,4,70,0,1,Personal Auto,0,Personal L3,2,2,Branch,1,Medsize,1,0
YC69616,Arizona,3671.33,Yes,Basic,0,College,1,1/24/2011,Retired,3,F,18941,Married,1,15,4,0,1,Personal Auto,0,Personal L3,2,2,Branch,1,Large,2,0
DF65548,California,11628.18,No,Premium,2,Master,3,1/24/2011,Employed,1,F,36018,Married,1,15,66,0,5,Personal Auto,0,Personal L2,1,1,Agent,2,Small,0,0
FE67098,Nevada,6272.62,No,Basic,0,College,1,1/24/2011,Employed,1,M,50666,Married,1,35,78,0,1,Personal Auto,0,Personal L3,2,1,Call Center,3,Small,0,0
WE68750,Oregon,7678.66,No,Basic,0,Bachelor,2,1/24/2011,Employed,1,M,134658,Single,0,38,117,0,5,Corporate Auto,1,Corporate L2,4,1,Call Center,3,Medsize,1,0
JD71348,California,9840.55,No,Extended,1,College,1,1/24/2011,Employed,1,M,82181,Married,1,0,113,0,3,Personal Auto,0,Personal L3,2,1,Branch,1,Medsize,1,0
NT38409,California,3444.27,No,Basic,0,College,1,1/24/2011,Employed,1,M,107260,Single,0,45,101,0,1,Corporate Auto,1,Corporate L2,4,2,Call Center,3,Medsize,1,0
PI98333,Oregon,3176.79,No,Basic,0,Bachelor,2,1/24/2011,Unemployed,0,F,0,Single,0,15,99,0,1,Personal Auto,0,Personal L3,2,1,Agent,2,Medsize,1,0
AO42003,Oregon,22519.79,No,Basic,0,College,1,1/24/2011,Employed,1,F,75474,Married,1,31,86,0,2,Corporate Auto,1,Corporate L1,3,1,Agent,2,Large,2,0
FQ32742,Arizona,10197.81,No,Basic,0,Doctor,4,1/24/2011,Employed,1,M,51311,Divorced,2,16,54,4,2,Personal Auto,0,Personal L2,1,2,Agent,2,Medsize,1,0
NL17964,Oregon,3484.38,No,Basic,0,High School or Below,0,1/24/2011,Employed,1,M,48323,Married,1,34,72,0,1,Personal Auto,0,Personal L3,2,1,Agent,2,Medsize,1,0
SC40169,Oregon,3671.33,Yes,Basic,0,College,1,1/24/2011,Retired,3,F,18941,Married,1,15,4,0,1,Personal Auto,0,Personal L2,1,2,Branch,1,Large,2,0
GO56075,Oregon,10246.01,No,Basic,0,High School or Below,0,1/24/2011,Unemployed,0,M,0,Married,1,41,131,0,2,Personal Auto,0,Personal L3,2,1,Branch,1,Small,0,0
FP65563,Washington,20591.91,No,Basic,0,High School or Below,0,1/24/2011,Employed,1,M,70115,Married,1,7,54,0,9,Personal Auto,0,Personal L3,2,4,Web,0,Small,0,1
YL65673,California,25711.43,No,Basic,0,Bachelor,2,1/24/2011,Unemployed,0,F,0,Single,0,3,82,0,2,Personal Auto,0,Personal L2,1,1,Agent,2,Small,0,0
HI98447,Oregon,14245.78,No,Extended,1,High School or Below,0,1/24/2011,Employed,1,M,38482,Married,1,0,126,0,2,Personal Auto,0,Personal L2,1,4,Agent,2,Large,2,0
DH68234,California,27673.42,No,Basic,0,Master,3,1/24/2011,Employed,1,M,75695,Divorced,2,7,99,0,2,Personal Auto,0,Personal L3,2,1,Branch,1,Medsize,1,0
XI62151,Oregon,17951.81,No,Basic,0,College,1,1/24/2011,Employed,1,M,119381,Married,1,9,23,1,2,Personal Auto,0,Personal L1,0,1,Agent,2,Medsize,1,0
SL98898,Nevada,12216.13,Yes,Basic,0,High School or Below,0,1/24/2011,Unemployed,0,M,0,Married,1,12,11,0,3,Personal Auto,0,Personal L1,0,2,Web,0,Medsize,1,0
CW57351,Nevada,14394.56,No,Extended,1,College,1,1/24/2011,Employed,1,F,84252,Divorced,2,22,68,0,2,Personal Auto,0,Personal L2,1,2,Agent,2,Small,0,0
XH47201,California,8420.63,No,Extended,1,High School or Below,0,1/24/2011,Unemployed,0,M,0,Married,1,3,62,1,3,Personal Auto,0,Personal L3,2,4,Agent,2,Medsize,1,0
HD56196,Oregon,46021.55,No,Extended,1,Doctor,4,1/24/2011,Employed,1,F,69984,Married,1,14,101,0,2,Corporate Auto,1,Corporate L1,3,2,Agent,2,Small,0,0
PY79113,California,3513.58,No,Basic,0,Master,3,1/24/2011,Employed,1,M,56643,Married,1,20,66,1,1,Corporate Auto,1,Corporate L3,5,4,Call Center,3,Small,0,0
RX31862,California,8338.55,No,Extended,1,High School or Below,0,1/24/2011,Employed,1,M,66864,Married,1,5,105,0,3,Personal Auto,0,Personal L2,1,4,Agent,2,Medsize,1,0
RA61917,Washington,10840.12,No,Basic,0,High School or Below,0,1/24/2011,Employed,1,F,102709,Single,0,19,4,0,2,Personal Auto,0,Personal L2,1,2,Branch,1,Medsize,1,0
QK37708,California,6094.23,No,Basic,0,Bachelor,2,1/24/2011,Employed,1,M,67697,Married,1,8,59,1,1,Personal Auto,0,Personal L3,2,2,Branch,1,Medsize,1,1
ID21652,Washington,3886.34,No,Basic,0,Bachelor,2,1/24/2011,Employed,1,F,106905,Married,1,15,107,0,1,Personal Auto,0,Personal L2,1,2,Branch,1,Medsize,1,0
AJ89108,California,14862.33,Yes,Premium,2,Bachelor,2,1/24/2011,Employed,1,F,69718,Single,0,22,58,0,1,Personal Auto,0,Personal L3,2,2,Agent,2,Medsize,1,1
SD75391,California,3651.13,No,Basic,0,Master,3,1/24/2011,Retired,3,F,32634,Married,1,22,130,0,1,Personal Auto,0,Personal L2,1,3,Web,0,Medsize,1,0
YX84828,Oregon,6857.77,No,Basic,0,Bachelor,2,1/24/2011,Unemployed,0,F,0,Married,1,8,128,0,5,Personal Auto,0,Personal L3,2,2,Agent,2,Small,0,0
PD22502,California,6479.49,No,Basic,0,Bachelor,2,1/24/2011,Unemployed,0,F,0,Married,1,15,34,0,4,Personal Auto,0,Personal L3,2,1,Agent,2,Small,0,0
WL69218,Oregon,23538.17,No,Basic,0,Bachelor,2,1/24/2011,Employed,1,F,73042,Married,1,30,20,2,2,Personal Auto,0,Personal L3,2,2,Web,0,Medsize,1,0
OZ47099,Arizona,3613.88,No,Basic,0,Master,3,1/24/2011,Unemployed,0,M,0,Married,1,23,8,0,1,Corporate Auto,1,Corporate L3,5,4,Branch,1,Medsize,1,0
CC88237,California,7097.28,No,Basic,0,High School or Below,0,1/24/2011,Employed,1,M,75808,Single,0,8,35,0,4,Personal Auto,0,Personal L3,2,3,Web,0,Small,0,0
AY59197,Nevada,12853.65,No,Extended,1,College,1,1/24/2011,Employed,1,M,37488,Married,1,32,105,0,6,Special Auto,2,Special L3,8,4,Agent,2,Small,0,0
EI58541,Washington,3671.33,Yes,Basic,0,College,1,1/24/2011,Retired,3,F,18941,Married,1,15,4,0,1,Personal Auto,0,Personal L3,2,2,Branch,1,Large,2,0
RN66346,California,19795.32,No,Basic,0,Master,3,1/24/2011,Employed,1,M,122870,Divorced,2,42,41,1,2,Personal Auto,0,Personal L3,2,3,Agent,2,Medsize,1,0
YC53575,Oregon,11487.76,No,Extended,1,High School or Below,0,1/24/2011,Unemployed,0,M,0,Single,0,20,27,0,2,Personal Auto,0,Personal L2,1,2,Branch,1,Medsize,1,0
UI99151,Nevada,16232.06,No,Basic,0,High School or Below,0,1/24/2011,Medical Leave,2,M,38987,Married,1,8,12,0,2,Personal Auto,0,Personal L3,2,2,Web,0,Medsize,1,1
NB30472,Arizona,55489.38,No,Premium,2,College,1,1/24/2011,Employed,1,F,41641,Married,1,4,120,1,2,Personal Auto,0,Personal L2,1,1,Branch,1,Medsize,1,0
II97469,California,9468.14,No,Extended,1,High School or Below,0,1/24/2011,Employed,1,M,124344,Divorced,2,9,51,0,5,Personal Auto,0,Personal L3,2,2,Agent,2,Medsize,1,0
KG21285,Arizona,9665.74,No,Extended,1,College,1,1/24/2011,Employed,1,M,90728,Divorced,2,12,93,0,9,Personal Auto,0,Personal L1,0,1,Web,0,Medsize,1,0
FE93959,California,10172.82,No,Basic,0,Doctor,4,1/24/2011,Employed,1,M,50620,Single,0,1,49,0,2,Corporate Auto,1,Corporate L2,4,3,Agent,2,Small,0,0
YJ16163,Oregon,14862.33,Yes,Premium,2,Bachelor,2,1/24/2011,Employed,1,F,69718,Single,0,22,58,0,1,Special Auto,2,Special L3,8,2,Agent,2,Medsize,1,1
ZL30083,Oregon,12216.13,Yes,Basic,0,High School or Below,0,1/24/2011,Unemployed,0,M,0,Married,1,12,11,0,3,Personal Auto,0,Personal L1,0,2,Web,0,Medsize,1,0
PP30874,California,4831.68,No,Extended,1,High School or Below,0,1/24/2011,Employed,1,F,38210,Married,1,14,41,2,1,Personal Auto,0,Personal L2,1,2,Agent,2,Medsize,1,0
CK24264,Arizona,8393.3,No,Extended,1,High School or Below,0,1/24/2011,Unemployed,0,M,0,Married,1,20,127,0,9,Personal Auto,0,Personal L3,2,3,Agent,2,Medsize,1,0
IV97881,Nevada,6577.98,No,Extended,1,High School or Below,0,1/24/2011,Unemployed,0,M,0,Single,0,43,45,0,1,Personal Auto,0,Personal L3,2,4,Call Center,3,Medsize,1,0
UV49359,Nevada,9952.51,No,Basic,0,Bachelor,2,1/24/2011,Employed,1,F,100352,Single,0,4,5,0,1,Corporate Auto,1,Corporate L1,3,3,Agent,2,Small,0,1
EO74797,Arizona,10584.87,No,Extended,1,Bachelor,2,1/24/2011,Unemployed,0,F,0,Single,0,23,46,1,2,Personal Auto,0,Personal L2,1,2,Agent,2,Large,2,0
BY62906,Arizona,37786.98,No,Basic,0,High School or Below,0,1/24/2011,Employed,1,M,31011,Married,1,32,11,0,2,Personal Auto,0,Personal L3,2,2,Web,0,Medsize,1,0
NG69817,California,10179.53,No,Basic,0,Bachelor,2,1/24/2011,Unemployed,0,F,0,Single,0,32,57,0,2,Personal Auto,0,Personal L1,0,1,Branch,1,Small,0,0
EW51866,Arizona,9119.35,No,Extended,1,College,1,1/24/2011,Employed,1,F,40339,Married,1,36,128,0,6,Personal Auto,0,Personal L2,1,1,Call Center,3,Medsize,1,0
PG67485,Nevada,12216.13,Yes,Basic,0,High School or Below,0,1/24/2011,Unemployed,0,M,0,Married,1,12,11,0,3,Personal Auto,0,Personal L2,1,2,Web,0,Medsize,1,0
OX62244,California,5885.65,No,Basic,0,Bachelor,2,1/24/2011,Unemployed,0,M,0,Single,0,23,113,0,9,Personal Auto,0,Personal L1,0,1,Branch,1,Medsize,1,0
SM62247,Nevada,33133.32,No,Extended,1,High School or Below,0,1/24/2011,Employed,1,F,92201,Single,0,8,57,3,2,Corporate Auto,1,Corporate L3,5,2,Call Center,3,Medsize,1,1
NE51159,Oregon,10100.46,No,Extended,1,College,1,1/24/2011,Employed,1,M,83407,Married,1,23,27,0,6,Personal Auto,0,Personal L2,1,2,Branch,1,Small,0,0
TW11115,California,3502.97,No,Basic,0,High School or Below,0,1/24/2011,Employed,1,F,40586,Married,1,27,31,0,1,Personal Auto,0,Personal L3,2,1,Agent,2,Large,2,0
NA14154,California,6810.56,No,Basic,0,Bachelor,2,1/24/2011,Employed,1,M,80044,Married,1,19,124,0,4,Corporate Auto,1,Corporate L3,5,2,Call Center,3,Medsize,1,0
IJ36435,California,7845.68,No,Extended,1,College,1,1/24/2011,Unemployed,0,F,0,Married,1,14,30,0,8,Personal Auto,0,Personal L2,1,3,Agent,2,Medsize,1,0
XA27299,California,17296.79,No,Extended,1,Bachelor,2,1/24/2011,Unemployed,0,M,0,Single,0,47,96,0,2,Personal Auto,0,Personal L2,1,2,Agent,2,Medsize,1,1
SV46904,California,9320.51,No,Extended,1,High School or Below,0,1/24/2011,Unemployed,0,F,0,Single,0,35,42,0,4,Personal Auto,0,Personal L2,1,2,Agent,2,Medsize,1,1
ZI69514,California,6508.64,No,Basic,0,College,1,1/24/2011,Employed,1,M,85578,Married,1,38,65,4,3,Corporate Auto,1,Corporate L3,5,3,Agent,2,Medsize,1,0
AH22694,California,7898.11,No,Basic,0,Doctor,4,1/24/2011,Employed,1,M,32828,Married,1,3,47,1,3,Corporate Auto,1,Corporate L1,3,1,Call Center,3,Medsize,1,0
GV76798,California,6455.46,No,Premium,2,Master,3,1/24/2011,Employed,1,F,40987,Married,1,38,65,1,1,Personal Auto,0,Personal L2,1,2,Branch,1,Medsize,1,0
OC83172,Oregon,11146,Yes,Basic,0,Bachelor,2,1/25/2011,Employed,1,F,84918,Married,1,19,127,0,2,Personal Auto,0,Personal L3,2,2,Web,0,Medsize,1,0
PF41800,California,6365.68,No,Basic,0,Bachelor,2,1/25/2011,Unemployed,0,M,0,Married,1,26,76,0,3,Personal Auto,0,Personal L3,2,1,Call Center,3,Medsize,1,0
CM61827,Oregon,4171.55,No,Extended,1,Bachelor,2,1/25/2011,Unemployed,0,M,0,Single,0,9,107,0,1,Personal Auto,0,Personal L2,1,3,Agent,2,Small,0,0
HG65722,Oregon,17305.79,No,Premium,2,Doctor,4,1/25/2011,Disabled,4,F,13642,Married,1,7,5,3,3,Personal Auto,0,Personal L2,1,1,Branch,1,Medsize,1,0
XK31350,Oregon,9336.24,No,Extended,1,College,1,1/25/2011,Employed,1,F,130424,Married,1,8,31,0,3,Corporate Auto,1,Corporate L1,3,4,Call Center,3,Large,2,0
HR10526,California,10860.39,No,Basic,0,Master,3,1/25/2011,Employed,1,M,59832,Married,1,18,107,0,2,Personal Auto,0,Personal L2,1,1,Call Center,3,Medsize,1,0
HD32044,Oregon,11189.01,No,Premium,2,Master,3,1/25/2011,Employed,1,F,45652,Divorced,2,14,131,2,3,Corporate Auto,1,Corporate L3,5,1,Branch,1,Medsize,1,0
KF75098,Arizona,6925.15,No,Basic,0,Bachelor,2,1/25/2011,Employed,1,M,116300,Married,1,26,69,2,4,Personal Auto,0,Personal L3,2,4,Agent,2,Small,0,0
NW30838,Nevada,5227.5,No,Basic,0,High School or Below,0,1/25/2011,Unemployed,0,M,0,Single,0,11,109,2,6,Corporate Auto,1,Corporate L3,5,1,Call Center,3,Medsize,1,0
HX78576,California,7609.6,No,Basic,0,High School or Below,0,1/25/2011,Employed,1,F,33097,Married,1,15,31,0,8,Personal Auto,0,Personal L3,2,3,Call Center,3,Medsize,1,0
GB45753,California,7343.74,No,Basic,0,High School or Below,0,1/25/2011,Employed,1,M,83087,Married,1,5,36,0,3,Corporate Auto,1,Corporate L2,4,4,Call Center,3,Large,2,0
CH85444,Oregon,5596.71,No,Premium,2,College,1,1/25/2011,Disabled,4,M,35023,Married,1,35,112,0,1,Corporate Auto,1,Corporate L2,4,1,Branch,1,Small,0,1
QK46697,Washington,8339.1,No,Extended,1,Bachelor,2,1/25/2011,Employed,1,M,82404,Married,1,16,32,1,4,Personal Auto,0,Personal L3,2,4,Agent,2,Medsize,1,0
PZ89632,Oregon,6392.5,No,Extended,1,High School or Below,0,1/25/2011,Unemployed,0,F,0,Single,0,30,92,0,1,Personal Auto,0,Personal L3,2,3,Agent,2,Medsize,1,1
KI18648,Arizona,10914.54,No,Basic,0,Bachelor,2,1/25/2011,Employed,1,F,81894,Divorced,2,14,51,0,2,Special Auto,2,Special L1,6,2,Web,0,Medsize,1,0
ZZ44902,Arizona,17135.11,No,Premium,2,High School or Below,0,1/25/2011,Employed,1,M,54158,Married,1,8,74,0,2,Personal Auto,0,Personal L1,0,3,Agent,2,Small,0,1
MP47256,California,30589.02,Yes,Basic,0,Bachelor,2,1/25/2011,Retired,3,M,31948,Married,1,26,68,0,2,Personal Auto,0,Personal L3,2,1,Branch,1,Medsize,1,0
XZ17273,Nevada,28347.65,No,Basic,0,Bachelor,2,1/25/2011,Employed,1,M,96745,Married,1,31,30,0,2,Corporate Auto,1,Corporate L3,5,2,Web,0,Medsize,1,0
GH31557,California,3624.19,No,Basic,0,High School or Below,0,1/25/2011,Employed,1,M,132463,Divorced,2,30,66,0,1,Personal Auto,0,Personal L3,2,2,Web,0,Small,0,0
EJ90880,California,3767.12,No,Basic,0,College,1,1/25/2011,Employed,1,M,38861,Married,1,41,93,1,1,Personal Auto,0,Personal L3,2,1,Agent,2,Medsize,1,0
LG19551,Arizona,7782.46,No,Basic,0,Bachelor,2,1/25/2011,Employed,1,M,29881,Married,1,18,109,0,3,Corporate Auto,1,Corporate L2,4,1,Call Center,3,Medsize,1,0
XO46388,California,6948.19,No,Basic,0,Bachelor,2,1/25/2011,Disabled,4,F,30502,Married,1,30,55,0,3,Personal Auto,0,Personal L2,1,1,Call Center,3,Medsize,1,0
ZX35838,Oregon,12604.05,No,Premium,2,Master,3,1/25/2011,Employed,1,F,94739,Married,1,16,46,0,8,Personal Auto,0,Personal L1,0,1,Agent,2,Medsize,1,0
JA93297,California,30589.02,Yes,Basic,0,Bachelor,2,1/25/2011,Retired,3,M,31948,Married,1,26,68,0,2,Personal Auto,0,Personal L2,1,1,Branch,1,Medsize,1,0
EN72010,Oregon,9816.44,No,Basic,0,College,1,1/25/2011,Disabled,4,M,27736,Single,0,31,116,0,2,Personal Auto,0,Personal L2,1,3,Agent,2,Medsize,1,0
JV68002,Washington,8001.08,Yes,Extended,1,College,1,1/25/2011,Retired,3,M,31173,Married,1,38,122,5,5,Corporate Auto,1,Corporate L1,3,1,Agent,2,Medsize,1,0
YP47665,Washington,7302.03,No,Basic,0,Doctor,4,1/25/2011,Employed,1,M,108259,Married,1,30,32,0,7,Personal Auto,0,Personal L3,2,2,Agent,2,Medsize,1,0
GU82475,California,8818.21,No,Extended,1,College,1,1/25/2011,Employed,1,M,33641,Married,1,28,3,1,5,Personal Auto,0,Personal L3,2,2,Call Center,3,Small,0,0
TX39594,Arizona,3310.86,No,Basic,0,High School or Below,0,1/25/2011,Employed,1,F,68965,Married,1,5,78,1,1,Personal Auto,0,Personal L3,2,3,Call Center,3,Small,0,0
FX48006,Oregon,32641.22,No,Extended,1,College,1,1/25/2011,Employed,1,M,59000,Married,1,39,90,0,2,Personal Auto,0,Personal L3,2,1,Branch,1,Medsize,1,1
QV47358,Arizona,10979.76,No,Basic,0,Bachelor,2,1/25/2011,Employed,1,F,43228,Single,0,16,78,0,2,Personal Auto,0,Personal L2,1,1,Call Center,3,Small,0,0
VA60020,Nevada,4474.64,No,Extended,1,High School or Below,0,1/25/2011,Employed,1,F,85837,Married,1,20,11,0,1,Special Auto,2,Special L1,6,4,Agent,2,Medsize,1,0
PJ13204,California,4457.05,No,Extended,1,High School or Below,0,1/25/2011,Unemployed,0,F,0,Married,1,14,112,0,1,Corporate Auto,1,Corporate L3,5,1,Call Center,3,Large,2,0
UQ60825,California,12649.01,No,Basic,0,College,1,1/25/2011,Employed,1,F,133900,Married,1,11,26,0,3,Corporate Auto,1,Corporate L3,5,2,Call Center,3,Medsize,1,0
GX22886,Arizona,4319.76,No,Extended,1,College,1,1/25/2011,Employed,1,M,106358,Married,1,45,97,0,1,Personal Auto,0,Personal L3,2,2,Agent,2,Medsize,1,0
XF96605,California,3992.09,No,Basic,0,College,1,1/25/2011,Employed,1,M,127389,Divorced,2,28,130,0,1,Personal Auto,0,Personal L2,1,1,Agent,2,Large,2,0
AO40386,Oregon,30573.74,No,Extended,1,College,1,1/25/2011,Retired,3,M,37130,Divorced,2,35,61,0,2,Personal Auto,0,Personal L2,1,2,Branch,1,Small,0,0
UR73910,California,3513.03,No,Basic,0,College,1,1/25/2011,Employed,1,M,51524,Married,1,34,7,1,1,Corporate Auto,1,Corporate L2,4,4,Agent,2,Medsize,1,0
QC50643,California,7342.24,No,Extended,1,Bachelor,2,1/25/2011,Employed,1,F,71173,Married,1,46,39,0,1,Personal Auto,0,Personal L3,2,1,Branch,1,Medsize,1,0
WS84995,Nevada,12423.56,No,Extended,1,Master,3,1/25/2011,Unemployed,0,M,0,Married,1,11,96,0,2,Personal Auto,0,Personal L3,2,1,Agent,2,Medsize,1,0
CV75841,California,5898.82,No,Premium,2,College,1,1/25/2011,Employed,1,M,131383,Single,0,47,62,0,1,Personal Auto,0,Personal L2,1,1,Agent,2,Medsize,1,0
ZZ31825,Oregon,3401.89,No,Basic,0,Bachelor,2,1/25/2011,Unemployed,0,M,0,Married,1,15,35,0,1,Personal Auto,0,Personal L2,1,2,Branch,1,Medsize,1,0
KL48832,Nevada,7071.21,No,Basic,0,College,1,1/25/2011,Employed,1,F,42871,Married,1,46,59,0,8,Corporate Auto,1,Corporate L1,3,1,Branch,1,Medsize,1,0
FU63281,Arizona,7126.01,No,Basic,0,Bachelor,2,1/25/2011,Employed,1,M,43693,Married,1,38,105,0,3,Personal Auto,0,Personal L3,2,1,Agent,2,Medsize,1,0
VR81851,Oregon,14907.09,No,Basic,0,College,1,1/25/2011,Unemployed,0,F,0,Single,0,19,123,0,2,Personal Auto,0,Personal L3,2,2,Agent,2,Medsize,1,0
YK66939,Arizona,5919.55,No,Basic,0,College,1,1/25/2011,Medical Leave,2,F,31698,Single,0,8,120,0,1,Personal Auto,0,Personal L2,1,3,Call Center,3,Medsize,1,1
MZ23183,Oregon,5703.52,No,Basic,0,Bachelor,2,1/25/2011,Unemployed,0,M,0,Single,0,12,119,0,8,Personal Auto,0,Personal L3,2,1,Call Center,3,Medsize,1,0
DV58197,California,11146,Yes,Basic,0,Bachelor,2,1/25/2011,Employed,1,F,84918,Married,1,19,127,0,2,Personal Auto,0,Personal L3,2,2,Web,0,Medsize,1,0
KD16729,Nevada,8972,No,Extended,1,College,1,1/25/2011,Employed,1,M,28544,Married,1,8,132,0,8,Personal Auto,0,Personal L2,1,1,Branch,1,Medsize,1,0
ER63193,California,10415.39,No,Extended,1,High School or Below,0,1/25/2011,Employed,1,F,65858,Married,1,38,116,0,3,Corporate Auto,1,Corporate L2,4,1,Branch,1,Medsize,1,0
LH80781,Washington,6759.75,No,Basic,0,College,1,1/25/2011,Unemployed,0,F,0,Single,0,32,93,1,3,Personal Auto,0,Personal L2,1,1,Agent,2,Medsize,1,0
EW34576,Arizona,3833.73,No,Basic,0,High School or Below,0,1/25/2011,Employed,1,F,71646,Divorced,2,38,26,0,1,Corporate Auto,1,Corporate L3,5,1,Agent,2,Medsize,1,0
AW17574,Nevada,12737.98,No,Extended,1,Bachelor,2,1/25/2011,Unemployed,0,F,0,Divorced,2,18,26,0,8,Corporate Auto,1,Corporate L3,5,1,Call Center,3,Large,2,0
BM83544,Arizona,10043.97,No,Basic,0,Bachelor,2,1/25/2011,Unemployed,0,F,0,Single,0,3,127,0,5,Personal Auto,0,Personal L2,1,2,Agent,2,Medsize,1,0
XV30885,California,6203.96,No,Basic,0,College,1,1/25/2011,Employed,1,M,128993,Divorced,2,20,101,1,1,Personal Auto,0,Personal L3,2,1,Agent,2,Medsize,1,0
ZB91993,Arizona,8001.08,Yes,Extended,1,College,1,1/25/2011,Retired,3,M,31173,Married,1,38,122,5,5,Personal Auto,0,Personal L3,2,1,Agent,2,Medsize,1,0
FB21121,California,3438.27,No,Basic,0,Bachelor,2,1/25/2011,Employed,1,F,116903,Married,1,1,104,0,1,Corporate Auto,1,Corporate L2,4,4,Branch,1,Medsize,1,0
VU87728,Nevada,6542.54,No,Basic,0,High School or Below,0,1/25/2011,Unemployed,0,M,0,Single,0,42,101,0,9,Personal Auto,0,Personal L2,1,4,Agent,2,Medsize,1,0
KL80110,Arizona,12600,No,Basic,0,College,1,1/25/2011,Employed,1,F,120843,Married,1,7,16,0,6,Personal Auto,0,Personal L2,1,2,Branch,1,Medsize,1,0
ET89070,California,12755.93,No,Basic,0,High School or Below,0,1/25/2011,Employed,1,F,115048,Married,1,15,57,0,4,Personal Auto,0,Personal L2,1,2,Branch,1,Medsize,1,0
BM45823,Oregon,4283.59,No,Premium,2,College,1,1/25/2011,Unemployed,0,M,0,Married,1,46,70,4,1,Personal Auto,0,Personal L3,2,1,Call Center,3,Small,0,0
XP52012,Arizona,32749.26,No,Extended,1,High School or Below,0,1/25/2011,Unemployed,0,M,0,Single,0,47,30,0,2,Personal Auto,0,Personal L3,2,1,Agent,2,Medsize,1,0
NK27819,Arizona,8001.08,Yes,Extended,1,College,1,1/25/2011,Retired,3,M,31173,Married,1,38,122,5,5,Personal Auto,0,Personal L3,2,1,Agent,2,Medsize,1,0
EI89831,Nevada,10454.29,No,Basic,0,Bachelor,2,1/25/2011,Employed,1,F,130897,Married,1,32,134,0,2,Corporate Auto,1,Corporate L3,5,4,Call Center,3,Medsize,1,0
RU72450,California,9423.44,No,Basic,0,Bachelor,2,1/25/2011,Unemployed,0,M,0,Single,0,27,19,0,2,Corporate Auto,1,Corporate L3,5,3,Branch,1,Medsize,1,0
ZR58728,Nevada,3906.55,No,Basic,0,Master,3,1/25/2011,Employed,1,M,111525,Single,0,31,117,1,1,Personal Auto,0,Personal L3,2,2,Web,0,Medsize,1,0
TH69908,Washington,6568.25,No,Extended,1,College,1,1/25/2011,Employed,1,F,36758,Married,1,26,82,4,1,Personal Auto,0,Personal L3,2,4,Branch,1,Medsize,1,0
JA26024,Oregon,5592.46,No,Premium,2,High School or Below,0,1/25/2011,Employed,1,F,65155,Married,1,3,43,0,1,Personal Auto,0,Personal L3,2,2,Branch,1,Small,0,0
SV58690,California,7500,No,Basic,0,Bachelor,2,1/25/2011,Employed,1,M,56502,Single,0,23,69,0,3,Personal Auto,0,Personal L2,1,1,Agent,2,Medsize,1,0
QE50648,Washington,9578.43,No,Premium,2,High School or Below,0,1/25/2011,Employed,1,F,100302,Married,1,12,109,0,1,Corporate Auto,1,Corporate L1,3,2,Call Center,3,Medsize,1,0
VU48786,Washington,7492.7,No,Basic,0,Master,3,1/25/2011,Employed,1,M,83996,Married,1,9,99,0,4,Personal Auto,0,Personal L3,2,2,Branch,1,Small,0,0
PJ74689,Nevada,19901.38,No,Extended,1,Bachelor,2,1/25/2011,Unemployed,0,F,0,Married,1,3,45,1,2,Personal Auto,0,Personal L3,2,3,Call Center,3,Medsize,1,0
ZQ37702,California,9492.91,No,Extended,1,High School or Below,0,1/25/2011,Employed,1,F,35444,Married,1,28,5,0,3,Personal Auto,0,Personal L1,0,1,Branch,1,Medsize,1,0
ZK60855,Oregon,6519.92,No,Basic,0,College,1,1/25/2011,Employed,1,F,47006,Married,1,0,42,0,6,Corporate Auto,1,Corporate L2,4,1,Agent,2,Medsize,1,0
WR86431,Nevada,14693.11,No,Extended,1,High School or Below,0,1/25/2011,Employed,1,F,123016,Divorced,2,43,95,3,8,Corporate Auto,1,Corporate L1,3,1,Agent,2,Medsize,1,0
UI44314,Arizona,3537.23,No,Basic,0,Bachelor,2,1/25/2011,Employed,1,M,43080,Single,0,18,88,0,1,Personal Auto,0,Personal L3,2,1,Branch,1,Medsize,1,0
UU77151,Washington,6996.23,No,Extended,1,College,1,1/25/2011,Employed,1,F,60507,Married,1,16,84,3,1,Personal Auto,0,Personal L3,2,1,Branch,1,Medsize,1,0
SX85653,Arizona,7455.41,No,Extended,1,Doctor,4,1/25/2011,Employed,1,F,115572,Married,1,30,23,0,1,Personal Auto,0,Personal L3,2,2,Agent,2,Medsize,1,0
PH91033,Oregon,21341.82,No,Extended,1,College,1,1/25/2011,Employed,1,M,116568,Married,1,23,126,0,2,Personal Auto,0,Personal L2,1,1,Web,0,Medsize,1,0
NJ72300,Oregon,10812.19,No,Basic,0,Bachelor,2,1/25/2011,Unemployed,0,F,0,Married,1,7,11,0,3,Personal Auto,0,Personal L3,2,2,Web,0,Small,0,1
JJ23168,Arizona,10510.65,No,Basic,0,High School or Below,0,1/25/2011,Employed,1,F,27671,Married,1,23,127,0,2,Personal Auto,0,Personal L2,1,4,Branch,1,Small,0,0
ZC89812,Arizona,7161.13,No,Basic,0,Bachelor,2,1/25/2011,Unemployed,0,M,0,Divorced,2,24,39,0,8,Personal Auto,0,Personal L2,1,1,Branch,1,Medsize,1,0
VL36269,Washington,3329.88,No,Basic,0,High School or Below,0,1/25/2011,Unemployed,0,F,0,Single,0,8,24,0,1,Special Auto,2,Special L1,6,1,Branch,1,Small,0,0
TJ82551,Nevada,5485.5,No,Premium,2,Bachelor,2,1/25/2011,Employed,1,F,63353,Married,1,42,20,1,1,Personal Auto,0,Personal L1,0,4,Web,0,Medsize,1,0
HC66205,Washington,4262.95,No,Extended,1,High School or Below,0,1/25/2011,Employed,1,M,78635,Married,1,23,1,0,1,Corporate Auto,1,Corporate L2,4,3,Branch,1,Large,2,0
JP52554,California,20992.76,No,Basic,0,Bachelor,2,1/25/2011,Medical Leave,2,F,23556,Divorced,2,22,74,0,2,Corporate Auto,1,Corporate L1,3,3,Agent,2,Medsize,1,0
KU54022,Nevada,4487.21,No,Extended,1,High School or Below,0,1/25/2011,Disabled,4,F,17229,Married,1,14,19,0,1,Corporate Auto,1,Corporate L3,5,4,Agent,2,Medsize,1,0
FA39525,Oregon,6617.56,No,Basic,0,High School or Below,0,1/25/2011,Employed,1,M,98360,Divorced,2,8,7,0,9,Personal Auto,0,Personal L3,2,3,Agent,2,Medsize,1,0
LQ28707,Oregon,30589.02,Yes,Basic,0,Bachelor,2,1/25/2011,Retired,3,M,31948,Married,1,26,68,0,2,Personal Auto,0,Personal L3,2,1,Branch,1,Medsize,1,0
YD53564,California,7497.63,No,Basic,0,College,1,1/25/2011,Medical Leave,2,F,35695,Married,1,22,38,0,5,Personal Auto,0,Personal L2,1,1,Branch,1,Medsize,1,0
AT89553,California,8001.08,Yes,Extended,1,College,1,1/25/2011,Retired,3,M,31173,Married,1,38,122,5,5,Personal Auto,0,Personal L1,0,1,Agent,2,Medsize,1,0
EK40672,California,3230.71,No,Basic,0,College,1,1/25/2011,Medical Leave,2,M,31024,Single,0,41,11,0,1,Personal Auto,0,Personal L2,1,2,Call Center,3,Large,2,0
ZB71094,Oregon,4771.36,No,Extended,1,Bachelor,2,1/25/2011,Medical Leave,2,M,26812,Married,1,36,28,0,1,Corporate Auto,1,Corporate L1,3,2,Agent,2,Medsize,1,0
FG63647,Nevada,17385,No,Premium,2,Bachelor,2,1/25/2011,Unemployed,0,M,0,Married,1,11,120,0,2,Personal Auto,0,Personal L1,0,2,Agent,2,Medsize,1,0
RT51330,California,3389.35,No,Basic,0,Doctor,4,1/25/2011,Unemployed,0,F,0,Married,1,32,1,0,1,Corporate Auto,1,Corporate L3,5,4,Branch,1,Large,2,0
VY84895,Nevada,9075.65,No,Extended,1,High School or Below,0,1/25/2011,Unemployed,0,F,0,Single,0,11,65,0,8,Personal Auto,0,Personal L3,2,2,Branch,1,Medsize,1,0
CZ84042,Oregon,3592.26,No,Basic,0,High School or Below,0,1/25/2011,Employed,1,F,72000,Married,1,5,46,0,1,Personal Auto,0,Personal L1,0,2,Branch,1,Medsize,1,0
RF73080,Oregon,8001.08,Yes,Extended,1,College,1,1/25/2011,Retired,3,M,31173,Married,1,38,122,5,5,Personal Auto,0,Personal L3,2,1,Agent,2,Medsize,1,0
RX66745,Washington,30589.02,Yes,Basic,0,Bachelor,2,1/25/2011,Retired,3,M,31948,Married,1,26,68,0,2,Corporate Auto,1,Corporate L3,5,1,Branch,1,Medsize,1,0
WG51330,Arizona,7607.65,No,Basic,0,College,1,1/25/2011,Employed,1,M,80089,Married,1,18,101,0,3,Corporate Auto,1,Corporate L3,5,2,Call Center,3,Medsize,1,0
IS95117,Arizona,7931.01,No,Basic,0,College,1,1/25/2011,Employed,1,F,47656,Married,1,31,92,0,7,Personal Auto,0,Personal L3,2,1,Agent,2,Medsize,1,0
ZD72991,California,6614.97,No,Extended,1,Doctor,4,1/25/2011,Employed,1,M,103402,Married,1,35,12,1,1,Personal Auto,0,Personal L3,2,1,Agent,2,Medsize,1,1
LL55780,Oregon,9086.92,No,Basic,0,High School or Below,0,1/25/2011,Unemployed,0,F,0,Single,0,0,7,0,2,Corporate Auto,1,Corporate L3,5,4,Agent,2,Medsize,1,0
TU15769,Washington,30589.02,Yes,Basic,0,Bachelor,2,1/25/2011,Retired,3,M,31948,Married,1,26,68,0,2,Personal Auto,0,Personal L2,1,1,Branch,1,Medsize,1,0
JX27737,California,18160.46,No,Premium,2,College,1,1/25/2011,Employed,1,M,43681,Married,1,15,47,2,2,Personal Auto,0,Personal L1,0,1,Agent,2,Medsize,1,0
PK23339,Arizona,4614.24,No,Extended,1,High School or Below,0,1/25/2011,Employed,1,F,97821,Married,1,12,103,0,1,Personal Auto,0,Personal L2,1,2,Call Center,3,Medsize,1,0
MG74662,Oregon,4703.73,No,Extended,1,High School or Below,0,1/25/2011,Employed,1,F,69305,Single,0,4,95,0,1,Corporate Auto,1,Corporate L2,4,3,Branch,1,Medsize,1,0
UL55837,Nevada,15025.66,No,Extended,1,Bachelor,2,1/25/2011,Employed,1,F,57953,Married,1,27,88,0,2,Personal Auto,0,Personal L3,2,1,Call Center,3,Large,2,0
DY73849,California,6169.33,No,Extended,1,Bachelor,2,1/25/2011,Unemployed,0,F,0,Married,1,43,101,0,1,Personal Auto,0,Personal L1,0,2,Call Center,3,Large,2,0
ZC75052,California,30589.02,Yes,Basic,0,Bachelor,2,1/25/2011,Retired,3,M,31948,Married,1,26,68,0,2,Personal Auto,0,Personal L3,2,1,Branch,1,Medsize,1,0
GW42895,Oregon,23794.48,No,Basic,0,Bachelor,2,1/25/2011,Employed,1,F,105034,Married,1,41,24,0,2,Personal Auto,0,Personal L3,2,2,Agent,2,Medsize,1,0
XK87182,Oregon,6077.98,No,Premium,2,College,1,1/25/2011,Employed,1,F,62643,Married,1,9,3,0,1,Personal Auto,0,Personal L3,2,1,Agent,2,Medsize,1,0
GC36679,Oregon,4461.93,No,Extended,1,High School or Below,0,1/25/2011,Employed,1,M,55050,Single,0,1,80,0,1,Personal Auto,0,Personal L3,2,2,Web,0,Medsize,1,0
ND42562,California,12138.02,No,Extended,1,High School or Below,0,1/25/2011,Unemployed,0,M,0,Single,0,39,34,0,4,Personal Auto,0,Personal L3,2,2,Call Center,3,Large,2,1
DL34364,California,3934.03,No,Extended,1,High School or Below,0,1/25/2011,Disabled,4,M,38506,Married,1,20,16,0,1,Corporate Auto,1,Corporate L1,3,3,Agent,2,Large,2,0
EV15014,California,9712.21,No,Basic,0,Bachelor,2,1/25/2011,Unemployed,0,M,0,Single,0,30,0,0,2,Personal Auto,0,Personal L3,2,1,Branch,1,Medsize,1,0
BM16805,California,15437.56,No,Basic,0,College,1,1/25/2011,Disabled,4,F,16835,Married,1,41,70,1,2,Corporate Auto,1,Corporate L1,3,1,Agent,2,Medsize,1,0
VS42598,California,11146,Yes,Basic,0,Bachelor,2,1/25/2011,Employed,1,F,84918,Married,1,19,127,0,2,Personal Auto,0,Personal L1,0,2,Web,0,Medsize,1,0
VI69768,California,32386.7,No,Basic,0,Bachelor,2,1/25/2011,Employed,1,M,94204,Married,1,34,66,0,2,Personal Auto,0,Personal L1,0,2,Call Center,3,Small,0,1
ET39822,California,11146,Yes,Basic,0,Bachelor,2,1/25/2011,Employed,1,F,84918,Married,1,19,127,0,2,Personal Auto,0,Personal L2,1,2,Web,0,Medsize,1,0
UV48386,California,3642.37,No,Basic,0,Master,3,1/25/2011,Employed,1,M,54208,Married,1,32,23,0,1,Corporate Auto,1,Corporate L1,3,1,Branch,1,Medsize,1,0
DR77989,California,6460.98,No,Basic,0,College,1,1/25/2011,Unemployed,0,M,0,Divorced,2,22,16,0,7,Personal Auto,0,Personal L1,0,1,Call Center,3,Medsize,1,0
WH28633,California,3911.33,No,Basic,0,College,1,1/25/2011,Employed,1,M,101305,Single,0,41,57,0,1,Personal Auto,0,Personal L2,1,3,Agent,2,Medsize,1,0
JR41742,California,4890.88,No,Basic,0,College,1,1/25/2011,Unemployed,0,M,0,Single,0,31,70,0,1,Corporate Auto,1,Corporate L3,5,1,Branch,1,Medsize,1,1
DY87989,Oregon,32572.13,Yes,Basic,0,Bachelor,2,1/26/2011,Medical Leave,2,M,18997,Divorced,2,18,4,0,2,Corporate Auto,1,Corporate L3,5,1,Agent,2,Medsize,1,0
FL82372,Oregon,11707.46,No,Basic,0,College,1,1/26/2011,Employed,1,F,30438,Divorced,2,9,81,0,3,Corporate Auto,1,Corporate L3,5,1,Agent,2,Medsize,1,0
ZU35962,California,10834.06,No,Extended,1,College,1,1/26/2011,Unemployed,0,F,0,Single,0,27,35,0,2,Personal Auto,0,Personal L3,2,3,Branch,1,Large,2,0
FV21968,Nevada,8064.87,No,Basic,0,Bachelor,2,1/26/2011,Employed,1,F,56175,Married,1,19,11,0,8,Special Auto,2,Special L2,7,1,Branch,1,Medsize,1,0
MS41162,Arizona,5431,No,Basic,0,High School or Below,0,1/26/2011,Unemployed,0,M,0,Single,0,8,1,0,1,Personal Auto,0,Personal L3,2,1,Agent,2,Medsize,1,1
UI64281,Nevada,30855.08,No,Basic,0,Master,3,1/26/2011,Medical Leave,2,F,28123,Married,1,11,43,0,2,Personal Auto,0,Personal L3,2,1,Call Center,3,Medsize,1,0
QL59704,Arizona,31650.62,No,Basic,0,College,1,1/26/2011,Employed,1,F,94373,Married,1,46,43,2,2,Corporate Auto,1,Corporate L3,5,2,Branch,1,Medsize,1,0
JJ97525,California,6654.89,Yes,Basic,0,Bachelor,2,1/26/2011,Employed,1,M,34603,Married,1,36,70,0,7,Personal Auto,0,Personal L1,0,2,Call Center,3,Medsize,1,0
ON73702,Arizona,12258.86,No,Basic,0,Bachelor,2,1/26/2011,Employed,1,F,45761,Married,1,20,90,0,8,Corporate Auto,1,Corporate L3,5,1,Agent,2,Small,0,0
VV77534,Oregon,18868.3,No,Premium,2,College,1,1/26/2011,Employed,1,M,104077,Married,1,34,39,0,5,Personal Auto,0,Personal L3,2,3,Call Center,3,Medsize,1,0
CF57022,Oregon,14097.58,No,Extended,1,Bachelor,2,1/26/2011,Medical Leave,2,M,23313,Married,1,4,42,0,5,Personal Auto,0,Personal L1,0,1,Branch,1,Small,0,0
CM94425,Arizona,5961.88,No,Basic,0,Bachelor,2,1/26/2011,Employed,1,M,83637,Divorced,2,7,85,0,1,Personal Auto,0,Personal L3,2,3,Branch,1,Medsize,1,0
FI61723,California,3763.02,No,Basic,0,Bachelor,2,1/26/2011,Employed,1,M,52200,Single,0,11,90,0,1,Personal Auto,0,Personal L3,2,1,Agent,2,Medsize,1,0
FL69363,Oregon,12252.29,Yes,Basic,0,Master,3,1/26/2011,Employed,1,M,50925,Single,0,11,31,0,8,Personal Auto,0,Personal L1,0,1,Agent,2,Medsize,1,0
VY19543,California,11220.03,No,Basic,0,Bachelor,2,1/26/2011,Unemployed,0,F,0,Married,1,30,107,0,2,Corporate Auto,1,Corporate L2,4,2,Agent,2,Medsize,1,0
ST43550,Oregon,7731.89,No,Basic,0,Bachelor,2,1/26/2011,Employed,1,M,134911,Married,1,12,16,0,3,Special Auto,2,Special L3,8,4,Web,0,Medsize,1,0
TD10493,Oregon,3913.29,No,Extended,1,High School or Below,0,1/26/2011,Unemployed,0,F,0,Single,0,7,9,4,1,Personal Auto,0,Personal L2,1,2,Agent,2,Medsize,1,0
KU29408,Washington,12252.29,Yes,Basic,0,Master,3,1/26/2011,Employed,1,M,50925,Single,0,11,31,0,8,Corporate Auto,1,Corporate L3,5,1,Agent,2,Medsize,1,0
TC88986,Oregon,7586.58,Yes,Premium,2,High School or Below,0,1/26/2011,Unemployed,0,M,0,Married,1,34,7,0,1,Special Auto,2,Special L1,6,2,Web,0,Medsize,1,1
MB90871,Oregon,7894.01,No,Extended,1,College,1,1/26/2011,Medical Leave,2,F,31720,Married,1,23,119,0,8,Special Auto,2,Special L1,6,3,Web,0,Medsize,1,0
AF81450,California,15432.84,No,Basic,0,High School or Below,0,1/26/2011,Disabled,4,M,38687,Married,1,5,74,0,2,Personal Auto,0,Personal L3,2,1,Branch,1,Small,0,0
KN25556,Arizona,9720.9,Yes,Basic,0,College,1,1/26/2011,Unemployed,0,F,0,Married,1,22,104,0,2,Personal Auto,0,Personal L1,0,2,Agent,2,Medsize,1,0
NE24371,Oregon,8767.23,No,Extended,1,College,1,1/26/2011,Medical Leave,2,F,20655,Married,1,23,22,0,9,Personal Auto,0,Personal L2,1,3,Call Center,3,Small,0,0
BM21532,Washington,9223.35,No,Extended,1,Bachelor,2,1/26/2011,Unemployed,0,F,0,Married,1,9,122,1,5,Personal Auto,0,Personal L3,2,1,Agent,2,Small,0,0
CK39096,Oregon,7586.58,Yes,Premium,2,High School or Below,0,1/26/2011,Unemployed,0,M,0,Married,1,34,7,0,1,Personal Auto,0,Personal L3,2,2,Web,0,Medsize,1,1
FS49381,Oregon,6459.7,No,Basic,0,Bachelor,2,1/26/2011,Employed,1,F,34848,Divorced,2,22,131,0,8,Personal Auto,0,Personal L1,0,3,Agent,2,Medsize,1,0
ZK54897,Arizona,19488.16,Yes,Premium,2,Master,3,1/26/2011,Employed,1,M,82188,Married,1,34,120,0,2,Personal Auto,0,Personal L3,2,1,Agent,2,Medsize,1,0
FO99259,California,11293.66,No,Premium,2,Bachelor,2,1/26/2011,Retired,3,M,35951,Divorced,2,26,36,0,8,Personal Auto,0,Personal L3,2,4,Call Center,3,Medsize,1,0
GX37592,Nevada,7662.5,No,Basic,0,College,1,1/26/2011,Employed,1,F,44897,Married,1,20,19,1,4,Personal Auto,0,Personal L3,2,3,Web,0,Medsize,1,0
HB53755,Oregon,5196.96,No,Basic,0,High School or Below,0,1/26/2011,Unemployed,0,F,0,Single,0,14,43,0,1,Personal Auto,0,Personal L3,2,1,Agent,2,Medsize,1,1
UF77079,Arizona,20608.85,No,Extended,1,High School or Below,0,1/26/2011,Employed,1,F,78787,Married,1,23,22,0,2,Personal Auto,0,Personal L2,1,2,Agent,2,Medsize,1,0
SB66770,Arizona,19488.16,Yes,Premium,2,Master,3,1/26/2011,Employed,1,M,82188,Married,1,34,120,0,2,Corporate Auto,1,Corporate L2,4,1,Agent,2,Medsize,1,0
BM70908,Arizona,3044.67,No,Basic,0,College,1,1/26/2011,Employed,1,M,78690,Single,0,24,124,4,1,Personal Auto,0,Personal L3,2,1,Agent,2,Medsize,1,0
DB28979,California,10095.72,No,Basic,0,Bachelor,2,1/26/2011,Employed,1,M,31766,Divorced,2,30,46,0,2,Corporate Auto,1,Corporate L3,5,3,Agent,2,Medsize,1,0
GD87742,Oregon,19089.75,No,Basic,0,College,1,1/26/2011,Employed,1,F,79634,Married,1,4,103,0,2,Personal Auto,0,Personal L3,2,2,Web,0,Medsize,1,0
YC54142,Washington,100208.5,No,Extended,1,High School or Below,0,1/26/2011,Unemployed,0,M,0,Single,0,1,46,0,2,Personal Auto,0,Personal L1,0,1,Branch,1,Medsize,1,1
LZ19268,California,15712.51,Yes,Basic,0,College,1,1/26/2011,Medical Leave,2,F,34250,Married,1,14,104,0,2,Personal Auto,0,Personal L3,2,1,Branch,1,Large,2,0
AA16582,Washington,32572.13,Yes,Basic,0,Bachelor,2,1/26/2011,Medical Leave,2,M,18997,Divorced,2,18,4,0,2,Personal Auto,0,Personal L2,1,1,Agent,2,Medsize,1,0
UW70224,Oregon,3561.22,No,Basic,0,College,1,1/26/2011,Employed,1,F,85620,Married,1,11,92,0,1,Personal Auto,0,Personal L1,0,2,Call Center,3,Small,0,0
FI86516,Oregon,6461.17,No,Basic,0,Bachelor,2,1/26/2011,Unemployed,0,F,0,Single,0,5,90,0,9,Corporate Auto,1,Corporate L1,3,1,Agent,2,Small,0,0
IY37465,Arizona,6654.89,Yes,Basic,0,Bachelor,2,1/26/2011,Employed,1,M,34603,Married,1,36,70,0,7,Corporate Auto,1,Corporate L3,5,2,Call Center,3,Medsize,1,0
SB27146,Oregon,5898.21,No,Premium,2,High School or Below,0,1/26/2011,Employed,1,F,35135,Single,0,1,103,1,1,Personal Auto,0,Personal L3,2,3,Agent,2,Medsize,1,0
SO47345,Arizona,12695.23,No,Basic,0,Master,3,1/26/2011,Employed,1,F,76154,Married,1,18,99,0,3,Personal Auto,0,Personal L2,1,1,Agent,2,Medsize,1,0
GZ22403,Oregon,5491.93,No,Basic,0,High School or Below,0,1/26/2011,Unemployed,0,M,0,Married,1,4,47,4,4,Personal Auto,0,Personal L3,2,4,Web,0,Medsize,1,1
SE72928,California,12252.29,Yes,Basic,0,Master,3,1/26/2011,Employed,1,M,50925,Single,0,11,31,0,8,Personal Auto,0,Personal L1,0,1,Agent,2,Medsize,1,0
VT85216,Nevada,7202.27,No,Basic,0,High School or Below,0,1/26/2011,Unemployed,0,M,0,Single,0,8,131,0,9,Personal Auto,0,Personal L3,2,2,Agent,2,Medsize,1,0
PF77449,Washington,13263.41,No,Extended,1,High School or Below,0,1/26/2011,Employed,1,F,32296,Married,1,39,82,1,2,Personal Auto,0,Personal L3,2,3,Call Center,3,Medsize,1,0
ZA34848,Arizona,7027.76,No,Basic,0,Bachelor,2,1/26/2011,Employed,1,F,42221,Divorced,2,35,0,0,3,Personal Auto,0,Personal L3,2,2,Agent,2,Medsize,1,0
GM98732,California,10668.62,No,Basic,0,College,1,1/26/2011,Unemployed,0,F,0,Married,1,28,34,0,9,Personal Auto,0,Personal L2,1,1,Agent,2,Small,0,0
KX79225,Oregon,27167.22,No,Basic,0,High School or Below,0,1/26/2011,Unemployed,0,M,0,Single,0,24,31,0,2,Personal Auto,0,Personal L2,1,1,Call Center,3,Small,0,0
UO16539,Washington,11393.48,No,Basic,0,Bachelor,2,1/26/2011,Employed,1,M,30313,Single,0,7,101,2,3,Personal Auto,0,Personal L3,2,2,Agent,2,Medsize,1,0
EM32982,Arizona,6037.65,No,Basic,0,Doctor,4,1/26/2011,Employed,1,F,72251,Married,1,9,50,0,1,Corporate Auto,1,Corporate L2,4,4,Call Center,3,Medsize,1,0
IC55961,Arizona,27746.04,No,Basic,0,High School or Below,0,1/26/2011,Unemployed,0,F,0,Single,0,30,131,1,2,Corporate Auto,1,Corporate L2,4,1,Agent,2,Medsize,1,1
VC43751,Arizona,7911.02,No,Basic,0,Bachelor,2,1/26/2011,Employed,1,F,52223,Married,1,1,30,0,6,Personal Auto,0,Personal L3,2,3,Branch,1,Medsize,1,0
TD58354,Nevada,6284.78,No,Basic,0,High School or Below,0,1/26/2011,Unemployed,0,M,0,Single,0,24,59,0,3,Personal Auto,0,Personal L3,2,1,Agent,2,Medsize,1,0
FX30915,Arizona,28748.94,No,Extended,1,High School or Below,0,1/26/2011,Unemployed,0,F,0,Divorced,2,20,99,0,2,Corporate Auto,1,Corporate L2,4,1,Branch,1,Medsize,1,0
ZR72236,Nevada,7055.49,No,Basic,0,Master,3,1/26/2011,Employed,1,M,103472,Married,1,4,41,0,9,Personal Auto,0,Personal L3,2,2,Branch,1,Medsize,1,0
TW73441,Nevada,3744.16,No,Basic,0,High School or Below,0,1/26/2011,Employed,1,F,99195,Married,1,3,51,0,1,Personal Auto,0,Personal L2,1,2,Call Center,3,Medsize,1,0
OP47206,Arizona,7063.65,No,Premium,2,College,1,1/26/2011,Unemployed,0,M,0,Single,0,35,115,0,1,Corporate Auto,1,Corporate L2,4,3,Agent,2,Medsize,1,1
CW12066,Oregon,15712.51,Yes,Basic,0,College,1,1/26/2011,Medical Leave,2,F,34250,Married,1,14,104,0,2,Corporate Auto,1,Corporate L1,3,1,Branch,1,Large,2,0
IZ37104,California,3061.27,No,Basic,0,Doctor,4,1/26/2011,Unemployed,0,M,0,Married,1,4,90,0,1,Personal Auto,0,Personal L2,1,4,Call Center,3,Medsize,1,0
VE46465,Oregon,6286.26,No,Extended,1,Master,3,1/26/2011,Unemployed,0,M,0,Married,1,8,50,1,1,Personal Auto,0,Personal L2,1,1,Agent,2,Medsize,1,1
TX34322,Oregon,3266.06,No,Basic,0,College,1,1/26/2011,Unemployed,0,M,0,Married,1,16,39,1,1,Personal Auto,0,Personal L1,0,1,Call Center,3,Small,0,0
VW70435,Oregon,6654.89,Yes,Basic,0,Bachelor,2,1/26/2011,Employed,1,M,34603,Married,1,36,70,0,7,Personal Auto,0,Personal L3,2,2,Call Center,3,Medsize,1,0
QX54905,Nevada,9720.9,Yes,Basic,0,College,1,1/26/2011,Unemployed,0,F,0,Married,1,22,104,0,2,Corporate Auto,1,Corporate L3,5,2,Agent,2,Medsize,1,0
LY19199,Oregon,6500.97,No,Basic,0,Bachelor,2,1/26/2011,Employed,1,M,108479,Divorced,2,35,45,1,3,Corporate Auto,1,Corporate L3,5,1,Branch,1,Medsize,1,0
TS31417,Washington,53688.9,No,Basic,0,College,1,1/26/2011,Medical Leave,2,M,22471,Married,1,26,124,0,2,Personal Auto,0,Personal L3,2,1,Web,0,Medsize,1,0
EA14700,California,6705.09,No,Basic,0,Bachelor,2,1/26/2011,Unemployed,0,M,0,Single,0,12,112,0,6,Personal Auto,0,Personal L3,2,2,Call Center,3,Small,0,0
DT82702,Arizona,9720.9,Yes,Basic,0,College,1,1/26/2011,Unemployed,0,F,0,Married,1,22,104,0,2,Personal Auto,0,Personal L3,2,2,Agent,2,Medsize,1,0
KR82385,California,7363.69,No,Basic,0,Master,3,1/26/2011,Employed,1,M,89551,Single,0,34,34,0,4,Personal Auto,0,Personal L3,2,4,Call Center,3,Medsize,1,0
TG97744,Oregon,4407.96,Yes,Extended,1,Bachelor,2,1/26/2011,Employed,1,F,34857,Divorced,2,14,93,0,1,Corporate Auto,1,Corporate L2,4,1,Agent,2,Medsize,1,0
BU17847,Arizona,12252.29,Yes,Basic,0,Master,3,1/26/2011,Employed,1,M,50925,Single,0,11,31,0,8,Personal Auto,0,Personal L2,1,1,Agent,2,Medsize,1,0
XD81935,Oregon,6894.67,Yes,Basic,0,Bachelor,2,1/26/2011,Employed,1,F,48094,Married,1,14,76,1,3,Personal Auto,0,Personal L3,2,2,Agent,2,Medsize,1,0
TZ19823,California,4407.96,Yes,Extended,1,Bachelor,2,1/26/2011,Employed,1,F,34857,Divorced,2,14,93,0,1,Personal Auto,0,Personal L3,2,1,Agent,2,Medsize,1,0
NZ57264,California,10106.22,No,Basic,0,Bachelor,2,1/26/2011,Unemployed,0,M,0,Single,0,45,24,0,4,Personal Auto,0,Personal L3,2,4,Call Center,3,Medsize,1,1
ZV80216,Oregon,7586.58,Yes,Premium,2,High School or Below,0,1/26/2011,Unemployed,0,M,0,Married,1,34,7,0,1,Personal Auto,0,Personal L1,0,2,Web,0,Medsize,1,1
HM21382,Washington,3243.15,No,Basic,0,Bachelor,2,1/26/2011,Employed,1,M,62384,Married,1,32,59,3,1,Personal Auto,0,Personal L3,2,2,Branch,1,Medsize,1,0
KA62636,Oregon,6652.8,No,Basic,0,High School or Below,0,1/26/2011,Employed,1,M,132188,Single,0,19,43,5,3,Personal Auto,0,Personal L2,1,4,Agent,2,Medsize,1,0
ZY57929,Arizona,11029.16,No,Basic,0,College,1,1/26/2011,Employed,1,F,44279,Divorced,2,9,36,0,3,Personal Auto,0,Personal L2,1,1,Agent,2,Medsize,1,0
QS70017,Arizona,11796.84,No,Premium,2,Bachelor,2,1/26/2011,Employed,1,M,58856,Married,1,27,32,0,6,Personal Auto,0,Personal L3,2,1,Agent,2,Medsize,1,0
NE83217,Nevada,5057.14,No,Extended,1,Bachelor,2,1/26/2011,Employed,1,F,94962,Single,0,4,134,1,1,Personal Auto,0,Personal L2,1,3,Web,0,Small,0,0
SH12501,Washington,5086.92,No,Extended,1,High School or Below,0,1/26/2011,Employed,1,M,58606,Married,1,45,51,0,1,Personal Auto,0,Personal L2,1,4,Agent,2,Medsize,1,0
JF19701,Arizona,5993.56,No,Basic,0,Bachelor,2,1/26/2011,Employed,1,M,101862,Married,1,8,122,0,1,Special Auto,2,Special L3,8,2,Web,0,Medsize,1,0
UM52895,California,17690.81,No,Basic,0,Bachelor,2,1/26/2011,Employed,1,F,40676,Married,1,30,16,0,2,Personal Auto,0,Personal L3,2,1,Call Center,3,Small,0,0
QH46481,Washington,10395.84,No,Basic,0,High School or Below,0,1/26/2011,Unemployed,0,F,0,Single,0,24,22,1,2,Corporate Auto,1,Corporate L1,3,1,Branch,1,Medsize,1,1
ZP49970,Oregon,7863.5,No,Basic,0,Bachelor,2,1/26/2011,Employed,1,M,55301,Married,1,9,77,0,8,Special Auto,2,Special L2,7,3,Agent,2,Large,2,0
KR62128,California,12165.88,No,Basic,0,Master,3,1/26/2011,Employed,1,F,86245,Single,0,0,23,0,8,Personal Auto,0,Personal L3,2,2,Agent,2,Medsize,1,0
FJ28407,California,7586.58,Yes,Premium,2,High School or Below,0,1/26/2011,Unemployed,0,M,0,Married,1,34,7,0,1,Personal Auto,0,Personal L1,0,2,Web,0,Medsize,1,1
JH58282,California,9720.9,Yes,Basic,0,College,1,1/26/2011,Unemployed,0,F,0,Married,1,22,104,0,2,Personal Auto,0,Personal L3,2,2,Agent,2,Medsize,1,0
XG47945,Oregon,7582.74,No,Basic,0,Master,3,1/26/2011,Employed,1,M,65613,Married,1,41,62,0,5,Corporate Auto,1,Corporate L3,5,3,Agent,2,Small,0,0
HF67477,Washington,20379.96,No,Basic,0,High School or Below,0,1/26/2011,Disabled,4,M,20127,Married,1,42,128,0,6,Personal Auto,0,Personal L2,1,1,Branch,1,Medsize,1,1
MB69465,Arizona,8616.49,No,Extended,1,High School or Below,0,1/26/2011,Unemployed,0,M,0,Married,1,19,90,0,3,Personal Auto,0,Personal L3,2,2,Web,0,Medsize,1,0
CK31454,Arizona,6894.67,Yes,Basic,0,Bachelor,2,1/26/2011,Employed,1,F,48094,Married,1,14,76,1,3,Special Auto,2,Special L1,6,2,Agent,2,Medsize,1,0
LT72149,Nevada,7586.58,Yes,Premium,2,High School or Below,0,1/26/2011,Unemployed,0,M,0,Married,1,34,7,0,1,Personal Auto,0,Personal L2,1,2,Web,0,Medsize,1,1
RR37482,Washington,31125.02,No,Premium,2,High School or Below,0,1/26/2011,Employed,1,M,56331,Married,1,24,113,1,2,Personal Auto,0,Personal L2,1,1,Agent,2,Medsize,1,0
HS39343,Washington,10092.31,No,Basic,0,Bachelor,2,1/26/2011,Disabled,4,F,40005,Married,1,35,77,0,1,Corporate Auto,1,Corporate L3,5,1,Agent,2,Medsize,1,0
WW52683,California,6841.31,No,Basic,0,Bachelor,2,1/26/2011,Employed,1,F,82440,Married,1,27,0,1,3,Personal Auto,0,Personal L3,2,2,Agent,2,Medsize,1,0
BV55733,Nevada,14651.49,No,Extended,1,College,1,1/26/2011,Employed,1,M,91390,Married,1,15,69,5,2,Corporate Auto,1,Corporate L3,5,4,Branch,1,Medsize,1,0
NJ28041,Oregon,17625.02,No,Premium,2,High School or Below,0,1/26/2011,Employed,1,M,79223,Married,1,5,104,0,9,Personal Auto,0,Personal L2,1,1,Web,0,Medsize,1,1
SM54927,Washington,9098.55,No,Extended,1,Bachelor,2,1/26/2011,Unemployed,0,F,0,Married,1,46,43,0,9,Personal Auto,0,Personal L2,1,1,Call Center,3,Medsize,1,0
AB45325,Arizona,3479.38,No,Basic,0,High School or Below,0,1/26/2011,Employed,1,M,100190,Married,1,36,55,0,1,Personal Auto,0,Personal L3,2,4,Branch,1,Small,0,0
YQ75801,Arizona,11980.64,No,Basic,0,High School or Below,0,1/26/2011,Employed,1,F,114387,Married,1,15,43,1,7,Personal Auto,0,Personal L1,0,1,Agent,2,Medsize,1,0
RZ97154,Arizona,4822.86,No,Extended,1,Bachelor,2,1/26/2011,Employed,1,M,76637,Divorced,2,15,77,0,1,Personal Auto,0,Personal L3,2,1,Agent,2,Small,0,0
DC46685,California,15712.51,Yes,Basic,0,College,1,1/26/2011,Medical Leave,2,F,34250,Married,1,14,104,0,2,Corporate Auto,1,Corporate L3,5,1,Branch,1,Large,2,0
AP32891,Arizona,4634.5,No,Extended,1,High School or Below,0,1/26/2011,Unemployed,0,M,0,Married,1,22,38,0,1,Personal Auto,0,Personal L2,1,4,Agent,2,Medsize,1,0
IC94523,California,15712.51,Yes,Basic,0,College,1,1/26/2011,Medical Leave,2,F,34250,Married,1,14,104,0,2,Personal Auto,0,Personal L2,1,1,Branch,1,Large,2,0
IZ26849,Oregon,7457.82,No,Basic,0,Bachelor,2,1/26/2011,Employed,1,F,94986,Married,1,0,89,0,8,Personal Auto,0,Personal L3,2,2,Branch,1,Small,0,0
UZ35113,California,13518.94,No,Extended,1,Bachelor,2,1/26/2011,Employed,1,F,100560,Married,1,15,49,0,3,Special Auto,2,Special L2,7,3,Branch,1,Medsize,1,0
TK45392,California,6894.67,Yes,Basic,0,Bachelor,2,1/26/2011,Employed,1,F,48094,Married,1,14,76,1,3,Personal Auto,0,Personal L2,1,2,Agent,2,Medsize,1,0
RS20615,California,7657.1,No,Basic,0,High School or Below,0,1/26/2011,Employed,1,F,47215,Married,1,9,49,0,3,Special Auto,2,Special L1,6,1,Web,0,Medsize,1,0
IN64985,Nevada,8289.33,No,Extended,1,College,1,1/26/2011,Employed,1,F,46051,Married,1,43,92,0,6,Personal Auto,0,Personal L3,2,2,Branch,1,Small,0,0
VW65351,Washington,4529.96,No,Extended,1,College,1,1/26/2011,Employed,1,F,62969,Married,1,46,26,0,1,Personal Auto,0,Personal L2,1,3,Agent,2,Medsize,1,0
OT66924,Oregon,6320.06,No,Basic,0,Bachelor,2,1/26/2011,Disabled,4,F,19718,Married,1,3,127,5,4,Personal Auto,0,Personal L2,1,3,Call Center,3,Medsize,1,0
FV38119,Washington,13042.49,No,Extended,1,High School or Below,0,1/26/2011,Unemployed,0,M,0,Married,1,1,132,0,9,Corporate Auto,1,Corporate L1,3,1,Agent,2,Medsize,1,0
DV38369,California,9803.18,No,Basic,0,Bachelor,2,1/26/2011,Unemployed,0,M,0,Single,0,9,26,0,4,Corporate Auto,1,Corporate L2,4,3,Web,0,Medsize,1,0
VZ81004,Oregon,26000.79,No,Premium,2,Master,3,1/26/2011,Employed,1,F,48564,Married,1,7,131,0,2,Personal Auto,0,Personal L2,1,1,Call Center,3,Large,2,1
RN71166,Oregon,6985.01,No,Basic,0,High School or Below,0,1/26/2011,Employed,1,F,118909,Married,1,47,127,0,5,Personal Auto,0,Personal L3,2,1,Branch,1,Medsize,1,0
IL72707,California,4407.96,Yes,Extended,1,Bachelor,2,1/26/2011,Employed,1,F,34857,Divorced,2,14,93,0,1,Personal Auto,0,Personal L2,1,1,Agent,2,Medsize,1,0
SD41771,California,60102.18,No,Premium,2,High School or Below,0,1/26/2011,Employed,1,M,66500,Single,0,47,49,0,2,Personal Auto,0,Personal L3,2,3,Call Center,3,Medsize,1,1
VS63956,California,7926.09,No,Extended,1,Bachelor,2,1/26/2011,Employed,1,M,45855,Divorced,2,0,81,0,8,Personal Auto,0,Personal L1,0,2,Agent,2,Small,0,0
LY17996,California,8356.93,No,Extended,1,High School or Below,0,1/26/2011,Medical Leave,2,M,34753,Married,1,18,85,0,8,Personal Auto,0,Personal L3,2,4,Branch,1,Large,2,0
AS18084,California,15712.51,Yes,Basic,0,College,1,1/26/2011,Medical Leave,2,F,34250,Married,1,14,104,0,2,Personal Auto,0,Personal L2,1,1,Branch,1,Large,2,0
FR12423,Oregon,32572.13,Yes,Basic,0,Bachelor,2,1/26/2011,Medical Leave,2,M,18997,Divorced,2,18,4,0,2,Personal Auto,0,Personal L3,2,1,Agent,2,Medsize,1,0
QU93024,California,40104.16,No,Extended,1,Bachelor,2,1/26/2011,Unemployed,0,M,0,Single,0,20,50,0,2,Personal Auto,0,Personal L2,1,1,Agent,2,Medsize,1,1
VK92827,California,7225.5,No,Basic,0,Bachelor,2,1/26/2011,Employed,1,M,126368,Divorced,2,31,59,0,3,Personal Auto,0,Personal L3,2,2,Branch,1,Small,0,0
JA76884,California,19488.16,Yes,Premium,2,Master,3,1/26/2011,Employed,1,M,82188,Married,1,34,120,0,2,Personal Auto,0,Personal L2,1,1,Agent,2,Medsize,1,0
RO77709,California,10810.93,No,Basic,0,High School or Below,0,1/26/2011,Employed,1,M,86096,Married,1,39,4,0,3,Corporate Auto,1,Corporate L1,3,2,Call Center,3,Small,0,0
VV97308,California,10155.92,No,Basic,0,High School or Below,0,1/26/2011,Employed,1,M,75487,Married,1,31,55,0,2,Personal Auto,0,Personal L2,1,4,Agent,2,Medsize,1,0
CW13886,California,11494.43,No,Basic,0,College,1,1/26/2011,Employed,1,M,65378,Married,1,11,7,1,2,Personal Auto,0,Personal L2,1,2,Call Center,3,Medsize,1,0
NH76558,California,7769.5,No,Basic,0,High School or Below,0,1/26/2011,Employed,1,F,131837,Married,1,3,26,0,8,Personal Auto,0,Personal L2,1,2,Branch,1,Medsize,1,0
IW54903,California,9720.9,Yes,Basic,0,College,1,1/26/2011,Unemployed,0,F,0,Married,1,22,104,0,2,Personal Auto,0,Personal L1,0,2,Agent,2,Medsize,1,0
WZ45123,California,19488.16,Yes,Premium,2,Master,3,1/26/2011,Employed,1,M,82188,Married,1,34,120,0,2,Personal Auto,0,Personal L2,1,1,Agent,2,Medsize,1,0
JC93010,California,6654.89,Yes,Basic,0,Bachelor,2,1/26/2011,Employed,1,M,34603,Married,1,36,70,0,7,Personal Auto,0,Personal L2,1,2,Call Center,3,Medsize,1,0
EW17514,California,19488.16,Yes,Premium,2,Master,3,1/26/2011,Employed,1,M,82188,Married,1,34,120,0,2,Personal Auto,0,Personal L2,1,1,Agent,2,Medsize,1,0
QS35019,California,19488.16,Yes,Premium,2,Master,3,1/26/2011,Employed,1,M,82188,Married,1,34,120,0,2,Personal Auto,0,Personal L2,1,1,Agent,2,Medsize,1,0
GY40926,California,3526.91,No,Basic,0,College,1,1/26/2011,Employed,1,M,50049,Married,1,22,47,0,1,Personal Auto,0,Personal L3,2,2,Branch,1,Medsize,1,0
MU67498,California,9720.9,Yes,Basic,0,College,1,1/26/2011,Unemployed,0,F,0,Married,1,22,104,0,2,Corporate Auto,1,Corporate L2,4,2,Agent,2,Medsize,1,0
IS12075,California,6885.12,No,Basic,0,High School or Below,0,1/26/2011,Unemployed,0,F,0,Single,0,12,3,1,7,Corporate Auto,1,Corporate L1,3,3,Web,0,Small,0,0
ZZ68210,California,41507.05,No,Premium,2,High School or Below,0,1/26/2011,Unemployed,0,M,0,Single,0,36,120,0,2,Personal Auto,0,Personal L2,1,1,Call Center,3,Medsize,1,1
JC29850,California,10134.4,No,Basic,0,Bachelor,2,1/26/2011,Unemployed,0,M,0,Married,1,22,16,1,2,Corporate Auto,1,Corporate L3,5,1,Call Center,3,Medsize,1,0
VV68726,California,6930.09,No,Basic,0,High School or Below,0,1/26/2011,Disabled,4,F,38673,Divorced,2,15,80,0,3,Personal Auto,0,Personal L2,1,1,Agent,2,Small,0,0
NN71951,California,32752.37,No,Basic,0,High School or Below,0,1/27/2011,Employed,1,F,89809,Married,1,0,116,0,2,Personal Auto,0,Personal L3,2,1,Agent,2,Medsize,1,0
DT85712,California,5560.03,No,Basic,0,Doctor,4,1/27/2011,Employed,1,M,46410,Married,1,16,73,0,1,Personal Auto,0,Personal L1,0,3,Branch,1,Medsize,1,0
SQ19467,Oregon,8848.19,No,Extended,1,College,1,1/27/2011,Disabled,4,F,34050,Single,0,38,93,0,3,Personal Auto,0,Personal L3,2,2,Agent,2,Small,0,0
JY67916,Oregon,17780.87,No,Premium,2,College,1,1/27/2011,Medical Leave,2,M,29043,Married,1,28,109,1,2,Personal Auto,0,Personal L3,2,2,Branch,1,Small,0,0
EP80820,California,8003.81,No,Basic,0,Bachelor,2,1/27/2011,Employed,1,F,54717,Married,1,23,43,0,9,Personal Auto,0,Personal L3,2,1,Agent,2,Medsize,1,0
TS19868,California,3257.74,No,Basic,0,College,1,1/27/2011,Medical Leave,2,M,37126,Married,1,27,0,0,1,Personal Auto,0,Personal L1,0,4,Branch,1,Medsize,1,0
OD76309,Washington,10537.17,Yes,Basic,0,College,1,1/27/2011,Retired,3,F,28449,Divorced,2,34,73,1,3,Personal Auto,0,Personal L3,2,1,Agent,2,Small,0,0
RH42306,Arizona,6739.29,No,Basic,0,Bachelor,2,1/27/2011,Unemployed,0,F,0,Single,0,8,7,0,3,Corporate Auto,1,Corporate L2,4,3,Web,0,Small,0,0
JL19416,California,7943.82,No,Premium,2,High School or Below,0,1/27/2011,Unemployed,0,F,0,Single,0,39,1,0,1,Personal Auto,0,Personal L3,2,1,Agent,2,Medsize,1,1
SF57173,Oregon,6212.21,No,Basic,0,Master,3,1/27/2011,Employed,1,M,113932,Married,1,12,51,0,1,Personal Auto,0,Personal L3,2,4,Agent,2,Medsize,1,0
XD66024,Arizona,8013.62,No,Extended,1,College,1,1/27/2011,Unemployed,0,F,0,Single,0,42,34,0,3,Personal Auto,0,Personal L3,2,3,Call Center,3,Medsize,1,1
RD62882,Arizona,9242.3,Yes,Extended,1,Bachelor,2,1/27/2011,Unemployed,0,F,0,Divorced,2,18,27,0,5,Personal Auto,0,Personal L3,2,1,Call Center,3,Large,2,0
JS42382,Oregon,8333.43,No,Extended,1,Master,3,1/27/2011,Employed,1,M,134946,Married,1,26,112,0,4,Corporate Auto,1,Corporate L3,5,1,Agent,2,Small,0,0
HK26543,California,6811.92,No,Basic,0,High School or Below,0,1/27/2011,Employed,1,M,37876,Married,1,43,55,1,8,Personal Auto,0,Personal L3,2,1,Branch,1,Medsize,1,0
FR55658,California,4711.54,No,Extended,1,Master,3,1/27/2011,Employed,1,M,122830,Divorced,2,45,53,0,1,Personal Auto,0,Personal L2,1,1,Branch,1,Medsize,1,0
JH91579,Oregon,9242.3,Yes,Extended,1,Bachelor,2,1/27/2011,Unemployed,0,F,0,Divorced,2,18,27,0,5,Personal Auto,0,Personal L2,1,1,Call Center,3,Large,2,0
TW17878,Oregon,3317.73,No,Basic,0,High School or Below,0,1/27/2011,Employed,1,F,71450,Married,1,3,124,0,1,Personal Auto,0,Personal L3,2,1,Call Center,3,Medsize,1,0
QZ81258,Oregon,17817.2,Yes,Basic,0,College,1,1/27/2011,Unemployed,0,F,0,Single,0,26,3,3,2,Personal Auto,0,Personal L3,2,1,Agent,2,Large,2,0
QM74621,Oregon,7117.63,No,Extended,1,Bachelor,2,1/27/2011,Unemployed,0,M,0,Single,0,12,93,0,7,Personal Auto,0,Personal L3,2,3,Agent,2,Medsize,1,0
TF10720,Nevada,11695.54,No,Premium,2,Doctor,4,1/27/2011,Employed,1,F,91480,Married,1,38,14,2,9,Personal Auto,0,Personal L3,2,1,Web,0,Medsize,1,0
FB23788,Oregon,11918.93,No,Basic,0,High School or Below,0,1/27/2011,Employed,1,M,117073,Divorced,2,45,14,0,3,Corporate Auto,1,Corporate L2,4,4,Call Center,3,Large,2,0
KD23847,Arizona,6596.83,No,Basic,0,High School or Below,0,1/27/2011,Employed,1,F,103105,Divorced,2,28,38,0,7,Personal Auto,0,Personal L3,2,2,Call Center,3,Small,0,0
EL92515,Oregon,15135.65,No,Extended,1,College,1,1/27/2011,Employed,1,F,55513,Divorced,2,27,76,0,2,Personal Auto,0,Personal L2,1,1,Call Center,3,Medsize,1,0
SZ56338,Oregon,7556.12,Yes,Extended,1,High School or Below,0,1/27/2011,Employed,1,F,51293,Married,1,22,68,0,1,Personal Auto,0,Personal L3,2,1,Branch,1,Medsize,1,0
TL43709,Washington,12112.39,No,Basic,0,Bachelor,2,1/27/2011,Employed,1,M,121080,Divorced,2,19,5,0,2,Personal Auto,0,Personal L3,2,1,Branch,1,Large,2,0
YJ99764,Nevada,10740.3,No,Basic,0,High School or Below,0,1/27/2011,Unemployed,0,M,0,Married,1,23,36,0,2,Personal Auto,0,Personal L3,2,2,Web,0,Medsize,1,0
VC77127,California,6655.24,No,Basic,0,High School or Below,0,1/27/2011,Unemployed,0,F,0,Single,0,34,28,0,6,Personal Auto,0,Personal L3,2,4,Call Center,3,Medsize,1,1
VE31507,Oregon,10033.6,No,Basic,0,High School or Below,0,1/27/2011,Unemployed,0,F,0,Single,0,5,103,0,2,Personal Auto,0,Personal L3,2,2,Web,0,Medsize,1,0
OH11674,Arizona,10892.64,No,Basic,0,Bachelor,2,1/27/2011,Employed,1,F,69638,Divorced,2,15,132,2,2,Corporate Auto,1,Corporate L1,3,1,Branch,1,Small,0,0
CS93971,Arizona,10537.17,Yes,Basic,0,College,1,1/27/2011,Retired,3,F,28449,Divorced,2,34,73,1,3,Personal Auto,0,Personal L2,1,1,Agent,2,Small,0,0
RG13940,California,17817.2,Yes,Basic,0,College,1,1/27/2011,Unemployed,0,F,0,Single,0,26,3,3,2,Personal Auto,0,Personal L2,1,1,Agent,2,Large,2,0
TQ32702,Nevada,9437.74,No,Extended,1,College,1,1/27/2011,Employed,1,F,30467,Married,1,42,85,0,6,Corporate Auto,1,Corporate L2,4,3,Branch,1,Medsize,1,0
LS62045,Oregon,3822.77,No,Basic,0,Bachelor,2,1/27/2011,Employed,1,F,94550,Married,1,8,82,0,1,Personal Auto,0,Personal L3,2,4,Web,0,Large,2,0
DD44177,California,3234.02,Yes,Basic,0,Doctor,4,1/27/2011,Disabled,4,F,29681,Divorced,2,1,12,0,1,Personal Auto,0,Personal L3,2,2,Branch,1,Medsize,1,0
PY20159,Nevada,6463.55,No,Extended,1,College,1,1/27/2011,Employed,1,M,61054,Single,0,20,112,0,1,Corporate Auto,1,Corporate L1,3,3,Web,0,Small,0,0
IG56214,Nevada,6764.11,No,Basic,0,High School or Below,0,1/27/2011,Disabled,4,M,14704,Divorced,2,22,12,0,3,Personal Auto,0,Personal L1,0,1,Call Center,3,Medsize,1,0
LC59148,Washington,7556.12,Yes,Extended,1,High School or Below,0,1/27/2011,Employed,1,F,51293,Married,1,22,68,0,1,Personal Auto,0,Personal L1,0,1,Branch,1,Medsize,1,0
XB77333,Oregon,17817.2,Yes,Basic,0,College,1,1/27/2011,Unemployed,0,F,0,Single,0,26,3,3,2,Personal Auto,0,Personal L2,1,1,Agent,2,Large,2,0
IL40123,Nevada,7681.02,No,Basic,0,College,1,1/27/2011,Employed,1,F,112914,Married,1,27,18,0,4,Corporate Auto,1,Corporate L3,5,2,Branch,1,Medsize,1,0
PU92298,Arizona,10740.81,No,Basic,0,Bachelor,2,1/27/2011,Medical Leave,2,F,30644,Married,1,15,103,4,2,Personal Auto,0,Personal L3,2,1,Call Center,3,Medsize,1,0
MS59254,Washington,15336.63,No,Premium,2,High School or Below,0,1/27/2011,Unemployed,0,M,0,Married,1,39,9,0,2,Corporate Auto,1,Corporate L1,3,2,Branch,1,Small,0,1
PW90662,Oregon,18391.89,No,Extended,1,College,1,1/27/2011,Employed,1,M,90531,Single,0,1,115,4,2,Personal Auto,0,Personal L2,1,1,Web,0,Medsize,1,0
OQ82364,Nevada,9242.3,Yes,Extended,1,Bachelor,2,1/27/2011,Unemployed,0,F,0,Divorced,2,18,27,0,5,Corporate Auto,1,Corporate L3,5,1,Call Center,3,Large,2,0
NU26460,Oregon,23911.48,No,Extended,1,College,1,1/27/2011,Unemployed,0,F,0,Single,0,23,7,0,2,Corporate Auto,1,Corporate L3,5,1,Branch,1,Small,0,0
XB64251,Oregon,11360.17,No,Basic,0,College,1,1/27/2011,Employed,1,M,97548,Married,1,11,68,0,4,Personal Auto,0,Personal L2,1,1,Branch,1,Medsize,1,0
EZ77297,California,4411.41,No,Extended,1,Master,3,1/27/2011,Employed,1,M,38784,Single,0,35,26,3,1,Personal Auto,0,Personal L3,2,3,Agent,2,Medsize,1,0
EO95166,Oregon,6234.08,No,Premium,2,Bachelor,2,1/27/2011,Employed,1,M,55575,Divorced,2,22,5,0,1,Personal Auto,0,Personal L2,1,1,Branch,1,Large,2,0
VC34797,California,3287.97,No,Basic,0,Bachelor,2,1/27/2011,Employed,1,F,55243,Married,1,0,68,2,1,Corporate Auto,1,Corporate L2,4,3,Agent,2,Medsize,1,0
KC75958,California,22232.1,Yes,Basic,0,High School or Below,0,1/27/2011,Unemployed,0,F,0,Divorced,2,5,70,0,2,Personal Auto,0,Personal L1,0,2,Agent,2,Medsize,1,0
EN54716,Oregon,3234.02,Yes,Basic,0,Doctor,4,1/27/2011,Disabled,4,F,29681,Divorced,2,1,12,0,1,Personal Auto,0,Personal L1,0,2,Branch,1,Medsize,1,0
PY50779,Arizona,9531.29,No,Extended,1,High School or Below,0,1/27/2011,Employed,1,M,115306,Divorced,2,45,124,0,3,Personal Auto,0,Personal L1,0,1,Call Center,3,Medsize,1,0
SR71812,California,8738.99,No,Extended,1,High School or Below,0,1/27/2011,Unemployed,0,F,0,Married,1,4,134,0,6,Personal Auto,0,Personal L3,2,1,Agent,2,Small,0,0
KA13067,Oregon,11300.04,No,Basic,0,High School or Below,0,1/27/2011,Employed,1,M,104641,Divorced,2,3,7,0,6,Corporate Auto,1,Corporate L3,5,2,Branch,1,Small,0,0
XP81320,Oregon,3403.57,No,Basic,0,College,1,1/27/2011,Medical Leave,2,F,26510,Married,1,46,41,0,1,Personal Auto,0,Personal L3,2,1,Branch,1,Medsize,1,0
CN63432,Arizona,17817.2,Yes,Basic,0,College,1,1/27/2011,Unemployed,0,F,0,Single,0,26,3,3,2,Personal Auto,0,Personal L3,2,1,Agent,2,Large,2,0
FL77069,California,10150.69,No,Basic,0,Bachelor,2,1/27/2011,Employed,1,F,43736,Married,1,19,128,0,1,Corporate Auto,1,Corporate L1,3,1,Agent,2,Small,0,0
YG38576,Arizona,7029.13,No,Basic,0,College,1,1/27/2011,Medical Leave,2,M,29152,Married,1,22,31,3,3,Personal Auto,0,Personal L2,1,4,Agent,2,Small,0,0
DV22542,California,3675.25,No,Basic,0,High School or Below,0,1/27/2011,Employed,1,M,79137,Divorced,2,11,81,0,1,Personal Auto,0,Personal L3,2,2,Branch,1,Large,2,0
PY42157,Washington,3337.54,No,Basic,0,High School or Below,0,1/27/2011,Employed,1,F,83708,Married,1,42,130,0,1,Personal Auto,0,Personal L2,1,4,Agent,2,Large,2,0
RZ97514,Oregon,10123.41,No,Basic,0,Master,3,1/27/2011,Unemployed,0,F,0,Married,1,7,23,0,2,Personal Auto,0,Personal L1,0,3,Agent,2,Medsize,1,0
FQ51281,Oregon,11030.34,No,Basic,0,Bachelor,2,1/27/2011,Employed,1,F,128575,Married,1,4,16,1,2,Personal Auto,0,Personal L3,2,2,Branch,1,Large,2,0
XY33610,Washington,21188.98,No,Basic,0,College,1,1/27/2011,Employed,1,M,131963,Divorced,2,20,69,0,2,Personal Auto,0,Personal L3,2,2,Agent,2,Medsize,1,0
HU94030,Arizona,13639.94,No,Extended,1,High School or Below,0,1/27/2011,Employed,1,F,63000,Single,0,36,113,1,3,Corporate Auto,1,Corporate L2,4,1,Branch,1,Large,2,0
VR14881,Oregon,11461.29,No,Extended,1,Bachelor,2,1/27/2011,Unemployed,0,M,0,Single,0,4,62,0,3,Personal Auto,0,Personal L3,2,2,Agent,2,Medsize,1,0
YM98727,California,17525.06,No,Premium,2,High School or Below,0,1/27/2011,Employed,1,F,53788,Married,1,7,131,1,2,Personal Auto,0,Personal L2,1,1,Agent,2,Small,0,0
PG84165,California,3748.45,No,Extended,1,High School or Below,0,1/27/2011,Unemployed,0,M,0,Single,0,8,49,0,1,Personal Auto,0,Personal L3,2,2,Branch,1,Medsize,1,0
GH94657,California,3131.76,No,Basic,0,Bachelor,2,1/27/2011,Disabled,4,M,19791,Married,1,19,131,0,1,Personal Auto,0,Personal L2,1,2,Call Center,3,Medsize,1,0
WI81695,Oregon,4511.94,No,Extended,1,College,1,1/27/2011,Unemployed,0,F,0,Married,1,11,81,0,1,Personal Auto,0,Personal L2,1,1,Agent,2,Medsize,1,0
RN20799,Arizona,6419.51,No,Basic,0,High School or Below,0,1/27/2011,Retired,3,F,29600,Married,1,18,0,0,7,Personal Auto,0,Personal L2,1,2,Agent,2,Small,0,0
CG43444,California,12675.13,No,Extended,1,Bachelor,2,1/27/2011,Employed,1,F,45359,Divorced,2,31,42,0,2,Personal Auto,0,Personal L3,2,2,Branch,1,Small,0,0
BD36887,Nevada,5631.1,No,Basic,0,College,1,1/27/2011,Employed,1,F,50595,Married,1,5,72,0,1,Personal Auto,0,Personal L1,0,1,Agent,2,Medsize,1,0
VZ66567,California,5059.99,No,Basic,0,Bachelor,2,1/27/2011,Unemployed,0,M,0,Divorced,2,32,36,0,1,Personal Auto,0,Personal L2,1,1,Branch,1,Large,2,0
IH62666,California,9931.12,No,Basic,0,Bachelor,2,1/27/2011,Employed,1,F,44670,Married,1,14,82,0,2,Personal Auto,0,Personal L1,0,1,Web,0,Small,0,0
OD45969,California,11517.39,No,Premium,2,Bachelor,2,1/27/2011,Employed,1,M,133214,Married,1,4,54,0,9,Personal Auto,0,Personal L2,1,1,Branch,1,Large,2,0
NM40177,California,10814.81,No,Basic,0,Bachelor,2,1/27/2011,Employed,1,M,70212,Married,1,27,39,0,2,Personal Auto,0,Personal L3,2,1,Agent,2,Medsize,1,0
MM44301,California,10537.17,Yes,Basic,0,College,1,1/27/2011,Retired,3,F,28449,Divorced,2,34,73,1,3,Corporate Auto,1,Corporate L3,5,1,Agent,2,Small,0,0
XR85926,Oregon,10816.69,No,Basic,0,Bachelor,2,1/27/2011,Employed,1,M,78378,Married,1,38,66,0,2,Personal Auto,0,Personal L1,0,2,Call Center,3,Medsize,1,0
PN69476,Nevada,3312,No,Basic,0,Master,3,1/27/2011,Unemployed,0,M,0,Married,1,7,95,2,1,Personal Auto,0,Personal L3,2,4,Branch,1,Medsize,1,0
XJ52902,Nevada,3721.24,No,Basic,0,High School or Below,0,1/27/2011,Employed,1,M,58779,Married,1,39,81,0,1,Corporate Auto,1,Corporate L3,5,2,Call Center,3,Medsize,1,0
YL27602,Oregon,8631.73,No,Basic,0,Master,3,1/27/2011,Unemployed,0,M,0,Single,0,5,8,2,2,Personal Auto,0,Personal L3,2,1,Agent,2,Large,2,0
AH41065,Washington,25573.41,No,Extended,1,High School or Below,0,1/27/2011,Employed,1,M,79449,Married,1,15,45,1,2,Personal Auto,0,Personal L1,0,2,Web,0,Medsize,1,0
SS34897,California,3431.06,No,Basic,0,Bachelor,2,1/27/2011,Employed,1,M,85787,Married,1,1,72,0,1,Personal Auto,0,Personal L2,1,3,Call Center,3,Medsize,1,0
LK63879,California,6406.67,No,Basic,0,High School or Below,0,1/27/2011,Unemployed,0,F,0,Single,0,31,119,0,3,Personal Auto,0,Personal L2,1,1,Branch,1,Medsize,1,0
EL55611,California,7499.91,No,Extended,1,High School or Below,0,1/27/2011,Employed,1,F,69802,Married,1,35,107,0,1,Personal Auto,0,Personal L3,2,1,Agent,2,Medsize,1,0
MS67230,Nevada,31448.33,No,Basic,0,College,1,1/27/2011,Employed,1,F,116749,Single,0,12,93,0,2,Corporate Auto,1,Corporate L1,3,1,Agent,2,Small,0,0
HO77809,Oregon,11729.82,No,Basic,0,College,1,1/27/2011,Employed,1,F,79782,Divorced,2,42,99,0,3,Personal Auto,0,Personal L3,2,2,Agent,2,Medsize,1,0
SQ36805,Oregon,3234.02,Yes,Basic,0,Doctor,4,1/27/2011,Disabled,4,F,29681,Divorced,2,1,12,0,1,Personal Auto,0,Personal L3,2,2,Branch,1,Medsize,1,0
UR49989,Oregon,3679.01,No,Basic,0,Bachelor,2,1/27/2011,Employed,1,F,110167,Married,1,9,100,0,1,Personal Auto,0,Personal L3,2,2,Agent,2,Medsize,1,0
WY65854,Oregon,12265.03,No,Extended,1,Bachelor,2,1/27/2011,Unemployed,0,F,0,Married,1,19,36,2,2,Personal Auto,0,Personal L3,2,3,Agent,2,Large,2,0
XU67970,Washington,2864.22,No,Basic,0,College,1,1/27/2011,Unemployed,0,M,0,Single,0,15,61,0,1,Personal Auto,0,Personal L3,2,4,Call Center,3,Small,0,0
GI46001,California,9242.3,Yes,Extended,1,Bachelor,2,1/27/2011,Unemployed,0,F,0,Divorced,2,18,27,0,5,Personal Auto,0,Personal L3,2,1,Call Center,3,Large,2,0
RP98585,Arizona,10273.77,No,Extended,1,Master,3,1/27/2011,Employed,1,M,51416,Married,1,23,14,0,7,Personal Auto,0,Personal L3,2,4,Agent,2,Medsize,1,0
XK83294,California,10106.33,No,Basic,0,High School or Below,0,1/27/2011,Employed,1,F,52279,Single,0,16,78,0,2,Corporate Auto,1,Corporate L1,3,1,Agent,2,Medsize,1,0
DS57918,California,45520.44,No,Basic,0,Bachelor,2,1/27/2011,Medical Leave,2,M,37125,Divorced,2,34,63,0,2,Corporate Auto,1,Corporate L1,3,1,Branch,1,Large,2,0
KU42210,Arizona,19799.41,No,Basic,0,Bachelor,2,1/27/2011,Unemployed,0,M,0,Single,0,0,42,0,2,Corporate Auto,1,Corporate L2,4,1,Branch,1,Small,0,0
FB76635,Oregon,5800.42,No,Basic,0,College,1,1/27/2011,Employed,1,F,83345,Married,1,28,88,0,1,Personal Auto,0,Personal L3,2,1,Branch,1,Medsize,1,0
LA53648,California,12140.25,No,Extended,1,High School or Below,0,1/27/2011,Unemployed,0,F,0,Single,0,18,5,0,7,Personal Auto,0,Personal L1,0,1,Call Center,3,Medsize,1,1
SN36487,Arizona,13915.33,No,Extended,1,College,1,1/27/2011,Employed,1,F,105783,Married,1,8,101,0,3,Corporate Auto,1,Corporate L1,3,3,Agent,2,Medsize,1,0
JL86651,Nevada,15909.81,No,Premium,2,College,1,1/27/2011,Employed,1,M,121522,Married,1,38,46,4,2,Personal Auto,0,Personal L2,1,1,Web,0,Medsize,1,0
LO40410,Oregon,3234.02,Yes,Basic,0,Doctor,4,1/27/2011,Disabled,4,F,29681,Divorced,2,1,12,0,1,Personal Auto,0,Personal L3,2,2,Branch,1,Medsize,1,0
NB39218,California,16625.38,No,Premium,2,High School or Below,0,1/27/2011,Employed,1,M,92367,Married,1,7,36,1,2,Personal Auto,0,Personal L2,1,2,Branch,1,Medsize,1,0
OB63331,Arizona,3798.23,No,Basic,0,Doctor,4,1/27/2011,Employed,1,F,68036,Married,1,46,104,0,1,Corporate Auto,1,Corporate L1,3,2,Web,0,Small,0,0
LR82110,Nevada,27137.23,No,Basic,0,Doctor,4,1/27/2011,Medical Leave,2,F,31911,Married,1,43,84,0,2,Personal Auto,0,Personal L2,1,3,Web,0,Medsize,1,0
CN29830,California,3368.88,No,Basic,0,High School or Below,0,1/27/2011,Employed,1,M,36030,Married,1,46,31,0,1,Corporate Auto,1,Corporate L3,5,3,Agent,2,Medsize,1,0
VW74085,Oregon,8008.96,No,Basic,0,High School or Below,0,1/27/2011,Employed,1,F,65175,Married,1,30,9,0,4,Personal Auto,0,Personal L3,2,1,Web,0,Medsize,1,0
DG23204,California,3504,No,Basic,0,Doctor,4,1/27/2011,Employed,1,F,37441,Married,1,16,116,0,1,Personal Auto,0,Personal L3,2,2,Call Center,3,Medsize,1,0
QR36329,Washington,3542.53,No,Basic,0,Bachelor,2,1/27/2011,Medical Leave,2,F,15960,Single,0,14,120,0,1,Corporate Auto,1,Corporate L1,3,1,Agent,2,Large,2,0
TP52309,California,18565.83,No,Extended,1,High School or Below,0,1/27/2011,Unemployed,0,M,0,Married,1,42,66,1,2,Personal Auto,0,Personal L1,0,3,Agent,2,Medsize,1,0
TN79733,Oregon,22232.1,Yes,Basic,0,High School or Below,0,1/27/2011,Unemployed,0,F,0,Divorced,2,5,70,0,2,Personal Auto,0,Personal L2,1,2,Agent,2,Medsize,1,0
UM15297,California,13014.72,No,Extended,1,Bachelor,2,1/27/2011,Employed,1,F,41082,Married,1,8,22,0,3,Corporate Auto,1,Corporate L1,3,3,Call Center,3,Small,0,0
WH41844,Oregon,7177.47,No,Basic,0,Bachelor,2,1/27/2011,Employed,1,F,61906,Divorced,2,20,77,0,3,Personal Auto,0,Personal L2,1,1,Call Center,3,Small,0,0
VE87035,Oregon,11316.35,Yes,Basic,0,Bachelor,2,1/27/2011,Employed,1,M,35097,Married,1,22,51,0,2,Personal Auto,0,Personal L3,2,2,Call Center,3,Medsize,1,1
WU50951,Washington,9242.3,Yes,Extended,1,Bachelor,2,1/27/2011,Unemployed,0,F,0,Divorced,2,18,27,0,5,Personal Auto,0,Personal L2,1,1,Call Center,3,Large,2,0
UK18731,California,7554.56,No,Basic,0,Bachelor,2,1/27/2011,Retired,3,F,26529,Married,1,4,92,0,5,Personal Auto,0,Personal L1,0,2,Web,0,Small,0,0
VX43756,Oregon,6629.85,No,Basic,0,College,1,1/27/2011,Employed,1,M,44419,Married,1,5,55,3,3,Personal Auto,0,Personal L3,2,3,Web,0,Medsize,1,0
HU76577,California,5242.59,No,Basic,0,Bachelor,2,1/27/2011,Unemployed,0,M,0,Married,1,14,95,0,1,Personal Auto,0,Personal L1,0,1,Agent,2,Medsize,1,1
VG45203,Nevada,17817.2,Yes,Basic,0,College,1,1/27/2011,Unemployed,0,F,0,Single,0,26,3,3,2,Personal Auto,0,Personal L2,1,1,Agent,2,Large,2,0
PJ36749,Washington,7556.12,Yes,Extended,1,High School or Below,0,1/27/2011,Employed,1,F,51293,Married,1,22,68,0,1,Personal Auto,0,Personal L2,1,1,Branch,1,Medsize,1,0
LM83004,Arizona,16946.07,No,Basic,0,High School or Below,0,1/27/2011,Disabled,4,M,13698,Married,1,20,70,0,2,Personal Auto,0,Personal L3,2,4,Branch,1,Medsize,1,0
WH48955,Oregon,27320.15,No,Basic,0,Master,3,1/27/2011,Employed,1,F,74615,Married,1,47,90,0,2,Personal Auto,0,Personal L1,0,1,Branch,1,Medsize,1,0
SE44262,California,3856.88,No,Extended,1,Bachelor,2,1/27/2011,Unemployed,0,M,0,Married,1,35,19,0,1,Personal Auto,0,Personal L3,2,1,Agent,2,Medsize,1,0
NB86870,Arizona,22232.1,Yes,Basic,0,High School or Below,0,1/27/2011,Unemployed,0,F,0,Divorced,2,5,70,0,2,Personal Auto,0,Personal L3,2,2,Agent,2,Medsize,1,0
KN47424,Oregon,7448.22,No,Basic,0,High School or Below,0,1/27/2011,Employed,1,F,81805,Married,1,27,105,4,3,Personal Auto,0,Personal L3,2,1,Agent,2,Medsize,1,0
HW61722,Oregon,9704.62,No,Basic,0,Bachelor,2,1/27/2011,Unemployed,0,F,0,Married,1,20,32,0,2,Personal Auto,0,Personal L3,2,2,Web,0,Medsize,1,0
EH69733,Arizona,4522.01,No,Extended,1,Bachelor,2,1/27/2011,Employed,1,M,105424,Married,1,46,18,0,1,Corporate Auto,1,Corporate L2,4,2,Branch,1,Medsize,1,0
NL39999,Washington,3543.61,No,Basic,0,High School or Below,0,1/27/2011,Medical Leave,2,M,24474,Divorced,2,31,80,0,1,Personal Auto,0,Personal L2,1,3,Call Center,3,Large,2,0
YU66872,California,11582.85,No,Basic,0,College,1,1/27/2011,Disabled,4,F,29469,Divorced,2,8,80,0,3,Personal Auto,0,Personal L2,1,2,Call Center,3,Medsize,1,0
HP80279,Oregon,9960.99,No,Basic,0,High School or Below,0,1/27/2011,Unemployed,0,F,0,Single,0,4,16,0,4,Personal Auto,0,Personal L3,2,1,Branch,1,Small,0,1
HH23204,California,3234.02,Yes,Basic,0,Doctor,4,1/27/2011,Disabled,4,F,29681,Divorced,2,1,12,0,1,Personal Auto,0,Personal L1,0,2,Branch,1,Medsize,1,0
UQ41461,Washington,6170.41,No,Basic,0,Bachelor,2,1/27/2011,Disabled,4,F,37176,Divorced,2,14,8,4,3,Personal Auto,0,Personal L2,1,1,Call Center,3,Medsize,1,0
OP52966,Arizona,6553.39,No,Basic,0,High School or Below,0,1/27/2011,Employed,1,M,59777,Married,1,43,9,0,3,Personal Auto,0,Personal L1,0,2,Agent,2,Small,0,0
AF48816,Arizona,7820.1,No,Basic,0,Bachelor,2,1/27/2011,Employed,1,F,117966,Married,1,35,88,0,5,Personal Auto,0,Personal L3,2,2,Web,0,Large,2,0
KF44948,Washington,27670.54,No,Basic,0,High School or Below,0,1/27/2011,Unemployed,0,F,0,Single,0,14,97,0,2,Personal Auto,0,Personal L2,1,1,Branch,1,Medsize,1,0
AR75105,California,10537.17,Yes,Basic,0,College,1,1/27/2011,Retired,3,F,28449,Divorced,2,34,73,1,3,Personal Auto,0,Personal L2,1,1,Agent,2,Small,0,0
IA90990,California,13506.41,No,Extended,1,High School or Below,0,1/27/2011,Unemployed,0,F,0,Single,0,8,74,0,2,Corporate Auto,1,Corporate L3,5,2,Branch,1,Medsize,1,0
PP36346,Nevada,5006.9,No,Extended,1,High School or Below,0,1/27/2011,Disabled,4,F,31581,Married,1,35,50,0,1,Corporate Auto,1,Corporate L1,3,2,Branch,1,Medsize,1,0
DJ34695,California,29593.1,No,Basic,0,High School or Below,0,1/27/2011,Employed,1,M,81243,Married,1,19,95,0,2,Corporate Auto,1,Corporate L3,5,4,Branch,1,Medsize,1,1
LN99977,California,5483.7,No,Basic,0,College,1,1/27/2011,Employed,1,F,40582,Single,0,5,30,0,1,Special Auto,2,Special L2,7,1,Web,0,Large,2,0
OQ15169,Washington,7556.12,Yes,Extended,1,High School or Below,0,1/27/2011,Employed,1,F,51293,Married,1,22,68,0,1,Corporate Auto,1,Corporate L3,5,1,Branch,1,Medsize,1,0
NT21324,Arizona,3769.04,No,Basic,0,College,1,1/27/2011,Employed,1,M,97725,Married,1,4,103,0,1,Personal Auto,0,Personal L1,0,2,Branch,1,Medsize,1,0
VO25938,Oregon,11316.35,Yes,Basic,0,Bachelor,2,1/27/2011,Employed,1,M,35097,Married,1,22,51,0,2,Personal Auto,0,Personal L1,0,2,Call Center,3,Medsize,1,1
JG68387,Nevada,10934.19,No,Basic,0,Bachelor,2,1/27/2011,Employed,1,F,82258,Married,1,9,47,0,3,Corporate Auto,1,Corporate L3,5,1,Agent,2,Large,2,0
OO65445,Oregon,3370.24,No,Basic,0,Bachelor,2,1/27/2011,Unemployed,0,F,0,Married,1,34,43,0,1,Personal Auto,0,Personal L1,0,1,Call Center,3,Medsize,1,0
LU17507,California,52694.66,No,Basic,0,Bachelor,2,1/27/2011,Unemployed,0,F,0,Married,1,15,88,0,2,Personal Auto,0,Personal L2,1,2,Call Center,3,Medsize,1,1
VY90611,California,3373.7,No,Basic,0,Master,3,1/27/2011,Employed,1,F,38156,Divorced,2,30,12,0,1,Corporate Auto,1,Corporate L3,5,2,Agent,2,Small,0,0
UA63517,California,11500.04,No,Basic,0,Doctor,4,1/27/2011,Unemployed,0,F,0,Married,1,26,116,1,8,Personal Auto,0,Personal L3,2,2,Branch,1,Medsize,1,0
UC34044,California,3498.86,No,Basic,0,College,1,1/27/2011,Employed,1,F,76546,Married,1,46,49,0,1,Personal Auto,0,Personal L1,0,4,Web,0,Small,0,0
QW72605,California,13900.95,No,Extended,1,Bachelor,2,1/27/2011,Unemployed,0,F,0,Single,0,15,113,0,9,Personal Auto,0,Personal L2,1,2,Call Center,3,Large,2,0
WX80471,California,9013.58,No,Extended,1,High School or Below,0,1/27/2011,Employed,1,M,76781,Married,1,0,95,0,6,Personal Auto,0,Personal L2,1,3,Branch,1,Medsize,1,0
QW98193,California,5297.96,No,Basic,0,College,1,1/27/2011,Employed,1,M,76248,Single,0,43,88,0,1,Corporate Auto,1,Corporate L2,4,3,Branch,1,Medsize,1,0
QW21219,California,22232.1,Yes,Basic,0,High School or Below,0,1/27/2011,Unemployed,0,F,0,Divorced,2,5,70,0,2,Corporate Auto,1,Corporate L1,3,2,Agent,2,Medsize,1,0
MI91352,California,11316.35,Yes,Basic,0,Bachelor,2,1/27/2011,Employed,1,M,35097,Married,1,22,51,0,2,Personal Auto,0,Personal L1,0,2,Call Center,3,Medsize,1,1
TT68630,California,4524.14,No,Extended,1,Bachelor,2,1/27/2011,Employed,1,F,121788,Married,1,4,16,0,1,Personal Auto,0,Personal L1,0,2,Call Center,3,Medsize,1,0
PU25344,California,9822.46,No,Basic,0,Bachelor,2,1/27/2011,Unemployed,0,M,0,Single,0,32,104,0,6,Personal Auto,0,Personal L2,1,1,Call Center,3,Large,2,1
IL19217,California,5317.66,Yes,Extended,1,Bachelor,2,1/28/2011,Employed,1,F,81028,Married,1,16,38,0,1,Personal Auto,0,Personal L2,1,2,Agent,2,Small,0,1
ML29312,Oregon,6074.32,No,Extended,1,High School or Below,0,1/28/2011,Disabled,4,F,22908,Divorced,2,46,63,2,1,Personal Auto,0,Personal L3,2,1,Call Center,3,Medsize,1,0
DY22043,Oregon,7424.25,No,Basic,0,High School or Below,0,1/28/2011,Employed,1,F,119837,Married,1,23,104,0,7,Personal Auto,0,Personal L3,2,3,Branch,1,Small,0,0
OE75747,Nevada,2956.02,No,Basic,0,College,1,1/28/2011,Unemployed,0,F,0,Married,1,7,62,3,1,Personal Auto,0,Personal L2,1,3,Agent,2,Small,0,0
MC83487,Arizona,5773.84,No,Basic,0,Bachelor,2,1/28/2011,Disabled,4,M,25337,Single,0,26,72,3,3,Corporate Auto,1,Corporate L3,5,1,Agent,2,Medsize,1,0
HG39060,Oregon,6899.42,No,Basic,0,Bachelor,2,1/28/2011,Unemployed,0,M,0,Single,0,46,69,0,4,Corporate Auto,1,Corporate L2,4,1,Call Center,3,Medsize,1,0
BG85305,Nevada,5073.04,No,Extended,1,Doctor,4,1/28/2011,Employed,1,M,49455,Single,0,27,82,1,1,Personal Auto,0,Personal L2,1,2,Call Center,3,Medsize,1,0
OD69005,Arizona,14150.62,No,Extended,1,High School or Below,0,1/28/2011,Employed,1,F,52788,Married,1,15,132,0,2,Personal Auto,0,Personal L3,2,3,Agent,2,Medsize,1,0
XW89091,California,13252.31,Yes,Basic,0,College,1,1/28/2011,Employed,1,M,50296,Married,1,20,9,0,2,Personal Auto,0,Personal L3,2,1,Branch,1,Medsize,1,0
HX44948,Oregon,7775.88,No,Basic,0,Bachelor,2,1/28/2011,Employed,1,M,115355,Married,1,22,103,0,3,Special Auto,2,Special L2,7,3,Agent,2,Medsize,1,0
PA16884,California,5560.09,Yes,Premium,2,Bachelor,2,1/28/2011,Employed,1,F,93662,Single,0,19,107,0,1,Personal Auto,0,Personal L3,2,1,Branch,1,Medsize,1,0
NY56352,Oregon,3785.29,No,Basic,0,Bachelor,2,1/28/2011,Medical Leave,2,F,31347,Married,1,4,99,0,1,Personal Auto,0,Personal L3,2,1,Agent,2,Medsize,1,0
PK28821,California,3537.53,No,Basic,0,College,1,1/28/2011,Employed,1,M,33373,Married,1,4,103,0,1,Personal Auto,0,Personal L2,1,2,Branch,1,Medsize,1,0
ZT30559,California,6408.03,No,Basic,0,High School or Below,0,1/28/2011,Disabled,4,F,20478,Married,1,46,20,0,3,Personal Auto,0,Personal L3,2,4,Web,0,Medsize,1,0
AB60627,California,20881.52,No,Extended,1,High School or Below,0,1/28/2011,Employed,1,M,104648,Married,1,26,27,0,2,Corporate Auto,1,Corporate L2,4,3,Branch,1,Medsize,1,0
BM69081,Arizona,9379.16,No,Basic,0,Bachelor,2,1/28/2011,Unemployed,0,M,0,Single,0,7,73,0,7,Personal Auto,0,Personal L1,0,2,Call Center,3,Medsize,1,1
TR81766,California,10074.95,Yes,Extended,1,College,1,1/28/2011,Employed,1,F,94855,Married,1,41,89,0,5,Corporate Auto,1,Corporate L2,4,2,Call Center,3,Small,0,0
WH52799,Arizona,5140.96,Yes,Extended,1,College,1,1/28/2011,Employed,1,F,128119,Married,1,4,51,0,1,Corporate Auto,1,Corporate L2,4,2,Agent,2,Small,0,0
WR62597,Oregon,3120.37,No,Basic,0,College,1,1/28/2011,Medical Leave,2,M,33265,Married,1,22,77,0,1,Corporate Auto,1,Corporate L2,4,1,Branch,1,Medsize,1,0
NK73719,California,26180.84,No,Premium,2,College,1,1/28/2011,Employed,1,F,95179,Divorced,2,15,15,1,2,Corporate Auto,1,Corporate L3,5,1,Agent,2,Medsize,1,0
FF61670,California,24477.1,No,Extended,1,High School or Below,0,1/28/2011,Unemployed,0,M,0,Single,0,39,31,1,2,Personal Auto,0,Personal L2,1,3,Call Center,3,Large,2,0
BF72793,California,9089.51,No,Basic,0,High School or Below,0,1/28/2011,Unemployed,0,F,0,Single,0,14,42,0,2,Personal Auto,0,Personal L3,2,2,Agent,2,Medsize,1,0
FF68864,Arizona,18914.21,No,Basic,0,Bachelor,2,1/28/2011,Employed,1,F,49306,Married,1,38,90,0,2,Personal Auto,0,Personal L1,0,2,Web,0,Medsize,1,0
VT96364,California,12386.48,No,Premium,2,Bachelor,2,1/28/2011,Employed,1,M,92021,Single,0,36,50,2,6,Personal Auto,0,Personal L3,2,1,Agent,2,Small,0,0
NU42684,Nevada,4582.87,No,Extended,1,College,1,1/28/2011,Employed,1,F,112632,Married,1,18,45,0,1,Personal Auto,0,Personal L3,2,2,Web,0,Medsize,1,0
HK15299,California,7397.8,No,Basic,0,High School or Below,0,1/28/2011,Employed,1,M,51584,Married,1,34,55,0,3,Personal Auto,0,Personal L2,1,2,Agent,2,Medsize,1,0
UM76485,Oregon,9487.48,No,Basic,0,College,1,1/28/2011,Unemployed,0,M,0,Single,0,15,122,0,5,Personal Auto,0,Personal L2,1,2,Agent,2,Medsize,1,0
MU88116,Oregon,6186.61,No,Basic,0,Master,3,1/28/2011,Employed,1,F,93265,Married,1,14,19,0,1,Corporate Auto,1,Corporate L3,5,1,Web,0,Medsize,1,0
SJ43436,Oregon,3311.2,No,Basic,0,Bachelor,2,1/28/2011,Employed,1,F,71260,Married,1,3,122,0,1,Corporate Auto,1,Corporate L1,3,2,Agent,2,Medsize,1,0
XX94684,Nevada,6857.56,No,Extended,1,High School or Below,0,1/28/2011,Employed,1,M,67570,Single,0,8,68,0,1,Personal Auto,0,Personal L2,1,1,Agent,2,Small,0,0
AR96516,Oregon,7985.18,No,Basic,0,Bachelor,2,1/28/2011,Employed,1,F,67793,Married,1,24,3,0,9,Personal Auto,0,Personal L1,0,2,Web,0,Medsize,1,0
LO67195,Arizona,10050.5,No,Extended,1,College,1,1/28/2011,Employed,1,F,75663,Married,1,35,39,0,5,Corporate Auto,1,Corporate L2,4,1,Agent,2,Large,2,0
SA91515,California,5389.99,No,Basic,0,Bachelor,2,1/28/2011,Unemployed,0,M,0,Married,1,47,92,0,1,Personal Auto,0,Personal L1,0,1,Call Center,3,Large,2,0
IX68587,Nevada,6880.51,Yes,Basic,0,Master,3,1/28/2011,Disabled,4,F,30896,Divorced,2,12,109,0,3,Personal Auto,0,Personal L2,1,1,Agent,2,Small,0,0
IC59236,California,6673.57,No,Basic,0,College,1,1/28/2011,Employed,1,F,60429,Married,1,19,15,0,6,Corporate Auto,1,Corporate L3,5,1,Branch,1,Medsize,1,0
EN77569,Oregon,5140.96,Yes,Extended,1,College,1,1/28/2011,Employed,1,F,128119,Married,1,4,51,0,1,Special Auto,2,Special L3,8,2,Agent,2,Small,0,0
KZ26788,Washington,5560.09,Yes,Premium,2,Bachelor,2,1/28/2011,Employed,1,F,93662,Single,0,19,107,0,1,Personal Auto,0,Personal L2,1,1,Branch,1,Medsize,1,0
DQ15807,Oregon,3711.41,No,Extended,1,High School or Below,0,1/28/2011,Unemployed,0,M,0,Single,0,20,112,0,1,Personal Auto,0,Personal L2,1,1,Call Center,3,Large,2,1
DH13219,Washington,4593.75,No,Extended,1,Bachelor,2,1/28/2011,Employed,1,M,77528,Married,1,46,54,1,1,Corporate Auto,1,Corporate L3,5,1,Call Center,3,Medsize,1,0
TO55363,Oregon,18046.62,No,Basic,0,High School or Below,0,1/28/2011,Employed,1,F,77402,Married,1,30,24,0,2,Personal Auto,0,Personal L1,0,4,Agent,2,Medsize,1,0
OX75108,Arizona,7376.28,No,Basic,0,Master,3,1/28/2011,Employed,1,F,59812,Married,1,45,53,0,9,Personal Auto,0,Personal L1,0,2,Call Center,3,Medsize,1,0
VU18023,California,10504.22,No,Basic,0,High School or Below,0,1/28/2011,Unemployed,0,F,0,Married,1,39,126,0,2,Personal Auto,0,Personal L1,0,3,Call Center,3,Small,0,0
BC87551,California,43613.49,No,Basic,0,High School or Below,0,1/28/2011,Employed,1,F,49006,Single,0,15,115,0,2,Corporate Auto,1,Corporate L3,5,1,Branch,1,Medsize,1,0
UI21548,California,3348.71,No,Basic,0,High School or Below,0,1/28/2011,Employed,1,F,39749,Married,1,7,113,0,1,Personal Auto,0,Personal L3,2,3,Call Center,3,Medsize,1,0
QJ50723,Oregon,25580.27,No,Extended,1,Master,3,1/28/2011,Unemployed,0,F,0,Married,1,18,95,0,2,Personal Auto,0,Personal L3,2,1,Branch,1,Medsize,1,0
QS79556,Arizona,12709.06,No,Extended,1,College,1,1/28/2011,Disabled,4,F,27614,Married,1,19,54,2,2,Corporate Auto,1,Corporate L3,5,3,Branch,1,Medsize,1,0
CA52541,California,5140.96,Yes,Extended,1,College,1,1/28/2011,Employed,1,F,128119,Married,1,4,51,0,1,Corporate Auto,1,Corporate L2,4,2,Agent,2,Small,0,0
ZB81881,California,7811.77,No,Basic,0,Bachelor,2,1/28/2011,Employed,1,M,60458,Married,1,43,47,0,4,Personal Auto,0,Personal L2,1,1,Branch,1,Medsize,1,0
KH81863,Oregon,6216.8,Yes,Basic,0,College,1,1/28/2011,Medical Leave,2,F,30471,Single,0,39,69,0,9,Corporate Auto,1,Corporate L3,5,2,Web,0,Large,2,0
WE57129,Washington,3903.82,No,Basic,0,Master,3,1/28/2011,Employed,1,M,29672,Married,1,9,116,0,1,Personal Auto,0,Personal L3,2,2,Branch,1,Small,0,0
SO18542,Oregon,11300.26,No,Basic,0,Bachelor,2,1/28/2011,Employed,1,F,45102,Married,1,5,23,0,7,Personal Auto,0,Personal L3,2,1,Agent,2,Medsize,1,0
BE61743,Washington,5548.22,No,Basic,0,Bachelor,2,1/28/2011,Employed,1,M,116987,Married,1,30,69,0,1,Personal Auto,0,Personal L3,2,3,Web,0,Small,0,0
ZI60303,Oregon,13252.99,No,Extended,1,High School or Below,0,1/28/2011,Unemployed,0,M,0,Single,0,12,30,0,6,Personal Auto,0,Personal L2,1,3,Branch,1,Medsize,1,1
MO68226,California,10074.95,Yes,Extended,1,College,1,1/28/2011,Employed,1,F,94855,Married,1,41,89,0,5,Personal Auto,0,Personal L2,1,2,Call Center,3,Small,0,0
ZG82132,Oregon,5560.09,Yes,Premium,2,Bachelor,2,1/28/2011,Employed,1,F,93662,Single,0,19,107,0,1,Personal Auto,0,Personal L2,1,1,Branch,1,Medsize,1,0
VW73816,Oregon,12399.78,No,Basic,0,Bachelor,2,1/28/2011,Employed,1,M,99623,Married,1,1,104,1,3,Personal Auto,0,Personal L3,2,1,Agent,2,Medsize,1,0
UE72026,California,6779.28,No,Extended,1,College,1,1/28/2011,Employed,1,F,94065,Divorced,2,28,53,0,1,Personal Auto,0,Personal L2,1,3,Agent,2,Small,0,0
AE23906,Arizona,13252.31,Yes,Basic,0,College,1,1/28/2011,Employed,1,M,50296,Married,1,20,9,0,2,Personal Auto,0,Personal L2,1,1,Branch,1,Medsize,1,0
GP20408,Oregon,5140.96,Yes,Extended,1,College,1,1/28/2011,Employed,1,F,128119,Married,1,4,51,0,1,Personal Auto,0,Personal L3,2,2,Agent,2,Small,0,0
FG24850,Oregon,6880.51,Yes,Basic,0,Master,3,1/28/2011,Disabled,4,F,30896,Divorced,2,12,109,0,3,Personal Auto,0,Personal L2,1,1,Agent,2,Small,0,0
KG53604,Oregon,13252.31,Yes,Basic,0,College,1,1/28/2011,Employed,1,M,50296,Married,1,20,9,0,2,Personal Auto,0,Personal L1,0,1,Branch,1,Medsize,1,0
ZZ35218,Oregon,7279.87,No,Basic,0,Doctor,4,1/28/2011,Unemployed,0,M,0,Married,1,26,11,0,8,Corporate Auto,1,Corporate L3,5,4,Agent,2,Medsize,1,0
NR16284,California,10074.95,Yes,Extended,1,College,1,1/28/2011,Employed,1,F,94855,Married,1,41,89,0,5,Personal Auto,0,Personal L3,2,2,Call Center,3,Small,0,0
OG72448,Arizona,11003.27,No,Premium,2,Bachelor,2,1/28/2011,Unemployed,0,M,0,Single,0,15,27,0,3,Personal Auto,0,Personal L2,1,2,Branch,1,Small,0,1
OP43389,California,11040.62,No,Basic,0,College,1,1/28/2011,Employed,1,F,39227,Married,1,30,32,0,3,Corporate Auto,1,Corporate L3,5,2,Agent,2,Medsize,1,0
PP92749,California,5317.66,Yes,Extended,1,Bachelor,2,1/28/2011,Employed,1,F,81028,Married,1,16,38,0,1,Special Auto,2,Special L2,7,2,Agent,2,Small,0,1
PL28709,California,6216.8,Yes,Basic,0,College,1,1/28/2011,Medical Leave,2,F,30471,Single,0,39,69,0,9,Personal Auto,0,Personal L3,2,2,Web,0,Large,2,0
PJ73790,Oregon,5317.66,Yes,Extended,1,Bachelor,2,1/28/2011,Employed,1,F,81028,Married,1,16,38,0,1,Special Auto,2,Special L1,6,2,Agent,2,Small,0,1
CC16034,Oregon,23090.12,No,Basic,0,High School or Below,0,1/28/2011,Employed,1,F,69858,Married,1,11,96,0,2,Personal Auto,0,Personal L3,2,2,Web,0,Medsize,1,0
NV11692,Nevada,5967.34,No,Basic,0,Bachelor,2,1/28/2011,Unemployed,0,F,0,Single,0,0,126,3,5,Personal Auto,0,Personal L3,2,2,Agent,2,Large,2,0
NE21279,California,5966.38,No,Basic,0,Master,3,1/28/2011,Unemployed,0,F,0,Married,1,22,16,0,1,Personal Auto,0,Personal L3,2,1,Agent,2,Medsize,1,0
HN10814,Arizona,5641.09,No,Basic,0,Master,3,1/28/2011,Employed,1,M,83853,Married,1,1,0,0,1,Personal Auto,0,Personal L3,2,2,Web,0,Medsize,1,0
QT61438,Oregon,8801.04,No,Extended,1,Master,3,1/28/2011,Employed,1,M,52373,Married,1,41,55,1,3,Corporate Auto,1,Corporate L3,5,1,Branch,1,Small,0,0
MD44130,Oregon,7711.71,No,Basic,0,High School or Below,0,1/28/2011,Employed,1,M,33591,Married,1,18,27,0,8,Corporate Auto,1,Corporate L2,4,4,Branch,1,Large,2,0
PW88443,Oregon,3311.18,No,Basic,0,College,1,1/28/2011,Employed,1,F,44231,Married,1,41,31,0,1,Personal Auto,0,Personal L2,1,4,Web,0,Small,0,0
NC35008,Oregon,21497.34,No,Extended,1,College,1,1/28/2011,Employed,1,F,86979,Married,1,1,78,2,2,Personal Auto,0,Personal L3,2,3,Call Center,3,Medsize,1,0
XS98744,Oregon,6880.51,Yes,Basic,0,Master,3,1/28/2011,Disabled,4,F,30896,Divorced,2,12,109,0,3,Special Auto,2,Special L1,6,1,Agent,2,Small,0,0
OA23108,Oregon,5912.9,No,Basic,0,Doctor,4,1/28/2011,Employed,1,F,55210,Married,1,4,82,0,1,Personal Auto,0,Personal L3,2,1,Branch,1,Medsize,1,0
SV43220,Oregon,13252.31,Yes,Basic,0,College,1,1/28/2011,Employed,1,M,50296,Married,1,20,9,0,2,Personal Auto,0,Personal L3,2,1,Branch,1,Medsize,1,0
OJ63606,Arizona,7798.06,No,Premium,2,High School or Below,0,1/28/2011,Medical Leave,2,F,37139,Married,1,7,38,3,1,Corporate Auto,1,Corporate L3,5,1,Call Center,3,Small,0,1
QN76596,California,18015.93,No,Basic,0,Bachelor,2,1/28/2011,Employed,1,M,108374,Married,1,8,54,1,2,Corporate Auto,1,Corporate L2,4,1,Agent,2,Medsize,1,0
GE13332,Nevada,4881.45,No,Extended,1,High School or Below,0,1/28/2011,Unemployed,0,M,0,Married,1,22,1,0,1,Personal Auto,0,Personal L3,2,1,Agent,2,Medsize,1,0
TH59993,California,3327.09,No,Basic,0,College,1,1/28/2011,Employed,1,F,55326,Married,1,8,119,0,1,Corporate Auto,1,Corporate L1,3,1,Web,0,Medsize,1,0
NK82261,California,4319.6,No,Extended,1,High School or Below,0,1/28/2011,Unemployed,0,M,0,Single,0,8,82,0,1,Personal Auto,0,Personal L3,2,1,Agent,2,Large,2,1
WO53546,Oregon,45952.73,No,Basic,0,College,1,1/28/2011,Unemployed,0,M,0,Divorced,2,35,89,0,2,Personal Auto,0,Personal L3,2,2,Agent,2,Medsize,1,0
NY20756,California,13782.18,No,Extended,1,High School or Below,0,1/28/2011,Employed,1,M,49367,Married,1,38,46,0,6,Personal Auto,0,Personal L3,2,1,Agent,2,Medsize,1,1
AB23825,California,11999.98,No,Extended,1,College,1,1/28/2011,Employed,1,M,29037,Single,0,32,32,1,2,Personal Auto,0,Personal L1,0,4,Agent,2,Medsize,1,0
CD71877,Nevada,30538.01,No,Premium,2,Bachelor,2,1/28/2011,Employed,1,F,66911,Single,0,30,111,0,2,Corporate Auto,1,Corporate L3,5,1,Agent,2,Medsize,1,0
ZI34278,Arizona,6064.52,No,Basic,0,Bachelor,2,1/28/2011,Medical Leave,2,F,28535,Single,0,39,84,1,6,Personal Auto,0,Personal L1,0,2,Web,0,Medsize,1,0
PS28082,Arizona,3500.45,No,Basic,0,High School or Below,0,1/28/2011,Employed,1,M,77710,Divorced,2,9,82,0,1,Personal Auto,0,Personal L2,1,1,Branch,1,Medsize,1,0
OU60143,Oregon,5317.66,Yes,Extended,1,Bachelor,2,1/28/2011,Employed,1,F,81028,Married,1,16,38,0,1,Corporate Auto,1,Corporate L2,4,2,Agent,2,Small,0,1
JL15127,Nevada,13252.31,Yes,Basic,0,College,1,1/28/2011,Employed,1,M,50296,Married,1,20,9,0,2,Personal Auto,0,Personal L3,2,1,Branch,1,Medsize,1,0
GF70857,Nevada,3960.85,No,Extended,1,College,1,1/28/2011,Unemployed,0,M,0,Married,1,3,84,0,1,Personal Auto,0,Personal L3,2,2,Call Center,3,Medsize,1,0
QE46704,Nevada,3876.05,No,Basic,0,College,1,1/28/2011,Employed,1,M,127140,Married,1,35,34,1,1,Personal Auto,0,Personal L2,1,2,Web,0,Medsize,1,0
SG86615,Oregon,19653.87,No,Basic,0,High School or Below,0,1/28/2011,Employed,1,M,54351,Married,1,27,27,0,2,Personal Auto,0,Personal L1,0,4,Web,0,Medsize,1,0
PM11577,Oregon,11443.63,No,Premium,2,Bachelor,2,1/28/2011,Employed,1,F,99901,Married,1,4,84,3,7,Corporate Auto,1,Corporate L3,5,1,Web,0,Medsize,1,0
DJ71217,Washington,29108.31,No,Basic,0,College,1,1/28/2011,Unemployed,0,M,0,Single,0,15,80,0,2,Personal Auto,0,Personal L2,1,3,Branch,1,Medsize,1,1
CG39505,Oregon,9789.3,No,Basic,0,Bachelor,2,1/28/2011,Disabled,4,M,25198,Divorced,2,12,18,0,2,Personal Auto,0,Personal L3,2,1,Web,0,Medsize,1,0
NB10500,California,5317.66,Yes,Extended,1,Bachelor,2,1/28/2011,Employed,1,F,81028,Married,1,16,38,0,1,Personal Auto,0,Personal L3,2,2,Agent,2,Small,0,1
GR90142,Oregon,5140.96,Yes,Extended,1,College,1,1/28/2011,Employed,1,F,128119,Married,1,4,51,0,1,Personal Auto,0,Personal L1,0,2,Agent,2,Small,0,0
MY89889,Nevada,6803.18,No,Basic,0,Bachelor,2,1/28/2011,Unemployed,0,F,0,Single,0,4,14,0,4,Personal Auto,0,Personal L3,2,3,Call Center,3,Large,2,0
VQ47100,Washington,6608.23,No,Basic,0,High School or Below,0,1/28/2011,Employed,1,F,91039,Married,1,8,38,0,4,Personal Auto,0,Personal L2,1,2,Web,0,Medsize,1,0
KZ11847,California,6880.51,Yes,Basic,0,Master,3,1/28/2011,Disabled,4,F,30896,Divorced,2,12,109,0,3,Personal Auto,0,Personal L3,2,1,Agent,2,Small,0,0
YG71375,Nevada,8051.87,No,Basic,0,College,1,1/28/2011,Employed,1,F,132405,Married,1,7,107,0,6,Personal Auto,0,Personal L1,0,1,Agent,2,Large,2,0
CH96412,Oregon,7321.23,No,Basic,0,Doctor,4,1/28/2011,Employed,1,F,114774,Married,1,30,73,3,6,Personal Auto,0,Personal L1,0,1,Call Center,3,Large,2,0
UH62357,Washington,5926.43,No,Basic,0,High School or Below,0,1/28/2011,Unemployed,0,F,0,Divorced,2,14,93,1,1,Personal Auto,0,Personal L3,2,1,Branch,1,Medsize,1,0
CE46475,California,6216.8,Yes,Basic,0,College,1,1/28/2011,Medical Leave,2,F,30471,Single,0,39,69,0,9,Corporate Auto,1,Corporate L2,4,2,Web,0,Large,2,0
PZ75671,Oregon,9751.98,No,Extended,1,College,1,1/28/2011,Unemployed,0,F,0,Married,1,42,78,0,3,Personal Auto,0,Personal L1,0,1,Web,0,Medsize,1,0
FP66510,Washington,11051.23,No,Basic,0,High School or Below,0,1/28/2011,Employed,1,F,59234,Married,1,35,104,0,4,Corporate Auto,1,Corporate L1,3,1,Agent,2,Medsize,1,0
TW46585,Nevada,6436.38,No,Basic,0,Bachelor,2,1/28/2011,Unemployed,0,M,0,Single,0,3,16,0,9,Corporate Auto,1,Corporate L1,3,3,Call Center,3,Medsize,1,0
LM37855,California,10269.45,No,Basic,0,College,1,1/28/2011,Unemployed,0,M,0,Married,1,4,84,0,3,Personal Auto,0,Personal L2,1,1,Branch,1,Small,0,0
JN78502,Washington,12669.28,No,Basic,0,High School or Below,0,1/28/2011,Employed,1,F,34250,Married,1,28,86,0,3,Special Auto,2,Special L3,8,4,Web,0,Small,0,0
GJ99406,Arizona,10074.95,Yes,Extended,1,College,1,1/28/2011,Employed,1,F,94855,Married,1,41,89,0,5,Corporate Auto,1,Corporate L2,4,2,Call Center,3,Small,0,0
LJ21457,California,3887.33,No,Basic,0,College,1,1/28/2011,Employed,1,M,57033,Divorced,2,5,70,0,1,Personal Auto,0,Personal L3,2,3,Web,0,Small,0,0
DL53457,California,6216.8,Yes,Basic,0,College,1,1/28/2011,Medical Leave,2,F,30471,Single,0,39,69,0,9,Personal Auto,0,Personal L3,2,2,Web,0,Large,2,0
RI44399,California,7926.67,No,Extended,1,Bachelor,2,1/28/2011,Unemployed,0,F,0,Single,0,32,27,0,7,Corporate Auto,1,Corporate L3,5,1,Call Center,3,Medsize,1,1
IJ83011,California,22072.68,No,Premium,2,College,1,1/28/2011,Unemployed,0,M,0,Single,0,16,111,1,2,Corporate Auto,1,Corporate L2,4,1,Call Center,3,Medsize,1,1
IZ67803,California,20851.64,No,Basic,0,Master,3,1/28/2011,Employed,1,M,36437,Married,1,12,81,1,2,Personal Auto,0,Personal L1,0,3,Agent,2,Medsize,1,0
LA20890,Oregon,3842.97,No,Basic,0,Bachelor,2,1/28/2011,Employed,1,F,90288,Married,1,9,73,0,1,Personal Auto,0,Personal L3,2,4,Branch,1,Medsize,1,0
GH12466,Washington,4472.57,No,Extended,1,High School or Below,0,1/28/2011,Employed,1,F,54470,Married,1,8,76,0,1,Personal Auto,0,Personal L3,2,2,Agent,2,Medsize,1,0
FC10193,Washington,14337.66,No,Basic,0,College,1,1/28/2011,Employed,1,F,48061,Single,0,46,20,0,2,Personal Auto,0,Personal L1,0,3,Branch,1,Medsize,1,0
RF94484,Oregon,6216.8,Yes,Basic,0,College,1,1/28/2011,Medical Leave,2,F,30471,Single,0,39,69,0,9,Corporate Auto,1,Corporate L3,5,2,Web,0,Large,2,0
LG90006,Oregon,15058.81,No,Extended,1,Doctor,4,1/28/2011,Employed,1,F,42402,Married,1,14,68,0,2,Personal Auto,0,Personal L3,2,1,Branch,1,Medsize,1,0
GQ21970,Nevada,32546.21,No,Basic,0,Bachelor,2,1/28/2011,Disabled,4,F,23297,Single,0,1,119,0,2,Personal Auto,0,Personal L2,1,1,Call Center,3,Small,0,0
XC85830,Oregon,5560.09,Yes,Premium,2,Bachelor,2,1/28/2011,Employed,1,F,93662,Single,0,19,107,0,1,Corporate Auto,1,Corporate L3,5,1,Branch,1,Medsize,1,0
ZZ20738,California,12150.59,No,Basic,0,High School or Below,0,1/28/2011,Employed,1,F,37946,Married,1,8,36,0,3,Personal Auto,0,Personal L2,1,4,Agent,2,Medsize,1,0
IQ30108,Oregon,4168.03,No,Extended,1,High School or Below,0,1/28/2011,Employed,1,M,91248,Married,1,3,105,0,1,Special Auto,2,Special L2,7,3,Agent,2,Medsize,1,0
IF32545,Nevada,6880.51,Yes,Basic,0,Master,3,1/28/2011,Disabled,4,F,30896,Divorced,2,12,109,0,3,Corporate Auto,1,Corporate L3,5,1,Agent,2,Small,0,0
HX87528,California,4738.46,No,Extended,1,College,1,1/28/2011,Employed,1,M,69930,Single,0,39,16,0,1,Personal Auto,0,Personal L2,1,1,Agent,2,Medsize,1,0
YF67162,California,3279.96,No,Basic,0,High School or Below,0,1/28/2011,Employed,1,F,32320,Married,1,16,1,0,1,Corporate Auto,1,Corporate L2,4,3,Agent,2,Medsize,1,0
UZ86963,California,12599.65,No,Extended,1,High School or Below,0,1/28/2011,Unemployed,0,F,0,Single,0,45,19,0,3,Corporate Auto,1,Corporate L2,4,1,Agent,2,Medsize,1,1
ZE49470,California,6440.83,No,Basic,0,Master,3,1/28/2011,Employed,1,F,102862,Single,0,7,115,0,1,Personal Auto,0,Personal L2,1,1,Agent,2,Large,2,0
QI99143,California,4175.05,No,Extended,1,Bachelor,2,1/28/2011,Employed,1,F,42077,Married,1,19,57,0,1,Corporate Auto,1,Corporate L1,3,1,Agent,2,Medsize,1,0
YR10848,California,5560.09,Yes,Premium,2,Bachelor,2,1/28/2011,Employed,1,F,93662,Single,0,19,107,0,1,Personal Auto,0,Personal L3,2,1,Branch,1,Medsize,1,0
ZK67670,California,42873.78,No,Extended,1,Master,3,1/28/2011,Employed,1,F,59679,Married,1,31,77,0,2,Corporate Auto,1,Corporate L2,4,3,Agent,2,Medsize,1,0
JQ81164,California,8985.8,No,Extended,1,College,1,1/28/2011,Disabled,4,F,35948,Married,1,20,38,0,6,Corporate Auto,1,Corporate L1,3,1,Agent,2,Large,2,0
CZ20440,California,5792.93,No,Basic,0,High School or Below,0,1/28/2011,Unemployed,0,F,0,Single,0,1,3,1,7,Corporate Auto,1,Corporate L2,4,1,Agent,2,Large,2,0
UF31027,California,5803.2,No,Basic,0,College,1,1/28/2011,Employed,1,F,103650,Married,1,42,62,1,1,Personal Auto,0,Personal L3,2,1,Agent,2,Small,0,0
MW46400,California,10307.05,No,Premium,2,High School or Below,0,1/28/2011,Unemployed,0,F,0,Single,0,12,86,0,3,Corporate Auto,1,Corporate L3,5,1,Branch,1,Medsize,1,1
GX11087,California,5274.49,No,Basic,0,High School or Below,0,1/28/2011,Unemployed,0,F,0,Single,0,3,11,0,1,Personal Auto,0,Personal L2,1,1,Agent,2,Medsize,1,0
FS42516,Oregon,7832.79,No,Basic,0,College,1,1/29/2011,Employed,1,M,131680,Married,1,30,1,0,3,Personal Auto,0,Personal L3,2,2,Call Center,3,Large,2,0
JP69864,Washington,3035.41,Yes,Basic,0,Bachelor,2,1/29/2011,Retired,3,F,33629,Single,0,9,85,1,1,Personal Auto,0,Personal L1,0,1,Branch,1,Medsize,1,0
II62831,California,6046.68,No,Basic,0,Master,3,1/29/2011,Employed,1,M,127786,Married,1,16,107,1,1,Special Auto,2,Special L2,7,4,Web,0,Medsize,1,0
RF61565,California,3559.92,No,Basic,0,College,1,1/29/2011,Employed,1,M,43080,Married,1,45,36,0,1,Personal Auto,0,Personal L3,2,2,Agent,2,Medsize,1,0
PB54378,Oregon,26436.33,No,Basic,0,Doctor,4,1/29/2011,Medical Leave,2,F,35725,Married,1,38,126,0,2,Corporate Auto,1,Corporate L2,4,1,Branch,1,Medsize,1,0
GT62080,Washington,10035.66,No,Basic,0,High School or Below,0,1/29/2011,Employed,1,M,75007,Divorced,2,3,107,0,2,Personal Auto,0,Personal L2,1,1,Call Center,3,Medsize,1,0
YG85980,Nevada,9171.59,No,Extended,1,High School or Below,0,1/29/2011,Employed,1,F,30038,Married,1,14,49,0,3,Personal Auto,0,Personal L3,2,3,Web,0,Medsize,1,0
WA15684,Oregon,51901.91,No,Extended,1,College,1,1/29/2011,Employed,1,M,36987,Married,1,5,96,1,2,Personal Auto,0,Personal L1,0,4,Call Center,3,Medsize,1,0
PR31642,Oregon,6109.12,No,Basic,0,Bachelor,2,1/29/2011,Employed,1,F,44283,Married,1,42,11,0,1,Personal Auto,0,Personal L1,0,2,Call Center,3,Medsize,1,0
EL99335,California,3624.99,No,Basic,0,College,1,1/29/2011,Retired,3,F,27821,Divorced,2,14,32,0,1,Personal Auto,0,Personal L2,1,3,Branch,1,Small,0,0
JF83834,Oregon,3363.28,Yes,Basic,0,Doctor,4,1/29/2011,Employed,1,M,49452,Divorced,2,41,104,0,1,Corporate Auto,1,Corporate L1,3,1,Agent,2,Large,2,0
TJ76363,Arizona,14349.44,No,Extended,1,Doctor,4,1/29/2011,Employed,1,F,49268,Married,1,19,131,1,3,Corporate Auto,1,Corporate L3,5,2,Agent,2,Medsize,1,0
ZY20779,Washington,6721.76,No,Basic,0,High School or Below,0,1/29/2011,Unemployed,0,M,0,Single,0,23,77,0,5,Personal Auto,0,Personal L1,0,2,Agent,2,Medsize,1,0
WH81461,Nevada,10182.66,No,Basic,0,College,1,1/29/2011,Unemployed,0,M,0,Single,0,9,34,0,3,Personal Auto,0,Personal L2,1,3,Branch,1,Medsize,1,1
WO95180,California,3236,Yes,Basic,0,High School or Below,0,1/29/2011,Retired,3,F,30082,Divorced,2,22,126,0,1,Corporate Auto,1,Corporate L3,5,1,Branch,1,Medsize,1,0
EE76374,Nevada,28137.51,No,Basic,0,High School or Below,0,1/29/2011,Unemployed,0,F,0,Single,0,19,39,0,2,Personal Auto,0,Personal L3,2,1,Web,0,Medsize,1,0
HW42900,California,14854.07,No,Extended,1,College,1,1/29/2011,Employed,1,M,30950,Married,1,1,134,0,2,Corporate Auto,1,Corporate L1,3,1,Web,0,Small,0,0
PY80449,Arizona,6980.82,No,Extended,1,High School or Below,0,1/29/2011,Employed,1,M,72364,Married,1,41,1,1,1,Personal Auto,0,Personal L3,2,1,Branch,1,Medsize,1,0
ET22260,Nevada,7540.17,No,Extended,1,Doctor,4,1/29/2011,Unemployed,0,M,0,Single,0,19,23,0,9,Corporate Auto,1,Corporate L2,4,1,Web,0,Medsize,1,0
QN37451,California,17235.76,No,Basic,0,College,1,1/29/2011,Unemployed,0,M,0,Single,0,38,122,0,5,Corporate Auto,1,Corporate L2,4,1,Branch,1,Medsize,1,1
OP54725,Washington,12880.25,No,Premium,2,College,1,1/29/2011,Employed,1,M,72024,Married,1,5,9,0,6,Personal Auto,0,Personal L3,2,1,Branch,1,Small,0,0
GF97874,Washington,7122.1,No,Basic,0,Master,3,1/29/2011,Employed,1,F,95102,Married,1,42,134,0,9,Personal Auto,0,Personal L1,0,4,Call Center,3,Medsize,1,0
HW54198,Nevada,7022.66,No,Basic,0,Master,3,1/29/2011,Employed,1,M,127151,Married,1,27,68,0,3,Personal Auto,0,Personal L3,2,3,Call Center,3,Medsize,1,0
RL31641,Oregon,3040.76,No,Basic,0,College,1,1/29/2011,Unemployed,0,F,0,Single,0,18,113,0,1,Personal Auto,0,Personal L3,2,3,Web,0,Medsize,1,0
FI14842,Nevada,10607.36,No,Basic,0,College,1,1/29/2011,Unemployed,0,F,0,Married,1,16,9,0,3,Personal Auto,0,Personal L2,1,2,Web,0,Medsize,1,0
WQ68301,Oregon,3817.04,No,Basic,0,Bachelor,2,1/29/2011,Medical Leave,2,M,18374,Married,1,9,86,0,1,Personal Auto,0,Personal L3,2,4,Agent,2,Large,2,0
ZR11692,California,6889.45,No,Basic,0,Bachelor,2,1/29/2011,Employed,1,M,101180,Married,1,31,58,0,8,Corporate Auto,1,Corporate L3,5,3,Call Center,3,Medsize,1,0
BM28359,Oregon,7362.51,No,Basic,0,High School or Below,0,1/29/2011,Employed,1,M,45654,Single,0,8,46,4,3,Personal Auto,0,Personal L3,2,2,Agent,2,Large,2,0
SA25987,Washington,4696.84,No,Premium,2,High School or Below,0,1/29/2011,Unemployed,0,M,0,Single,0,18,39,0,1,Personal Auto,0,Personal L2,1,3,Branch,1,Medsize,1,0
SE76116,California,12916.41,No,Basic,0,Bachelor,2,1/29/2011,Employed,1,M,109904,Divorced,2,11,116,0,7,Personal Auto,0,Personal L2,1,1,Branch,1,Medsize,1,0
IL42365,Arizona,6485.88,No,Extended,1,High School or Below,0,1/29/2011,Employed,1,F,70149,Married,1,11,3,4,1,Personal Auto,0,Personal L2,1,1,Branch,1,Medsize,1,1
AG62087,California,4606.96,No,Extended,1,Bachelor,2,1/29/2011,Employed,1,M,40952,Married,1,23,57,0,1,Corporate Auto,1,Corporate L3,5,3,Agent,2,Medsize,1,0
TW12556,Oregon,5977.84,Yes,Basic,0,High School or Below,0,1/29/2011,Employed,1,F,79079,Married,1,8,84,0,1,Personal Auto,0,Personal L3,2,1,Agent,2,Medsize,1,0
HG64216,California,3823.89,No,Basic,0,College,1,1/29/2011,Employed,1,M,50117,Married,1,5,23,0,1,Personal Auto,0,Personal L3,2,2,Branch,1,Medsize,1,0
JG76775,Washington,40583.28,No,Extended,1,High School or Below,0,1/29/2011,Employed,1,M,65148,Married,1,16,116,0,2,Personal Auto,0,Personal L1,0,1,Branch,1,Medsize,1,1
LX97765,Arizona,5869.25,No,Premium,2,College,1,1/29/2011,Employed,1,F,109906,Divorced,2,1,39,0,1,Personal Auto,0,Personal L3,2,1,Branch,1,Large,2,0
KZ29413,Oregon,21158.14,No,Extended,1,Master,3,1/29/2011,Unemployed,0,M,0,Married,1,5,47,0,2,Personal Auto,0,Personal L3,2,1,Branch,1,Medsize,1,0
RW65977,Arizona,2958.03,No,Basic,0,College,1,1/29/2011,Unemployed,0,M,0,Single,0,12,22,1,1,Special Auto,2,Special L2,7,1,Agent,2,Medsize,1,0
TA78865,Nevada,27721.43,No,Extended,1,High School or Below,0,1/29/2011,Unemployed,0,M,0,Single,0,32,34,0,2,Special Auto,2,Special L3,8,3,Agent,2,Small,0,0
LO42325,California,7334.84,No,Basic,0,Bachelor,2,1/29/2011,Employed,1,F,39999,Married,1,28,69,4,5,Special Auto,2,Special L1,6,1,Agent,2,Medsize,1,0
KK95092,Arizona,10267.61,No,Basic,0,Bachelor,2,1/29/2011,Employed,1,M,74629,Married,1,30,92,1,1,Personal Auto,0,Personal L3,2,1,Agent,2,Medsize,1,1
KI45566,Nevada,9897.54,No,Basic,0,College,1,1/29/2011,Unemployed,0,M,0,Married,1,1,34,0,4,Personal Auto,0,Personal L2,1,1,Branch,1,Small,0,0
JV80614,California,3968.1,No,Basic,0,College,1,1/29/2011,Employed,1,M,72032,Married,1,5,104,0,1,Personal Auto,0,Personal L3,2,2,Call Center,3,Medsize,1,0
QW17940,California,3646.33,No,Basic,0,High School or Below,0,1/29/2011,Employed,1,M,107044,Married,1,24,78,0,1,Corporate Auto,1,Corporate L2,4,2,Branch,1,Medsize,1,0
FE70473,Oregon,7751.33,No,Basic,0,College,1,1/29/2011,Employed,1,F,116965,Married,1,23,107,0,6,Personal Auto,0,Personal L3,2,4,Branch,1,Small,0,0
AF49625,Oregon,9705.29,No,Extended,1,Bachelor,2,1/29/2011,Employed,1,F,102381,Single,0,8,86,0,6,Corporate Auto,1,Corporate L2,4,2,Agent,2,Small,0,0
RQ79244,California,4539.45,No,Extended,1,College,1,1/29/2011,Unemployed,0,F,0,Single,0,38,39,0,1,Personal Auto,0,Personal L1,0,1,Branch,1,Medsize,1,0
NR49426,Nevada,7014.36,No,Basic,0,College,1,1/29/2011,Employed,1,M,93809,Divorced,2,18,34,3,3,Personal Auto,0,Personal L2,1,1,Branch,1,Medsize,1,0
AK61491,Oregon,3363.28,Yes,Basic,0,Doctor,4,1/29/2011,Employed,1,M,49452,Divorced,2,41,104,0,1,Personal Auto,0,Personal L3,2,1,Agent,2,Large,2,0
AV96010,Oregon,4440.31,No,Extended,1,College,1,1/29/2011,Employed,1,M,54131,Single,0,31,47,4,1,Personal Auto,0,Personal L2,1,1,Call Center,3,Medsize,1,0
RJ40995,Arizona,3363.28,Yes,Basic,0,Doctor,4,1/29/2011,Employed,1,M,49452,Divorced,2,41,104,0,1,Personal Auto,0,Personal L2,1,1,Agent,2,Large,2,0
MP13698,Oregon,10543.31,No,Premium,2,College,1,1/29/2011,Unemployed,0,F,0,Single,0,39,81,0,3,Personal Auto,0,Personal L1,0,2,Agent,2,Medsize,1,0
KT30737,California,5393.73,No,Basic,0,College,1,1/29/2011,Unemployed,0,M,0,Single,0,26,132,0,1,Corporate Auto,1,Corporate L1,3,2,Agent,2,Medsize,1,1
DX28320,California,6900.33,No,Basic,0,High School or Below,0,1/29/2011,Unemployed,0,F,0,Single,0,8,18,2,7,Personal Auto,0,Personal L3,2,1,Branch,1,Medsize,1,0
JW15941,California,5187.77,No,Extended,1,Master,3,1/29/2011,Employed,1,M,132073,Married,1,7,132,0,1,Personal Auto,0,Personal L3,2,2,Web,0,Medsize,1,0
GM70734,California,18307.63,No,Extended,1,College,1,1/29/2011,Medical Leave,2,F,39278,Divorced,2,39,63,1,2,Corporate Auto,1,Corporate L3,5,1,Agent,2,Medsize,1,0
SS95187,Arizona,4514.31,No,Extended,1,Bachelor,2,1/29/2011,Employed,1,M,55072,Divorced,2,8,117,0,1,Personal Auto,0,Personal L3,2,4,Branch,1,Medsize,1,0
JG65202,Oregon,10629.32,No,Basic,0,High School or Below,0,1/29/2011,Unemployed,0,M,0,Single,0,32,111,0,2,Personal Auto,0,Personal L3,2,1,Agent,2,Medsize,1,0
GY88677,Oregon,31961.29,No,Premium,2,Bachelor,2,1/29/2011,Employed,1,F,62462,Married,1,46,23,1,2,Personal Auto,0,Personal L3,2,1,Agent,2,Medsize,1,1
TF67147,Oregon,3035.41,Yes,Basic,0,Bachelor,2,1/29/2011,Retired,3,F,33629,Single,0,9,85,1,1,Personal Auto,0,Personal L3,2,1,Branch,1,Medsize,1,0
TF23305,Arizona,4826.24,No,Extended,1,College,1,1/29/2011,Employed,1,F,70133,Married,1,46,122,0,1,Personal Auto,0,Personal L3,2,1,Web,0,Large,2,0
NT25078,Nevada,4573.5,No,Extended,1,Bachelor,2,1/29/2011,Employed,1,M,31261,Married,1,12,8,2,1,Special Auto,2,Special L2,7,4,Agent,2,Medsize,1,0
XZ62712,Washington,60031.83,No,Extended,1,High School or Below,0,1/29/2011,Employed,1,F,44480,Single,0,27,62,1,2,Personal Auto,0,Personal L2,1,1,Call Center,3,Medsize,1,1
WJ88394,Nevada,11681.96,No,Basic,0,College,1,1/29/2011,Medical Leave,2,F,27794,Married,1,8,116,0,7,Personal Auto,0,Personal L3,2,1,Branch,1,Medsize,1,0
LM84166,California,4271.91,No,Extended,1,Bachelor,2,1/29/2011,Unemployed,0,M,0,Single,0,45,55,1,1,Personal Auto,0,Personal L1,0,1,Agent,2,Medsize,1,0
AW36627,California,5977.84,Yes,Basic,0,High School or Below,0,1/29/2011,Employed,1,F,79079,Married,1,8,84,0,1,Personal Auto,0,Personal L3,2,1,Agent,2,Medsize,1,0
PD94851,Nevada,3271.4,No,Basic,0,Bachelor,2,1/29/2011,Medical Leave,2,M,21040,Married,1,30,32,0,1,Personal Auto,0,Personal L3,2,1,Agent,2,Medsize,1,0
GH90738,Oregon,4833.1,No,Extended,1,Bachelor,2,1/29/2011,Employed,1,F,96088,Married,1,4,84,2,1,Personal Auto,0,Personal L2,1,2,Web,0,Medsize,1,0
AM32820,California,5008.39,No,Basic,0,Bachelor,2,1/29/2011,Unemployed,0,M,0,Single,0,18,45,0,1,Personal Auto,0,Personal L2,1,2,Agent,2,Medsize,1,1
SH60585,Nevada,7828.74,No,Basic,0,High School or Below,0,1/29/2011,Employed,1,F,88476,Married,1,32,116,0,3,Personal Auto,0,Personal L3,2,4,Web,0,Small,0,0
ZQ37164,Arizona,10822.61,No,Basic,0,Bachelor,2,1/29/2011,Employed,1,F,111818,Married,1,19,49,1,2,Personal Auto,0,Personal L2,1,4,Agent,2,Medsize,1,0
BE78308,Oregon,2903.72,No,Basic,0,Bachelor,2,1/29/2011,Unemployed,0,M,0,Single,0,11,112,0,1,Personal Auto,0,Personal L1,0,1,Branch,1,Medsize,1,0
LS92540,California,5550.12,No,Basic,0,College,1,1/29/2011,Employed,1,F,43484,Divorced,2,22,131,0,1,Corporate Auto,1,Corporate L2,4,1,Call Center,3,Large,2,0
HS45195,California,9088.47,No,Extended,1,High School or Below,0,1/29/2011,Unemployed,0,M,0,Single,0,20,107,0,5,Personal Auto,0,Personal L3,2,4,Web,0,Small,0,0
DY35486,California,26943.02,No,Basic,0,High School or Below,0,1/29/2011,Unemployed,0,M,0,Single,0,1,9,0,2,Personal Auto,0,Personal L2,1,1,Agent,2,Large,2,1
FH39427,Nevada,11882.95,No,Basic,0,Bachelor,2,1/29/2011,Employed,1,M,130127,Married,1,23,63,0,2,Corporate Auto,1,Corporate L3,5,4,Agent,2,Medsize,1,0
IL25109,Nevada,16903.92,No,Premium,2,High School or Below,0,1/29/2011,Employed,1,M,52659,Married,1,39,22,0,2,Personal Auto,0,Personal L2,1,1,Branch,1,Large,2,1
RZ14993,California,15622.34,No,Premium,2,High School or Below,0,1/29/2011,Unemployed,0,F,0,Single,0,5,66,0,4,Special Auto,2,Special L3,8,1,Agent,2,Medsize,1,1
UM28580,Oregon,5977.84,Yes,Basic,0,High School or Below,0,1/29/2011,Employed,1,F,79079,Married,1,8,84,0,1,Personal Auto,0,Personal L3,2,1,Agent,2,Medsize,1,0
FD75102,California,4370.63,No,Extended,1,College,1,1/29/2011,Disabled,4,F,37776,Divorced,2,20,100,0,1,Personal Auto,0,Personal L3,2,4,Call Center,3,Medsize,1,0
HF95739,California,11550.45,No,Extended,1,High School or Below,0,1/29/2011,Unemployed,0,M,0,Single,0,8,66,0,2,Personal Auto,0,Personal L3,2,2,Call Center,3,Medsize,1,0
FF77476,California,3236,Yes,Basic,0,High School or Below,0,1/29/2011,Retired,3,F,30082,Divorced,2,22,126,0,1,Corporate Auto,1,Corporate L3,5,1,Branch,1,Medsize,1,0
XJ26467,California,9074.56,No,Extended,1,College,1,1/29/2011,Employed,1,F,49289,Married,1,14,49,0,6,Personal Auto,0,Personal L3,2,1,Call Center,3,Medsize,1,0
YR49519,Arizona,6705.51,No,Basic,0,Bachelor,2,1/29/2011,Unemployed,0,M,0,Divorced,2,46,3,0,4,Corporate Auto,1,Corporate L3,5,2,Branch,1,Small,0,0
MA37431,California,10831.15,No,Premium,2,College,1,1/29/2011,Employed,1,F,46352,Married,1,24,74,0,3,Corporate Auto,1,Corporate L2,4,1,Call Center,3,Small,0,0
SB82356,Nevada,41298.68,No,Extended,1,Bachelor,2,1/29/2011,Retired,3,F,15223,Married,1,30,14,1,2,Corporate Auto,1,Corporate L2,4,1,Agent,2,Medsize,1,0
JS36743,California,3211.2,No,Basic,0,Bachelor,2,1/29/2011,Employed,1,M,73917,Single,0,7,134,0,1,Personal Auto,0,Personal L2,1,1,Agent,2,Medsize,1,0
FX81675,California,9901.34,No,Basic,0,College,1,1/29/2011,Employed,1,F,118742,Divorced,2,42,85,0,2,Personal Auto,0,Personal L3,2,3,Agent,2,Small,0,0
FP95606,Arizona,6494.82,No,Extended,1,College,1,1/29/2011,Employed,1,F,33360,Married,1,42,126,0,1,Personal Auto,0,Personal L3,2,3,Agent,2,Small,0,0
NX15614,Oregon,27397.43,No,Basic,0,High School or Below,0,1/29/2011,Unemployed,0,M,0,Single,0,4,100,0,2,Personal Auto,0,Personal L3,2,3,Branch,1,Medsize,1,0
MH50997,California,27004.24,No,Extended,1,Bachelor,2,1/29/2011,Employed,1,F,45766,Married,1,15,26,1,2,Personal Auto,0,Personal L3,2,3,Branch,1,Medsize,1,0
ZP64637,Arizona,5207.99,No,Basic,0,High School or Below,0,1/29/2011,Unemployed,0,M,0,Single,0,27,84,0,1,Corporate Auto,1,Corporate L3,5,1,Web,0,Medsize,1,1
LK73198,Washington,6573.48,No,Basic,0,High School or Below,0,1/29/2011,Employed,1,F,75051,Married,1,18,70,0,3,Personal Auto,0,Personal L1,0,2,Call Center,3,Medsize,1,0
RR73059,California,4042.37,No,Basic,0,College,1,1/29/2011,Employed,1,F,75480,Married,1,9,54,0,1,Personal Auto,0,Personal L1,0,1,Web,0,Medsize,1,0
NK53911,California,9916.96,No,Extended,1,High School or Below,0,1/29/2011,Employed,1,M,107973,Married,1,30,101,0,3,Personal Auto,0,Personal L3,2,2,Web,0,Medsize,1,0
ZK56389,Arizona,3236,Yes,Basic,0,High School or Below,0,1/29/2011,Retired,3,F,30082,Divorced,2,22,126,0,1,Special Auto,2,Special L3,8,1,Branch,1,Medsize,1,0
XS36281,Washington,7519.79,No,Extended,1,College,1,1/29/2011,Employed,1,F,115719,Single,0,5,132,1,1,Personal Auto,0,Personal L3,2,1,Branch,1,Medsize,1,0
SM80235,Oregon,3708.34,No,Basic,0,High School or Below,0,1/29/2011,Employed,1,M,84108,Single,0,9,9,0,1,Personal Auto,0,Personal L2,1,2,Call Center,3,Small,0,0
KX86150,California,9704.2,No,Extended,1,High School or Below,0,1/29/2011,Medical Leave,2,M,18282,Married,1,7,47,0,8,Personal Auto,0,Personal L3,2,1,Web,0,Small,0,0
AG58599,Oregon,3786.88,No,Basic,0,High School or Below,0,1/29/2011,Employed,1,F,35105,Married,1,16,4,0,1,Personal Auto,0,Personal L3,2,3,Web,0,Medsize,1,0
RI69055,California,10940.98,No,Basic,0,High School or Below,0,1/29/2011,Employed,1,F,78532,Married,1,11,84,0,2,Personal Auto,0,Personal L3,2,2,Web,0,Medsize,1,0
EE57466,Arizona,3236,Yes,Basic,0,High School or Below,0,1/29/2011,Retired,3,F,30082,Divorced,2,22,126,0,1,Personal Auto,0,Personal L1,0,1,Branch,1,Medsize,1,0
JK35644,Oregon,4794.92,No,Extended,1,Master,3,1/29/2011,Disabled,4,M,15669,Single,0,26,51,0,1,Corporate Auto,1,Corporate L1,3,4,Agent,2,Medsize,1,0
ZH28728,Oregon,8484.78,No,Premium,2,Bachelor,2,1/29/2011,Unemployed,0,M,0,Married,1,7,45,0,1,Personal Auto,0,Personal L3,2,1,Call Center,3,Medsize,1,1
IP76282,Oregon,6053.74,No,Basic,0,High School or Below,0,1/29/2011,Unemployed,0,F,0,Single,0,30,59,0,8,Personal Auto,0,Personal L2,1,4,Agent,2,Medsize,1,0
RV98208,Arizona,6737.9,No,Basic,0,College,1,1/29/2011,Employed,1,F,73155,Married,1,15,113,0,3,Personal Auto,0,Personal L1,0,1,Agent,2,Medsize,1,0
KG84303,California,5322.94,No,Extended,1,Master,3,1/29/2011,Employed,1,M,52407,Married,1,39,80,0,1,Personal Auto,0,Personal L3,2,2,Call Center,3,Small,0,0
TB17648,Arizona,3395.81,No,Basic,0,College,1,1/29/2011,Employed,1,M,53619,Married,1,1,74,2,1,Personal Auto,0,Personal L3,2,1,Web,0,Medsize,1,0
LT79371,Arizona,3216.61,No,Basic,0,Bachelor,2,1/29/2011,Unemployed,0,F,0,Married,1,32,63,0,1,Personal Auto,0,Personal L1,0,1,Agent,2,Medsize,1,0
MV26494,California,4969.69,No,Extended,1,College,1,1/29/2011,Unemployed,0,M,0,Married,1,31,9,0,1,Personal Auto,0,Personal L3,2,4,Web,0,Medsize,1,0
JB60515,Washington,3393.86,No,Basic,0,High School or Below,0,1/29/2011,Employed,1,M,68108,Married,1,32,108,0,1,Personal Auto,0,Personal L3,2,1,Branch,1,Medsize,1,0
JV97593,California,9010.52,No,Extended,1,Bachelor,2,1/29/2011,Employed,1,F,125082,Married,1,20,108,1,6,Personal Auto,0,Personal L2,1,1,Agent,2,Medsize,1,0
UE54045,California,13627.08,No,Extended,1,High School or Below,0,1/29/2011,Employed,1,F,43262,Married,1,38,31,0,4,Corporate Auto,1,Corporate L1,3,3,Agent,2,Medsize,1,0
LC87490,Arizona,3035.41,Yes,Basic,0,Bachelor,2,1/29/2011,Retired,3,F,33629,Single,0,9,85,1,1,Personal Auto,0,Personal L3,2,1,Branch,1,Medsize,1,0
OK14812,Nevada,3363.28,Yes,Basic,0,Doctor,4,1/29/2011,Employed,1,M,49452,Divorced,2,41,104,0,1,Personal Auto,0,Personal L3,2,1,Agent,2,Large,2,0
KG71396,Nevada,5423.02,No,Premium,2,High School or Below,0,1/29/2011,Unemployed,0,M,0,Single,0,31,73,0,1,Corporate Auto,1,Corporate L3,5,1,Agent,2,Medsize,1,1
VK85405,California,10002.94,No,Basic,0,High School or Below,0,1/29/2011,Employed,1,F,108560,Single,0,32,20,0,2,Corporate Auto,1,Corporate L2,4,1,Agent,2,Medsize,1,0
SC43870,California,21413.94,No,Basic,0,Bachelor,2,1/29/2011,Unemployed,0,M,0,Single,0,19,22,0,2,Corporate Auto,1,Corporate L3,5,1,Web,0,Medsize,1,0
CU84967,California,5977.84,Yes,Basic,0,High School or Below,0,1/29/2011,Employed,1,F,79079,Married,1,8,84,0,1,Personal Auto,0,Personal L3,2,1,Agent,2,Medsize,1,0
HP42153,Washington,3175.04,No,Basic,0,High School or Below,0,1/29/2011,Medical Leave,2,F,17453,Single,0,16,100,0,1,Personal Auto,0,Personal L3,2,1,Agent,2,Medsize,1,0
AL43715,Nevada,11219.45,No,Premium,2,Master,3,1/29/2011,Employed,1,M,91180,Married,1,14,61,0,6,Personal Auto,0,Personal L3,2,4,Agent,2,Medsize,1,0
OE75629,California,3778.43,No,Basic,0,College,1,1/29/2011,Employed,1,M,65711,Divorced,2,35,84,1,1,Corporate Auto,1,Corporate L3,5,1,Web,0,Medsize,1,0
TL60066,California,3236,Yes,Basic,0,High School or Below,0,1/29/2011,Retired,3,F,30082,Divorced,2,22,126,0,1,Personal Auto,0,Personal L1,0,1,Branch,1,Medsize,1,0
SH48087,California,13694.82,No,Extended,1,College,1,1/29/2011,Medical Leave,2,F,36762,Married,1,0,9,0,2,Personal Auto,0,Personal L2,1,1,Branch,1,Medsize,1,0
SQ14756,California,3273.33,No,Basic,0,Master,3,1/29/2011,Employed,1,M,66161,Married,1,15,100,1,1,Personal Auto,0,Personal L1,0,1,Branch,1,Medsize,1,0
VI94769,California,3035.41,Yes,Basic,0,Bachelor,2,1/29/2011,Retired,3,F,33629,Single,0,9,85,1,1,Personal Auto,0,Personal L1,0,1,Branch,1,Medsize,1,0
EG81847,California,19244.56,No,Extended,1,High School or Below,0,1/29/2011,Employed,1,F,41886,Single,0,41,89,1,2,Personal Auto,0,Personal L1,0,1,Call Center,3,Medsize,1,0
JU47573,California,3092.42,No,Basic,0,Bachelor,2,1/29/2011,Unemployed,0,F,0,Single,0,41,115,0,1,Personal Auto,0,Personal L3,2,1,Branch,1,Large,2,0
AZ82578,California,10703.92,No,Basic,0,College,1,1/30/2011,Unemployed,0,F,0,Married,1,9,101,0,2,Corporate Auto,1,Corporate L3,5,1,Call Center,3,Medsize,1,0
DE55857,Washington,3328.35,No,Basic,0,Bachelor,2,1/30/2011,Employed,1,F,87746,Single,0,9,134,1,1,Personal Auto,0,Personal L3,2,2,Agent,2,Small,0,0
CF15558,California,6755.76,No,Basic,0,Master,3,1/30/2011,Employed,1,F,52867,Married,1,24,112,1,4,Personal Auto,0,Personal L3,2,2,Call Center,3,Small,0,0
WS47147,California,29839.73,Yes,Basic,0,College,1,1/30/2011,Unemployed,0,M,0,Married,1,47,65,0,2,Personal Auto,0,Personal L3,2,1,Branch,1,Medsize,1,0
KA89683,Arizona,3406.28,No,Basic,0,High School or Below,0,1/30/2011,Unemployed,0,F,0,Single,0,27,109,0,1,Personal Auto,0,Personal L1,0,1,Branch,1,Small,0,0
UK70255,California,41142.3,No,Extended,1,College,1,1/30/2011,Employed,1,F,131352,Single,0,22,51,0,2,Personal Auto,0,Personal L3,2,4,Web,0,Medsize,1,0
FI92440,Washington,43465.41,No,Extended,1,High School or Below,0,1/30/2011,Employed,1,F,123356,Married,1,30,120,0,2,Personal Auto,0,Personal L1,0,4,Call Center,3,Medsize,1,0
WZ40465,Washington,6805.75,No,Basic,0,Bachelor,2,1/30/2011,Employed,1,F,48916,Married,1,0,59,0,5,Personal Auto,0,Personal L3,2,3,Web,0,Small,0,0
KJ31611,Arizona,14590.89,No,Extended,1,High School or Below,0,1/30/2011,Employed,1,M,41935,Married,1,27,26,0,2,Personal Auto,0,Personal L2,1,2,Agent,2,Small,0,0
JN26745,Nevada,5583.3,No,Premium,2,Bachelor,2,1/30/2011,Unemployed,0,F,0,Married,1,22,84,0,1,Special Auto,2,Special L2,7,3,Agent,2,Large,2,0
OB55054,Oregon,5352.5,No,Extended,1,Bachelor,2,1/30/2011,Employed,1,M,119354,Single,0,41,42,0,1,Corporate Auto,1,Corporate L2,4,4,Call Center,3,Medsize,1,0
YB58778,California,7193.93,No,Basic,0,College,1,1/30/2011,Employed,1,F,109436,Single,0,27,5,4,3,Personal Auto,0,Personal L3,2,1,Agent,2,Large,2,0
PZ47477,Arizona,12104.52,No,Extended,1,High School or Below,0,1/30/2011,Employed,1,M,56469,Married,1,15,55,0,2,Personal Auto,0,Personal L2,1,2,Call Center,3,Medsize,1,0
XB17553,Nevada,16435.69,No,Basic,0,Bachelor,2,1/30/2011,Employed,1,M,71276,Married,1,19,18,1,2,Personal Auto,0,Personal L3,2,1,Agent,2,Small,0,0
DQ45854,Oregon,21833.47,No,Basic,0,College,1,1/30/2011,Employed,1,F,86924,Single,0,12,62,0,2,Personal Auto,0,Personal L3,2,2,Branch,1,Medsize,1,0
LM58949,Oregon,3244.78,No,Basic,0,High School or Below,0,1/30/2011,Disabled,4,M,32735,Married,1,45,111,3,1,Personal Auto,0,Personal L2,1,1,Agent,2,Medsize,1,0
SF32458,California,6738.49,No,Basic,0,Doctor,4,1/30/2011,Medical Leave,2,M,17021,Married,1,31,97,1,3,Personal Auto,0,Personal L1,0,1,Agent,2,Medsize,1,0
IE40701,California,3884.43,No,Basic,0,High School or Below,0,1/30/2011,Employed,1,M,44289,Married,1,14,14,0,1,Personal Auto,0,Personal L2,1,2,Call Center,3,Small,0,0
QS96715,Nevada,10977.9,No,Basic,0,High School or Below,0,1/30/2011,Employed,1,F,126515,Married,1,12,58,2,4,Personal Auto,0,Personal L2,1,3,Web,0,Medsize,1,0
CS55808,California,12679.95,No,Extended,1,College,1,1/30/2011,Unemployed,0,M,0,Single,0,5,70,0,2,Personal Auto,0,Personal L3,2,3,Branch,1,Medsize,1,1
BK21146,Arizona,29839.73,Yes,Basic,0,College,1,1/30/2011,Unemployed,0,M,0,Married,1,47,65,0,2,Personal Auto,0,Personal L2,1,1,Branch,1,Medsize,1,0
HY76810,Oregon,8481.13,No,Premium,2,Bachelor,2,1/30/2011,Unemployed,0,F,0,Married,1,31,8,0,1,Corporate Auto,1,Corporate L3,5,2,Branch,1,Small,0,0
BT49333,Arizona,5752.03,No,Basic,0,High School or Below,0,1/30/2011,Employed,1,M,64457,Married,1,12,5,0,1,Personal Auto,0,Personal L2,1,2,Agent,2,Medsize,1,0
KY57676,California,11341.06,No,Basic,0,High School or Below,0,1/30/2011,Employed,1,M,28175,Divorced,2,27,122,0,2,Personal Auto,0,Personal L2,1,3,Agent,2,Medsize,1,0
FX12602,Oregon,26902.31,No,Basic,0,High School or Below,0,1/30/2011,Employed,1,M,69325,Divorced,2,28,117,3,2,Personal Auto,0,Personal L2,1,1,Branch,1,Medsize,1,0
WR58220,Oregon,11342.41,No,Extended,1,Bachelor,2,1/30/2011,Unemployed,0,M,0,Single,0,20,116,0,8,Personal Auto,0,Personal L2,1,2,Web,0,Medsize,1,0
AI58313,Nevada,49877.19,No,Basic,0,College,1,1/30/2011,Employed,1,F,101824,Divorced,2,34,119,1,2,Personal Auto,0,Personal L3,2,2,Call Center,3,Medsize,1,0
FF94034,California,11470.08,No,Basic,0,Bachelor,2,1/30/2011,Employed,1,F,120008,Divorced,2,0,117,0,8,Personal Auto,0,Personal L1,0,1,Branch,1,Medsize,1,0
LE96510,Oregon,3736.25,No,Basic,0,High School or Below,0,1/30/2011,Unemployed,0,F,0,Married,1,0,70,0,1,Personal Auto,0,Personal L3,2,1,Call Center,3,Small,0,0
DW86238,Washington,7639.53,No,Extended,1,High School or Below,0,1/30/2011,Unemployed,0,M,0,Single,0,43,130,0,4,Personal Auto,0,Personal L1,0,3,Web,0,Medsize,1,1
IU17657,California,3532.15,No,Basic,0,Bachelor,2,1/30/2011,Disabled,4,M,29700,Married,1,36,49,0,1,Personal Auto,0,Personal L3,2,2,Web,0,Medsize,1,0
UV86903,California,6025.05,Yes,Basic,0,Bachelor,2,1/30/2011,Unemployed,0,F,0,Single,0,47,70,3,5,Personal Auto,0,Personal L3,2,1,Web,0,Medsize,1,0
JV89183,Oregon,12661.52,No,Premium,2,Bachelor,2,1/30/2011,Employed,1,M,69424,Married,1,43,89,0,3,Personal Auto,0,Personal L3,2,1,Agent,2,Large,2,0
TR40401,Oregon,6848.93,Yes,Extended,1,Doctor,4,1/30/2011,Employed,1,M,77907,Married,1,14,35,0,1,Personal Auto,0,Personal L2,1,2,Branch,1,Medsize,1,0
SX22647,California,9744.42,No,Basic,0,College,1,1/30/2011,Unemployed,0,M,0,Single,0,39,5,0,3,Personal Auto,0,Personal L3,2,3,Call Center,3,Small,0,1
UH79890,Oregon,7022.31,No,Basic,0,High School or Below,0,1/30/2011,Unemployed,0,M,0,Married,1,3,66,0,9,Personal Auto,0,Personal L3,2,2,Agent,2,Large,2,0
CN49086,California,6848.93,Yes,Extended,1,Doctor,4,1/30/2011,Employed,1,M,77907,Married,1,14,35,0,1,Corporate Auto,1,Corporate L3,5,2,Branch,1,Medsize,1,0
LP76290,Oregon,11133.22,No,Premium,2,Master,3,1/30/2011,Employed,1,M,84494,Single,0,28,30,0,3,Special Auto,2,Special L2,7,4,Web,0,Medsize,1,0
TN17395,California,29839.73,Yes,Basic,0,College,1,1/30/2011,Unemployed,0,M,0,Married,1,47,65,0,2,Personal Auto,0,Personal L3,2,1,Branch,1,Medsize,1,0
SU86402,Arizona,8867.82,No,Extended,1,High School or Below,0,1/30/2011,Disabled,4,F,34933,Married,1,39,62,0,3,Personal Auto,0,Personal L3,2,1,Branch,1,Medsize,1,0
HX55735,Nevada,6025.05,Yes,Basic,0,Bachelor,2,1/30/2011,Unemployed,0,F,0,Single,0,47,70,3,5,Personal Auto,0,Personal L3,2,1,Web,0,Medsize,1,0
FJ24418,Arizona,4931.1,No,Extended,1,Doctor,4,1/30/2011,Unemployed,0,F,0,Married,1,30,108,0,1,Personal Auto,0,Personal L3,2,4,Agent,2,Medsize,1,0
BR40272,California,11134.74,No,Premium,2,College,1,1/30/2011,Employed,1,M,66162,Married,1,23,38,0,7,Personal Auto,0,Personal L2,1,2,Branch,1,Medsize,1,0
CE21829,Oregon,14655.84,No,Extended,1,College,1,1/30/2011,Employed,1,M,50265,Divorced,2,39,123,0,5,Personal Auto,0,Personal L3,2,1,Call Center,3,Small,0,0
CX20455,Arizona,29839.73,Yes,Basic,0,College,1,1/30/2011,Unemployed,0,M,0,Married,1,47,65,0,2,Corporate Auto,1,Corporate L3,5,1,Branch,1,Medsize,1,0
JZ22920,Arizona,4354.28,No,Extended,1,Master,3,1/30/2011,Employed,1,M,39968,Married,1,45,43,0,1,Personal Auto,0,Personal L3,2,3,Agent,2,Medsize,1,0
RN65450,California,4130.23,No,Extended,1,College,1,1/30/2011,Unemployed,0,M,0,Single,0,35,99,0,1,Personal Auto,0,Personal L2,1,1,Branch,1,Small,0,0
BW79345,Nevada,6675.85,No,Basic,0,High School or Below,0,1/30/2011,Employed,1,F,106375,Divorced,2,20,4,0,3,Personal Auto,0,Personal L2,1,2,Call Center,3,Medsize,1,0
LU95652,Oregon,9863.01,No,Extended,1,College,1,1/30/2011,Employed,1,M,112348,Married,1,28,85,0,3,Personal Auto,0,Personal L3,2,4,Web,0,Medsize,1,0
QS29824,Nevada,12993.67,No,Extended,1,College,1,1/30/2011,Unemployed,0,M,0,Single,0,35,119,0,4,Personal Auto,0,Personal L2,1,2,Agent,2,Medsize,1,1
RH70194,Nevada,6875.56,No,Basic,0,Bachelor,2,1/30/2011,Employed,1,M,40011,Married,1,26,22,0,8,Personal Auto,0,Personal L3,2,4,Branch,1,Medsize,1,0
MU59158,Arizona,5522.51,No,Premium,2,Master,3,1/30/2011,Employed,1,F,52493,Married,1,5,117,0,1,Personal Auto,0,Personal L3,2,4,Branch,1,Medsize,1,0
ZX17330,Arizona,3425.47,No,Basic,0,Bachelor,2,1/30/2011,Employed,1,M,124741,Divorced,2,41,50,0,1,Personal Auto,0,Personal L1,0,4,Agent,2,Medsize,1,0
HB70063,Washington,5822.24,No,Basic,0,College,1,1/30/2011,Employed,1,M,58571,Single,0,23,47,0,1,Personal Auto,0,Personal L1,0,1,Call Center,3,Medsize,1,0
CR59224,California,7501.83,No,Basic,0,Bachelor,2,1/30/2011,Medical Leave,2,M,39312,Married,1,42,104,0,3,Corporate Auto,1,Corporate L3,5,1,Agent,2,Medsize,1,0
IX45386,Arizona,3346.43,No,Basic,0,College,1,1/30/2011,Employed,1,M,110323,Single,0,15,7,0,1,Personal Auto,0,Personal L2,1,2,Web,0,Large,2,0
CR12479,Nevada,3872.61,No,Basic,0,College,1,1/30/2011,Employed,1,F,54062,Divorced,2,14,69,0,1,Personal Auto,0,Personal L2,1,1,Agent,2,Small,0,0
OD25312,Arizona,6391.25,No,Basic,0,College,1,1/30/2011,Unemployed,0,M,0,Single,0,9,101,0,5,Personal Auto,0,Personal L3,2,3,Agent,2,Medsize,1,1
LS99940,California,4527.06,No,Extended,1,Master,3,1/30/2011,Employed,1,F,85587,Married,1,39,62,0,1,Personal Auto,0,Personal L2,1,2,Web,0,Medsize,1,0
HB68898,Oregon,27323.17,No,Premium,2,Bachelor,2,1/30/2011,Employed,1,F,48757,Married,1,36,45,2,2,Corporate Auto,1,Corporate L1,3,1,Branch,1,Medsize,1,0
DO31181,Oregon,6398.05,No,Extended,1,College,1,1/30/2011,Unemployed,0,F,0,Married,1,38,74,5,3,Personal Auto,0,Personal L3,2,1,Agent,2,Medsize,1,0
RQ22171,California,5348.14,No,Basic,0,High School or Below,0,1/30/2011,Unemployed,0,F,0,Single,0,8,46,1,1,Corporate Auto,1,Corporate L2,4,2,Agent,2,Medsize,1,0
SK12752,California,6025.05,Yes,Basic,0,Bachelor,2,1/30/2011,Unemployed,0,F,0,Single,0,47,70,3,5,Corporate Auto,1,Corporate L3,5,1,Web,0,Medsize,1,0
CT86614,Arizona,3276.39,No,Basic,0,Bachelor,2,1/30/2011,Unemployed,0,M,0,Single,0,3,7,0,1,Corporate Auto,1,Corporate L2,4,4,Branch,1,Small,0,0
ZD13262,Oregon,14075.08,No,Extended,1,High School or Below,0,1/30/2011,Employed,1,F,92560,Married,1,8,59,1,3,Personal Auto,0,Personal L2,1,4,Call Center,3,Small,0,0
IJ71609,Washington,2787.34,No,Basic,0,Bachelor,2,1/30/2011,Unemployed,0,F,0,Single,0,16,77,3,1,Personal Auto,0,Personal L2,1,1,Call Center,3,Medsize,1,0
KT38145,California,6463.09,No,Basic,0,College,1,1/30/2011,Unemployed,0,F,0,Married,1,23,113,0,3,Personal Auto,0,Personal L2,1,2,Agent,2,Medsize,1,0
QW21716,Nevada,6647.33,No,Basic,0,Bachelor,2,1/30/2011,Employed,1,M,41976,Married,1,4,105,0,3,Personal Auto,0,Personal L2,1,2,Branch,1,Medsize,1,0
SS28002,Arizona,7565.05,No,Basic,0,High School or Below,0,1/30/2011,Employed,1,F,128633,Married,1,8,47,0,4,Personal Auto,0,Personal L3,2,2,Call Center,3,Medsize,1,0
JC34468,California,8908.76,No,Premium,2,High School or Below,0,1/30/2011,Employed,1,F,48681,Married,1,36,74,0,1,Special Auto,2,Special L3,8,2,Call Center,3,Medsize,1,1
QV11152,Arizona,12978.38,No,Basic,0,High School or Below,0,1/30/2011,Employed,1,M,46437,Married,1,14,24,1,2,Personal Auto,0,Personal L3,2,3,Agent,2,Small,0,0
SE62920,California,11928.64,No,Basic,0,Bachelor,2,1/30/2011,Employed,1,M,86277,Married,1,32,68,0,8,Personal Auto,0,Personal L3,2,2,Branch,1,Medsize,1,0
CO75086,Arizona,9813.61,No,Extended,1,College,1,1/30/2011,Employed,1,M,27549,Married,1,45,8,2,8,Corporate Auto,1,Corporate L2,4,1,Call Center,3,Medsize,1,0
ZB84321,Washington,26582.1,No,Basic,0,College,1,1/30/2011,Employed,1,F,48643,Divorced,2,15,53,0,2,Personal Auto,0,Personal L3,2,3,Web,0,Small,0,0
YU55375,Oregon,6078.25,No,Basic,0,College,1,1/30/2011,Unemployed,0,M,0,Single,0,20,5,0,4,Personal Auto,0,Personal L3,2,2,Branch,1,Medsize,1,0
PU41916,Oregon,29839.73,Yes,Basic,0,College,1,1/30/2011,Unemployed,0,M,0,Married,1,47,65,0,2,Personal Auto,0,Personal L3,2,1,Branch,1,Medsize,1,0
JQ29969,Oregon,5719.23,No,Premium,2,Bachelor,2,1/30/2011,Employed,1,F,79701,Married,1,0,42,0,1,Personal Auto,0,Personal L2,1,1,Agent,2,Medsize,1,0
VK43303,Oregon,8126.9,No,Extended,1,Bachelor,2,1/30/2011,Employed,1,M,92688,Single,0,9,81,0,8,Personal Auto,0,Personal L1,0,2,Branch,1,Medsize,1,0
OY68395,Oregon,74624.55,No,Basic,0,High School or Below,0,1/30/2011,Employed,1,F,54999,Single,0,26,81,0,2,Personal Auto,0,Personal L2,1,1,Web,0,Large,2,1
PI96349,California,29839.73,Yes,Basic,0,College,1,1/30/2011,Unemployed,0,M,0,Married,1,47,65,0,2,Personal Auto,0,Personal L3,2,1,Branch,1,Medsize,1,0
JT32550,Washington,9802.13,No,Basic,0,High School or Below,0,1/30/2011,Unemployed,0,M,0,Single,0,24,34,0,2,Personal Auto,0,Personal L2,1,4,Web,0,Small,0,1
DO95670,Arizona,6848.93,Yes,Extended,1,Doctor,4,1/30/2011,Employed,1,M,77907,Married,1,14,35,0,1,Personal Auto,0,Personal L3,2,2,Branch,1,Medsize,1,0
DH25145,Arizona,7842.5,No,Basic,0,High School or Below,0,1/30/2011,Employed,1,F,36416,Married,1,19,80,0,5,Personal Auto,0,Personal L3,2,4,Web,0,Small,0,0
BS34332,Oregon,7503.21,No,Basic,0,High School or Below,0,1/30/2011,Employed,1,F,112828,Married,1,47,97,0,5,Personal Auto,0,Personal L3,2,3,Web,0,Medsize,1,0
ZU76536,California,8294.26,No,Extended,1,High School or Below,0,1/30/2011,Employed,1,F,60793,Married,1,18,47,0,3,Personal Auto,0,Personal L2,1,2,Agent,2,Medsize,1,0
CY45848,Oregon,5769.34,No,Premium,2,Bachelor,2,1/30/2011,Employed,1,F,110989,Married,1,15,26,1,1,Personal Auto,0,Personal L1,0,3,Branch,1,Medsize,1,0
SU32452,Arizona,4376.14,No,Extended,1,Bachelor,2,1/30/2011,Employed,1,F,120415,Divorced,2,23,70,0,1,Personal Auto,0,Personal L3,2,1,Agent,2,Small,0,0
UV99893,Arizona,3895.3,No,Basic,0,Bachelor,2,1/30/2011,Employed,1,F,125175,Married,1,46,61,1,1,Corporate Auto,1,Corporate L3,5,2,Call Center,3,Small,0,0
FO13691,Oregon,6917.69,No,Basic,0,Doctor,4,1/30/2011,Employed,1,M,99549,Divorced,2,31,4,0,3,Personal Auto,0,Personal L3,2,1,Agent,2,Medsize,1,0
CP99334,Oregon,4242.8,No,Extended,1,College,1,1/30/2011,Employed,1,F,81146,Married,1,0,85,0,1,Personal Auto,0,Personal L3,2,1,Agent,2,Medsize,1,0
VB59276,Oregon,5425.49,No,Basic,0,Bachelor,2,1/30/2011,Unemployed,0,M,0,Married,1,35,36,0,1,Corporate Auto,1,Corporate L2,4,3,Web,0,Medsize,1,0
YV82597,Nevada,14655.62,No,Extended,1,Doctor,4,1/30/2011,Employed,1,F,80734,Married,1,28,0,0,2,Corporate Auto,1,Corporate L2,4,2,Agent,2,Medsize,1,0
ZN86559,California,7089.06,No,Basic,0,Bachelor,2,1/30/2011,Unemployed,0,F,0,Married,1,28,88,0,3,Personal Auto,0,Personal L3,2,2,Web,0,Medsize,1,0
GJ88864,Nevada,4845.65,No,Extended,1,College,1,1/30/2011,Employed,1,F,41774,Divorced,2,20,62,0,1,Personal Auto,0,Personal L3,2,1,Web,0,Small,0,0
UC21019,Arizona,6601.65,No,Basic,0,Master,3,1/30/2011,Unemployed,0,M,0,Divorced,2,28,80,0,7,Personal Auto,0,Personal L1,0,1,Branch,1,Small,0,0
PU25554,Oregon,3895.19,No,Basic,0,Bachelor,2,1/30/2011,Employed,1,F,84482,Married,1,45,72,0,1,Personal Auto,0,Personal L2,1,4,Agent,2,Medsize,1,0
DO20853,Oregon,6446.89,No,Extended,1,High School or Below,0,1/30/2011,Disabled,4,F,19243,Married,1,28,22,0,1,Corporate Auto,1,Corporate L1,3,3,Branch,1,Large,2,0
VV82891,Washington,6025.05,Yes,Basic,0,Bachelor,2,1/30/2011,Unemployed,0,F,0,Single,0,47,70,3,5,Personal Auto,0,Personal L1,0,1,Web,0,Medsize,1,0
KL27677,Nevada,14571.57,No,Extended,1,College,1,1/30/2011,Employed,1,F,32663,Married,1,43,95,0,2,Personal Auto,0,Personal L3,2,1,Branch,1,Large,2,0
LB83807,Oregon,11263.61,No,Premium,2,Bachelor,2,1/30/2011,Employed,1,M,85528,Single,0,22,53,0,9,Personal Auto,0,Personal L3,2,1,Agent,2,Large,2,0
VI34110,Arizona,3188.35,No,Basic,0,Bachelor,2,1/30/2011,Unemployed,0,F,0,Married,1,23,124,1,1,Personal Auto,0,Personal L3,2,1,Agent,2,Medsize,1,0
YU39743,Oregon,21815.38,No,Extended,1,College,1,1/30/2011,Employed,1,M,39951,Married,1,20,70,0,2,Personal Auto,0,Personal L3,2,1,Call Center,3,Medsize,1,0
TD43065,California,11083.4,No,Basic,0,Bachelor,2,1/30/2011,Employed,1,M,89150,Married,1,3,112,0,2,Personal Auto,0,Personal L3,2,4,Branch,1,Medsize,1,0
YY46839,Washington,11451.32,No,Premium,2,High School or Below,0,1/30/2011,Employed,1,F,39998,Married,1,39,61,0,9,Corporate Auto,1,Corporate L2,4,1,Agent,2,Medsize,1,1
MX93069,Oregon,6848.93,Yes,Extended,1,Doctor,4,1/30/2011,Employed,1,M,77907,Married,1,14,35,0,1,Personal Auto,0,Personal L3,2,2,Branch,1,Medsize,1,0
LO48748,Oregon,10105.23,No,Extended,1,Master,3,1/30/2011,Employed,1,F,35613,Single,0,39,95,0,4,Personal Auto,0,Personal L1,0,2,Web,0,Large,2,0
FZ44411,Arizona,3666.86,No,Extended,1,Bachelor,2,1/30/2011,Unemployed,0,M,0,Married,1,19,109,5,1,Corporate Auto,1,Corporate L2,4,2,Call Center,3,Medsize,1,0
JL52508,Oregon,6848.93,Yes,Extended,1,Doctor,4,1/30/2011,Employed,1,M,77907,Married,1,14,35,0,1,Personal Auto,0,Personal L2,1,2,Branch,1,Medsize,1,0
KB54415,Arizona,3339.05,No,Basic,0,High School or Below,0,1/30/2011,Disabled,4,M,18156,Single,0,38,18,0,1,Personal Auto,0,Personal L2,1,1,Agent,2,Large,2,0
CM38959,California,10845.78,No,Basic,0,College,1,1/30/2011,Employed,1,F,94920,Married,1,24,20,0,2,Personal Auto,0,Personal L3,2,1,Branch,1,Medsize,1,0
BN91755,California,6716.48,No,Extended,1,Master,3,1/30/2011,Employed,1,F,60376,Married,1,35,4,0,1,Personal Auto,0,Personal L2,1,1,Call Center,3,Medsize,1,0
OZ89964,California,5970.53,No,Basic,0,High School or Below,0,1/30/2011,Employed,1,M,48572,Single,0,46,38,2,1,Personal Auto,0,Personal L3,2,3,Call Center,3,Small,0,0
GP87031,California,4333.68,No,Extended,1,College,1,1/30/2011,Medical Leave,2,F,31798,Divorced,2,9,23,0,1,Corporate Auto,1,Corporate L3,5,4,Web,0,Small,0,0
DK19711,California,7418.5,No,Basic,0,College,1,1/30/2011,Employed,1,M,34511,Divorced,2,39,78,0,6,Personal Auto,0,Personal L3,2,1,Agent,2,Medsize,1,0
IH18704,California,5893.1,No,Basic,0,Master,3,1/30/2011,Disabled,4,M,31814,Married,1,4,58,0,1,Personal Auto,0,Personal L2,1,2,Agent,2,Medsize,1,0
YT92071,California,7078.78,No,Basic,0,Master,3,1/30/2011,Employed,1,F,60549,Divorced,2,38,69,0,3,Corporate Auto,1,Corporate L2,4,3,Web,0,Medsize,1,0
BD12981,California,7739.13,No,Basic,0,College,1,1/30/2011,Employed,1,F,53105,Single,0,39,1,1,9,Personal Auto,0,Personal L2,1,1,Agent,2,Medsize,1,0
LK19630,California,3925.04,No,Basic,0,High School or Below,0,1/30/2011,Employed,1,F,70492,Married,1,11,74,1,1,Personal Auto,0,Personal L2,1,1,Web,0,Medsize,1,0
QZ44356,Arizona,9422.37,No,Extended,1,Bachelor,2,1/31/2011,Unemployed,0,F,0,Single,0,18,57,0,8,Personal Auto,0,Personal L3,2,3,Agent,2,Medsize,1,1
SM52139,Washington,3956.44,No,Basic,0,College,1,1/31/2011,Employed,1,M,45445,Married,1,39,96,0,1,Personal Auto,0,Personal L3,2,3,Web,0,Medsize,1,0
AB96670,California,3231.79,Yes,Basic,0,College,1,1/31/2011,Unemployed,0,M,0,Single,0,32,14,0,1,Personal Auto,0,Personal L1,0,1,Branch,1,Medsize,1,0
QA87025,Oregon,7655.1,No,Basic,0,Bachelor,2,1/31/2011,Employed,1,F,38348,Married,1,22,47,1,4,Personal Auto,0,Personal L3,2,1,Call Center,3,Medsize,1,0
GD83998,Washington,3590.11,No,Basic,0,Bachelor,2,1/31/2011,Employed,1,M,33068,Single,0,39,88,0,1,Personal Auto,0,Personal L2,1,4,Branch,1,Small,0,0
PP40919,California,3208.32,No,Extended,1,College,1,1/31/2011,Unemployed,0,F,0,Single,0,3,11,5,1,Personal Auto,0,Personal L1,0,1,Agent,2,Medsize,1,0
KC17170,Arizona,7378.57,No,Basic,0,Bachelor,2,1/31/2011,Employed,1,F,73470,Married,1,12,11,0,5,Corporate Auto,1,Corporate L3,5,1,Branch,1,Medsize,1,0
PH26378,California,8126.95,No,Extended,1,College,1,1/31/2011,Unemployed,0,M,0,Single,0,4,38,0,4,Personal Auto,0,Personal L3,2,1,Agent,2,Medsize,1,0
CX12134,Nevada,5697.83,No,Premium,2,High School or Below,0,1/31/2011,Employed,1,M,43836,Single,0,0,117,0,1,Personal Auto,0,Personal L2,1,2,Agent,2,Medsize,1,0
EL93539,California,7772.55,Yes,Basic,0,Master,3,1/31/2011,Employed,1,M,120146,Divorced,2,12,96,0,3,Special Auto,2,Special L3,8,2,Branch,1,Small,0,0
HQ23708,Arizona,11605.84,No,Basic,0,Master,3,1/31/2011,Employed,1,F,72544,Married,1,3,27,0,2,Personal Auto,0,Personal L3,2,4,Web,0,Medsize,1,0
MY37953,Arizona,34871.73,No,Basic,0,Bachelor,2,1/31/2011,Employed,1,F,99576,Married,1,22,4,1,2,Personal Auto,0,Personal L2,1,3,Web,0,Medsize,1,0
CV29889,California,3231.79,Yes,Basic,0,College,1,1/31/2011,Unemployed,0,M,0,Single,0,32,14,0,1,Personal Auto,0,Personal L3,2,1,Branch,1,Medsize,1,0
XG44587,Arizona,7772.55,Yes,Basic,0,Master,3,1/31/2011,Employed,1,M,120146,Divorced,2,12,96,0,3,Personal Auto,0,Personal L3,2,2,Branch,1,Small,0,0
IX35050,Arizona,31852.82,Yes,Basic,0,Bachelor,2,1/31/2011,Employed,1,M,103083,Married,1,34,4,0,2,Special Auto,2,Special L3,8,3,Agent,2,Medsize,1,0
UN37063,Arizona,6109.24,No,Basic,0,Bachelor,2,1/31/2011,Medical Leave,2,M,13863,Single,0,16,7,0,3,Personal Auto,0,Personal L1,0,1,Agent,2,Medsize,1,0
MB69535,Washington,13037.73,Yes,Extended,1,High School or Below,0,1/31/2011,Unemployed,0,M,0,Married,1,46,82,0,9,Corporate Auto,1,Corporate L1,3,1,Agent,2,Medsize,1,0
AY84441,Oregon,5403.86,No,Basic,0,High School or Below,0,1/31/2011,Unemployed,0,M,0,Single,0,4,126,0,1,Personal Auto,0,Personal L2,1,3,Call Center,3,Medsize,1,1
DB71122,California,4746.37,No,Extended,1,Doctor,4,1/31/2011,Medical Leave,2,F,20444,Married,1,3,96,0,1,Personal Auto,0,Personal L2,1,3,Agent,2,Medsize,1,0
TZ47750,Nevada,11488.3,Yes,Basic,0,Master,3,1/31/2011,Disabled,4,M,35177,Divorced,2,4,85,0,2,Personal Auto,0,Personal L1,0,1,Call Center,3,Small,0,0
EK19337,Oregon,4104.34,No,Extended,1,High School or Below,0,1/31/2011,Unemployed,0,F,0,Single,0,41,59,0,1,Personal Auto,0,Personal L3,2,1,Agent,2,Small,0,1
AI61368,Nevada,23830.15,No,Extended,1,High School or Below,0,1/31/2011,Medical Leave,2,F,30389,Single,0,26,65,0,2,Personal Auto,0,Personal L3,2,1,Web,0,Small,0,0
GQ20713,Nevada,6526.86,Yes,Basic,0,College,1,1/31/2011,Employed,1,F,52263,Divorced,2,42,93,4,6,Personal Auto,0,Personal L3,2,2,Call Center,3,Medsize,1,0
BH23017,Nevada,25807.37,No,Basic,0,Bachelor,2,1/31/2011,Unemployed,0,F,0,Single,0,42,58,0,2,Personal Auto,0,Personal L3,2,1,Branch,1,Small,0,0
JR10216,California,3633.36,No,Basic,0,Bachelor,2,1/31/2011,Retired,3,F,29645,Married,1,0,93,0,1,Corporate Auto,1,Corporate L3,5,4,Web,0,Small,0,0
RW65101,California,24352.8,No,Basic,0,College,1,1/31/2011,Unemployed,0,F,0,Single,0,38,111,0,2,Personal Auto,0,Personal L3,2,3,Web,0,Medsize,1,0
SZ70655,California,5795.56,No,Basic,0,College,1,1/31/2011,Unemployed,0,F,0,Single,0,24,20,0,8,Corporate Auto,1,Corporate L3,5,1,Agent,2,Large,2,0
EU54076,Oregon,7059.04,No,Basic,0,Bachelor,2,1/31/2011,Employed,1,M,124837,Married,1,0,4,0,3,Corporate Auto,1,Corporate L3,5,2,Agent,2,Medsize,1,0
SP85148,California,12730,No,Basic,0,Master,3,1/31/2011,Employed,1,F,59145,Married,1,32,14,0,4,Personal Auto,0,Personal L3,2,1,Web,0,Small,0,0
QW10541,California,7181.78,No,Basic,0,High School or Below,0,1/31/2011,Employed,1,F,34714,Married,1,23,77,0,5,Personal Auto,0,Personal L3,2,2,Agent,2,Small,0,0
BP28492,Arizona,6526.86,Yes,Basic,0,College,1,1/31/2011,Employed,1,F,52263,Divorced,2,42,93,4,6,Corporate Auto,1,Corporate L3,5,2,Call Center,3,Medsize,1,0
EZ48947,Nevada,17700,No,Basic,0,College,1,1/31/2011,Employed,1,M,90716,Single,0,3,12,0,2,Special Auto,2,Special L2,7,1,Agent,2,Large,2,0
WS25565,California,11488.3,Yes,Basic,0,Master,3,1/31/2011,Disabled,4,M,35177,Divorced,2,4,85,0,2,Personal Auto,0,Personal L1,0,1,Call Center,3,Small,0,0
UR36912,California,3775.68,No,Basic,0,Bachelor,2,1/31/2011,Employed,1,M,104439,Married,1,19,34,0,1,Personal Auto,0,Personal L3,2,2,Agent,2,Medsize,1,0
SK46419,California,5498.35,No,Basic,0,High School or Below,0,1/31/2011,Employed,1,M,130198,Single,0,1,23,0,1,Personal Auto,0,Personal L3,2,4,Branch,1,Medsize,1,0
YQ73717,California,7021.69,No,Basic,0,High School or Below,0,1/31/2011,Unemployed,0,M,0,Married,1,1,107,0,4,Personal Auto,0,Personal L1,0,4,Agent,2,Medsize,1,0
AW48347,Washington,17582.58,Yes,Extended,1,Master,3,1/31/2011,Unemployed,0,M,0,Single,0,8,82,0,2,Personal Auto,0,Personal L3,2,1,Agent,2,Small,0,1
FP59138,Oregon,17582.58,Yes,Extended,1,Master,3,1/31/2011,Unemployed,0,M,0,Single,0,8,82,0,2,Personal Auto,0,Personal L3,2,1,Agent,2,Small,0,1
OW84864,California,8209.42,No,Extended,1,College,1,1/31/2011,Unemployed,0,F,0,Single,0,35,45,0,3,Personal Auto,0,Personal L3,2,2,Web,0,Medsize,1,0
LD20926,Arizona,25504.47,No,Extended,1,Bachelor,2,1/31/2011,Unemployed,0,F,0,Single,0,46,53,1,2,Personal Auto,0,Personal L2,1,1,Call Center,3,Large,2,0
MA80983,Oregon,8992.6,No,Premium,2,College,1,1/31/2011,Employed,1,M,75145,Married,1,26,85,0,1,Personal Auto,0,Personal L2,1,2,Branch,1,Large,2,0
MH85165,California,9136.54,No,Extended,1,High School or Below,0,1/31/2011,Employed,1,M,53528,Married,1,24,11,0,6,Personal Auto,0,Personal L1,0,2,Branch,1,Medsize,1,1
UW88168,Oregon,4094.3,No,Extended,1,Bachelor,2,1/31/2011,Employed,1,M,99606,Married,1,15,131,0,1,Special Auto,2,Special L3,8,2,Branch,1,Large,2,0
GA63091,California,13159.79,No,Extended,1,College,1,1/31/2011,Unemployed,0,M,0,Divorced,2,9,120,0,2,Personal Auto,0,Personal L3,2,1,Agent,2,Medsize,1,0
AS93181,Arizona,6083.88,No,Basic,0,Bachelor,2,1/31/2011,Disabled,4,F,20230,Married,1,16,61,0,1,Personal Auto,0,Personal L3,2,1,Call Center,3,Medsize,1,0
JD10245,California,5884.33,No,Basic,0,High School or Below,0,1/31/2011,Employed,1,M,116101,Divorced,2,5,36,1,1,Personal Auto,0,Personal L3,2,1,Agent,2,Medsize,1,0
BE55425,Oregon,8644.83,No,Extended,1,College,1,1/31/2011,Employed,1,M,37928,Married,1,24,3,0,8,Personal Auto,0,Personal L3,2,3,Web,0,Medsize,1,0
PU75847,Arizona,6702.3,No,Basic,0,College,1,1/31/2011,Employed,1,M,132909,Married,1,26,77,0,3,Personal Auto,0,Personal L3,2,4,Agent,2,Small,0,0
DO48071,California,3773.8,No,Basic,0,College,1,1/31/2011,Employed,1,F,54697,Married,1,28,42,0,1,Personal Auto,0,Personal L3,2,2,Web,0,Small,0,0
UO43395,Oregon,4927.11,No,Basic,0,Master,3,1/31/2011,Unemployed,0,M,0,Single,0,42,108,0,1,Personal Auto,0,Personal L3,2,1,Agent,2,Medsize,1,0
GH48715,Arizona,7592.07,No,Basic,0,High School or Below,0,1/31/2011,Employed,1,F,105181,Single,0,3,28,1,3,Corporate Auto,1,Corporate L3,5,3,Branch,1,Medsize,1,0
KK58047,Oregon,11588.2,No,Basic,0,College,1,1/31/2011,Employed,1,M,72824,Married,1,18,27,0,2,Personal Auto,0,Personal L3,2,2,Web,0,Medsize,1,0
MD17521,Oregon,13902.82,No,Extended,1,High School or Below,0,1/31/2011,Employed,1,M,87514,Married,1,1,105,0,4,Personal Auto,0,Personal L3,2,2,Web,0,Medsize,1,0
HZ25580,Washington,3234.86,No,Basic,0,High School or Below,0,1/31/2011,Employed,1,F,52734,Divorced,2,3,27,0,1,Corporate Auto,1,Corporate L3,5,2,Agent,2,Medsize,1,0
KZ84621,Nevada,11141.91,No,Basic,0,High School or Below,0,1/31/2011,Employed,1,F,84206,Married,1,47,96,1,3,Personal Auto,0,Personal L3,2,4,Web,0,Small,0,0
NT78297,Oregon,10148.46,No,Extended,1,Bachelor,2,1/31/2011,Employed,1,F,50888,Single,0,23,4,0,3,Personal Auto,0,Personal L2,1,1,Branch,1,Small,0,0
JG12505,Nevada,5486.65,No,Basic,0,Master,3,1/31/2011,Employed,1,F,35909,Married,1,32,112,0,1,Personal Auto,0,Personal L2,1,1,Web,0,Medsize,1,0
YZ67161,Oregon,17582.58,Yes,Extended,1,Master,3,1/31/2011,Unemployed,0,M,0,Single,0,8,82,0,2,Personal Auto,0,Personal L1,0,1,Agent,2,Small,0,1
LD71221,Oregon,5829.42,No,Basic,0,Bachelor,2,1/31/2011,Unemployed,0,F,0,Divorced,2,9,72,3,3,Personal Auto,0,Personal L3,2,2,Branch,1,Medsize,1,0
XC32316,Arizona,13037.73,Yes,Extended,1,High School or Below,0,1/31/2011,Unemployed,0,M,0,Married,1,46,82,0,9,Corporate Auto,1,Corporate L1,3,1,Agent,2,Medsize,1,0
OZ86942,California,7817.12,No,Basic,0,Bachelor,2,1/31/2011,Employed,1,F,70798,Married,1,0,63,1,4,Corporate Auto,1,Corporate L3,5,2,Agent,2,Medsize,1,0
FK54851,California,8519.04,No,Extended,1,High School or Below,0,1/31/2011,Employed,1,M,107838,Married,1,30,92,1,7,Personal Auto,0,Personal L3,2,2,Branch,1,Medsize,1,0
FD11364,Oregon,9138.15,No,Extended,1,Bachelor,2,1/31/2011,Employed,1,F,103951,Single,0,5,78,0,3,Special Auto,2,Special L3,8,2,Call Center,3,Medsize,1,0
DP13082,California,31852.82,Yes,Basic,0,Bachelor,2,1/31/2011,Employed,1,M,103083,Married,1,34,4,0,2,Personal Auto,0,Personal L3,2,3,Agent,2,Medsize,1,0
DX65548,Arizona,6526.86,Yes,Basic,0,College,1,1/31/2011,Employed,1,F,52263,Divorced,2,42,93,4,6,Personal Auto,0,Personal L1,0,2,Call Center,3,Medsize,1,0
QD28391,Washington,10024.89,No,Basic,0,College,1,1/31/2011,Employed,1,M,113808,Married,1,26,85,0,2,Personal Auto,0,Personal L2,1,2,Branch,1,Medsize,1,0
QA49556,Washington,7020.31,No,Basic,0,Master,3,1/31/2011,Employed,1,M,31591,Single,0,23,46,0,3,Personal Auto,0,Personal L2,1,4,Web,0,Medsize,1,0
BM27144,California,10331.93,No,Basic,0,College,1,1/31/2011,Employed,1,F,77552,Divorced,2,27,41,0,2,Personal Auto,0,Personal L3,2,1,Agent,2,Medsize,1,0
CM78608,California,7861.27,No,Basic,0,High School or Below,0,1/31/2011,Employed,1,F,119285,Divorced,2,1,66,0,9,Personal Auto,0,Personal L3,2,2,Call Center,3,Medsize,1,0
ZE62067,Arizona,11488.3,Yes,Basic,0,Master,3,1/31/2011,Disabled,4,M,35177,Divorced,2,4,85,0,2,Corporate Auto,1,Corporate L3,5,1,Call Center,3,Small,0,0
BU70181,Arizona,7772.55,Yes,Basic,0,Master,3,1/31/2011,Employed,1,M,120146,Divorced,2,12,96,0,3,Personal Auto,0,Personal L3,2,2,Branch,1,Small,0,0
QT46509,Oregon,9515.54,No,Extended,1,College,1,1/31/2011,Disabled,4,M,27562,Married,1,45,92,0,7,Personal Auto,0,Personal L3,2,3,Branch,1,Small,0,0
NS51605,Oregon,11488.3,Yes,Basic,0,Master,3,1/31/2011,Disabled,4,M,35177,Divorced,2,4,85,0,2,Personal Auto,0,Personal L2,1,1,Call Center,3,Small,0,0
IJ40048,California,6721.58,No,Basic,0,Bachelor,2,1/31/2011,Employed,1,M,38738,Single,0,23,117,0,4,Corporate Auto,1,Corporate L2,4,1,Branch,1,Medsize,1,0
VC70716,Arizona,13037.73,Yes,Extended,1,High School or Below,0,1/31/2011,Unemployed,0,M,0,Married,1,46,82,0,9,Corporate Auto,1,Corporate L3,5,1,Agent,2,Medsize,1,0
TZ71391,Oregon,11488.3,Yes,Basic,0,Master,3,1/31/2011,Disabled,4,M,35177,Divorced,2,4,85,0,2,Personal Auto,0,Personal L1,0,1,Call Center,3,Small,0,0
DR88293,Arizona,11446.41,No,Extended,1,Bachelor,2,1/31/2011,Unemployed,0,M,0,Married,1,34,65,0,2,Personal Auto,0,Personal L1,0,1,Branch,1,Medsize,1,0
GQ15708,Oregon,19579.08,No,Basic,0,Bachelor,2,1/31/2011,Medical Leave,2,M,40217,Married,1,34,66,0,3,Personal Auto,0,Personal L2,1,1,Agent,2,Medsize,1,1
YO29244,Oregon,10793.8,No,Basic,0,Bachelor,2,1/31/2011,Employed,1,F,34073,Divorced,2,41,80,0,7,Personal Auto,0,Personal L3,2,3,Branch,1,Medsize,1,0
ZD29731,California,6286.5,No,Basic,0,College,1,1/31/2011,Employed,1,M,39245,Married,1,11,134,2,3,Personal Auto,0,Personal L2,1,3,Call Center,3,Small,0,0
QR88427,Nevada,5890.32,No,Basic,0,Bachelor,2,1/31/2011,Unemployed,0,F,0,Single,0,18,66,0,7,Personal Auto,0,Personal L3,2,1,Agent,2,Small,0,0
CP38401,Oregon,11477.23,No,Extended,1,High School or Below,0,1/31/2011,Unemployed,0,M,0,Single,0,27,132,3,6,Personal Auto,0,Personal L2,1,1,Web,0,Medsize,1,1
NI78185,California,3231.79,Yes,Basic,0,College,1,1/31/2011,Unemployed,0,M,0,Single,0,32,14,0,1,Personal Auto,0,Personal L2,1,1,Branch,1,Medsize,1,0
HL35876,Washington,3231.79,Yes,Basic,0,College,1,1/31/2011,Unemployed,0,M,0,Single,0,32,14,0,1,Personal Auto,0,Personal L2,1,1,Branch,1,Medsize,1,0
ZU50513,California,12089.03,No,Basic,0,Bachelor,2,1/31/2011,Employed,1,F,131944,Married,1,26,30,0,2,Personal Auto,0,Personal L2,1,4,Agent,2,Medsize,1,0
EB12732,Oregon,3844.75,No,Basic,0,High School or Below,0,1/31/2011,Employed,1,F,130082,Married,1,5,93,1,1,Personal Auto,0,Personal L3,2,2,Branch,1,Medsize,1,0
TY95197,Washington,5578.99,No,Basic,0,College,1,1/31/2011,Unemployed,0,F,0,Single,0,5,74,1,3,Personal Auto,0,Personal L3,2,1,Agent,2,Medsize,1,0
WL13766,Arizona,3350.96,No,Basic,0,High School or Below,0,1/31/2011,Employed,1,M,41976,Single,0,1,30,0,1,Personal Auto,0,Personal L3,2,3,Branch,1,Medsize,1,0
VB26229,Arizona,11742.14,No,Basic,0,Bachelor,2,1/31/2011,Employed,1,M,39879,Divorced,2,4,31,0,2,Personal Auto,0,Personal L3,2,2,Branch,1,Medsize,1,0
ML79788,Arizona,10676.7,No,Extended,1,College,1,1/31/2011,Employed,1,F,58901,Divorced,2,45,41,0,3,Corporate Auto,1,Corporate L1,3,3,Branch,1,Medsize,1,0
KZ67768,Nevada,6573.96,No,Extended,1,College,1,1/31/2011,Medical Leave,2,M,32145,Divorced,2,27,11,0,1,Personal Auto,0,Personal L3,2,1,Web,0,Large,2,0
IS30186,California,8351.77,No,Extended,1,College,1,1/31/2011,Employed,1,F,119306,Divorced,2,31,15,0,3,Personal Auto,0,Personal L2,1,2,Agent,2,Medsize,1,0
ZF48094,Oregon,4508.8,No,Extended,1,High School or Below,0,1/31/2011,Employed,1,F,68893,Married,1,7,76,0,1,Personal Auto,0,Personal L1,0,4,Web,0,Medsize,1,0
ZE40223,Oregon,9895.35,No,Basic,0,College,1,1/31/2011,Unemployed,0,M,0,Single,0,35,127,0,4,Personal Auto,0,Personal L1,0,1,Branch,1,Small,0,0
CW92156,Washington,5494.56,No,Basic,0,College,1,1/31/2011,Employed,1,F,50537,Single,0,4,30,0,1,Personal Auto,0,Personal L3,2,3,Branch,1,Medsize,1,0
ED89934,California,6511.8,No,Extended,1,College,1,1/31/2011,Employed,1,F,79577,Married,1,7,117,0,1,Personal Auto,0,Personal L3,2,1,Agent,2,Medsize,1,0
UQ34669,Arizona,7772.55,Yes,Basic,0,Master,3,1/31/2011,Employed,1,M,120146,Divorced,2,12,96,0,3,Personal Auto,0,Personal L3,2,2,Branch,1,Small,0,0
FP86246,California,17834.86,No,Premium,2,Bachelor,2,1/31/2011,Employed,1,M,100786,Divorced,2,0,8,0,2,Personal Auto,0,Personal L2,1,3,Call Center,3,Medsize,1,0
SZ64974,Arizona,6890.88,No,Basic,0,Doctor,4,1/31/2011,Employed,1,M,103984,Single,0,24,59,2,3,Personal Auto,0,Personal L1,0,1,Agent,2,Medsize,1,0
HI16116,Oregon,7126.17,No,Basic,0,Master,3,1/31/2011,Employed,1,F,40364,Married,1,28,42,0,3,Personal Auto,0,Personal L3,2,2,Agent,2,Small,0,0
PS57128,California,5176.89,No,Extended,1,Bachelor,2,1/31/2011,Employed,1,F,55810,Single,0,5,86,0,1,Personal Auto,0,Personal L2,1,3,Agent,2,Medsize,1,0
FH39423,Oregon,7478.12,No,Basic,0,Master,3,1/31/2011,Employed,1,F,108981,Married,1,20,58,0,4,Personal Auto,0,Personal L2,1,2,Call Center,3,Medsize,1,0
RO43614,Washington,2873.64,No,Basic,0,Bachelor,2,1/31/2011,Unemployed,0,F,0,Single,0,26,73,2,1,Personal Auto,0,Personal L1,0,1,Agent,2,Medsize,1,0
OS75351,Oregon,3231.79,Yes,Basic,0,College,1,1/31/2011,Unemployed,0,M,0,Single,0,32,14,0,1,Personal Auto,0,Personal L1,0,1,Branch,1,Medsize,1,0
IE85867,Arizona,56413.67,Yes,Premium,2,High School or Below,0,1/31/2011,Employed,1,F,62892,Divorced,2,46,100,2,2,Personal Auto,0,Personal L3,2,1,Call Center,3,Medsize,1,0
XK52242,California,13230.45,No,Extended,1,Bachelor,2,1/31/2011,Employed,1,M,43531,Married,1,5,78,0,8,Personal Auto,0,Personal L2,1,2,Agent,2,Medsize,1,0
AR25213,Arizona,9832.01,No,Basic,0,High School or Below,0,1/31/2011,Employed,1,M,55158,Married,1,14,84,0,1,Personal Auto,0,Personal L3,2,3,Agent,2,Large,2,1
PY64219,California,17582.58,Yes,Extended,1,Master,3,1/31/2011,Unemployed,0,M,0,Single,0,8,82,0,2,Personal Auto,0,Personal L2,1,1,Agent,2,Small,0,1
NI46290,Oregon,6562.23,No,Basic,0,College,1,1/31/2011,Employed,1,F,53229,Divorced,2,16,8,0,9,Corporate Auto,1,Corporate L3,5,1,Call Center,3,Medsize,1,0
JB29250,Oregon,10224,No,Extended,1,High School or Below,0,1/31/2011,Employed,1,F,118280,Married,1,47,85,0,3,Personal Auto,0,Personal L2,1,3,Branch,1,Medsize,1,0
IF58637,California,3450.4,No,Basic,0,High School or Below,0,1/31/2011,Employed,1,F,30889,Single,0,27,14,0,1,Personal Auto,0,Personal L2,1,2,Call Center,3,Medsize,1,0
CN19138,Arizona,3044.16,No,Basic,0,Bachelor,2,1/31/2011,Unemployed,0,F,0,Single,0,0,69,0,1,Corporate Auto,1,Corporate L3,5,3,Agent,2,Large,2,0
JF25129,California,11488.3,Yes,Basic,0,Master,3,1/31/2011,Disabled,4,M,35177,Divorced,2,4,85,0,2,Personal Auto,0,Personal L2,1,1,Call Center,3,Small,0,0
ZM75468,Nevada,14507.07,No,Extended,1,College,1,1/31/2011,Employed,1,M,52832,Divorced,2,11,76,0,2,Personal Auto,0,Personal L1,0,1,Agent,2,Small,0,0
IH35630,Oregon,56413.67,Yes,Premium,2,High School or Below,0,1/31/2011,Employed,1,F,62892,Divorced,2,46,100,2,2,Personal Auto,0,Personal L3,2,1,Call Center,3,Medsize,1,0
GI25850,Arizona,23065.31,No,Basic,0,High School or Below,0,1/31/2011,Employed,1,F,27072,Married,1,3,32,1,2,Personal Auto,0,Personal L3,2,3,Call Center,3,Medsize,1,0
ZK11389,Oregon,31852.82,Yes,Basic,0,Bachelor,2,1/31/2011,Employed,1,M,103083,Married,1,34,4,0,2,Corporate Auto,1,Corporate L1,3,3,Agent,2,Medsize,1,0
CE10235,California,4603.06,No,Extended,1,Bachelor,2,1/31/2011,Employed,1,F,114781,Married,1,5,93,0,1,Personal Auto,0,Personal L1,0,2,Agent,2,Medsize,1,0
QA66968,California,9120.68,No,Extended,1,Bachelor,2,1/31/2011,Employed,1,F,63287,Married,1,4,84,2,3,Personal Auto,0,Personal L3,2,1,Agent,2,Medsize,1,0
VB69838,Oregon,56413.67,Yes,Premium,2,High School or Below,0,1/31/2011,Employed,1,F,62892,Divorced,2,46,100,2,2,Personal Auto,0,Personal L3,2,1,Call Center,3,Medsize,1,0
VV49688,Oregon,6154.1,No,Basic,0,High School or Below,0,1/31/2011,Unemployed,0,M,0,Single,0,18,28,0,8,Corporate Auto,1,Corporate L2,4,2,Call Center,3,Medsize,1,0
KM63956,California,17582.58,Yes,Extended,1,Master,3,1/31/2011,Unemployed,0,M,0,Single,0,8,82,0,2,Corporate Auto,1,Corporate L2,4,1,Agent,2,Small,0,1
VW11431,California,4012.09,No,Extended,1,Bachelor,2,1/31/2011,Employed,1,F,113229,Single,0,7,49,1,1,Personal Auto,0,Personal L2,1,3,Branch,1,Medsize,1,0
MS46793,Oregon,3231.79,Yes,Basic,0,College,1,1/31/2011,Unemployed,0,M,0,Single,0,32,14,0,1,Personal Auto,0,Personal L3,2,1,Branch,1,Medsize,1,0
ZI47098,California,56413.67,Yes,Premium,2,High School or Below,0,1/31/2011,Employed,1,F,62892,Divorced,2,46,100,2,2,Personal Auto,0,Personal L3,2,1,Call Center,3,Medsize,1,0
JO75190,Nevada,11709.34,No,Basic,0,Bachelor,2,1/31/2011,Employed,1,M,59350,Married,1,34,80,0,7,Corporate Auto,1,Corporate L3,5,3,Agent,2,Medsize,1,0
NE70831,California,3689.08,No,Basic,0,High School or Below,0,1/31/2011,Employed,1,F,116978,Single,0,9,86,2,1,Personal Auto,0,Personal L1,0,1,Web,0,Medsize,1,0
WT86597,Oregon,17582.58,Yes,Extended,1,Master,3,1/31/2011,Unemployed,0,M,0,Single,0,8,82,0,2,Personal Auto,0,Personal L3,2,1,Agent,2,Small,0,1
FK94501,Nevada,10589.74,No,Basic,0,Bachelor,2,1/31/2011,Unemployed,0,F,0,Married,1,27,62,0,3,Personal Auto,0,Personal L2,1,1,Web,0,Large,2,0
No19664,California,7677.1,No,Basic,0,High School or Below,0,1/31/2011,Employed,1,F,35652,Married,1,41,95,0,5,Personal Auto,0,Personal L3,2,2,Branch,1,Large,2,0
LX72964,Arizona,15202.22,No,Extended,1,High School or Below,0,1/31/2011,Employed,1,F,119210,Single,0,3,23,0,2,Personal Auto,0,Personal L3,2,2,Branch,1,Large,2,0
IK51081,California,6526.86,Yes,Basic,0,College,1,1/31/2011,Employed,1,F,52263,Divorced,2,42,93,4,6,Personal Auto,0,Personal L3,2,2,Call Center,3,Medsize,1,0
TR39403,California,4970.67,No,Extended,1,Master,3,1/31/2011,Employed,1,F,105234,Married,1,38,62,3,1,Corporate Auto,1,Corporate L2,4,4,Branch,1,Medsize,1,0
XY80192,Oregon,18871.77,No,Premium,2,High School or Below,0,1/31/2011,Employed,1,M,45383,Married,1,8,16,0,2,Personal Auto,0,Personal L3,2,1,Agent,2,Medsize,1,1
WM36886,California,7772.55,Yes,Basic,0,Master,3,1/31/2011,Employed,1,M,120146,Divorced,2,12,96,0,3,Corporate Auto,1,Corporate L2,4,2,Branch,1,Small,0,0
VU30980,California,13037.73,Yes,Extended,1,High School or Below,0,1/31/2011,Unemployed,0,M,0,Married,1,46,82,0,9,Personal Auto,0,Personal L2,1,1,Agent,2,Medsize,1,0
GE58317,Arizona,6526.86,Yes,Basic,0,College,1,1/31/2011,Employed,1,F,52263,Divorced,2,42,93,4,6,Personal Auto,0,Personal L3,2,2,Call Center,3,Medsize,1,0
OB32671,Oregon,51218.31,No,Basic,0,High School or Below,0,1/31/2011,Employed,1,F,27792,Married,1,19,28,0,2,Personal Auto,0,Personal L3,2,3,Agent,2,Small,0,0
OI39918,California,4648.46,No,Extended,1,Bachelor,2,1/31/2011,Medical Leave,2,M,21881,Married,1,30,27,0,1,Personal Auto,0,Personal L3,2,2,Call Center,3,Large,2,0
EO51920,Oregon,26939.6,No,Extended,1,High School or Below,0,1/31/2011,Employed,1,F,93280,Married,1,32,43,0,2,Corporate Auto,1,Corporate L3,5,1,Agent,2,Medsize,1,0
CY12922,Arizona,3383.59,No,Basic,0,College,1,1/31/2011,Unemployed,0,M,0,Single,0,11,26,0,1,Personal Auto,0,Personal L2,1,2,Web,0,Small,0,0
VG58889,California,6805.05,No,Basic,0,Bachelor,2,1/31/2011,Disabled,4,F,30173,Married,1,12,4,0,5,Corporate Auto,1,Corporate L3,5,1,Agent,2,Large,2,0
BT78461,California,15239.03,No,Basic,0,College,1,1/31/2011,Employed,1,F,130139,Married,1,1,38,0,2,Personal Auto,0,Personal L1,0,2,Agent,2,Medsize,1,0
FZ89300,California,4959.26,No,Extended,1,Bachelor,2,1/31/2011,Employed,1,F,93899,Single,0,22,80,0,1,Personal Auto,0,Personal L2,1,1,Agent,2,Medsize,1,0
LD76400,California,42277.43,No,Extended,1,Bachelor,2,1/31/2011,Employed,1,F,57405,Married,1,4,115,0,2,Corporate Auto,1,Corporate L1,3,3,Agent,2,Medsize,1,1
MN83273,California,56413.67,Yes,Premium,2,High School or Below,0,1/31/2011,Employed,1,F,62892,Divorced,2,46,100,2,2,Personal Auto,0,Personal L3,2,1,Call Center,3,Medsize,1,0
XR74007,California,4779.28,No,Extended,1,Bachelor,2,1/31/2011,Employed,1,F,84865,Married,1,24,70,0,1,Corporate Auto,1,Corporate L1,3,3,Agent,2,Medsize,1,0
VD69291,California,3648.63,No,Basic,0,College,1,1/31/2011,Disabled,4,M,30260,Married,1,0,107,0,1,Personal Auto,0,Personal L1,0,3,Branch,1,Large,2,0
RX91025,California,26827.55,No,Premium,2,High School or Below,0,1/31/2011,Unemployed,0,M,0,Single,0,35,47,0,2,Personal Auto,0,Personal L3,2,1,Agent,2,Small,0,1
SJ95423,Arizona,11905.68,Yes,Basic,0,High School or Below,0,10/1/2024,Employed,1,M,134791,Married,1,31,34,1,8,Corporate Auto,1,Corporate L3,5,2,Branch,1,Medsize,1,0
DP45816,Arizona,15712.2,No,Extended,1,High School or Below,0,10/1/2024,Employed,1,F,83006,Married,1,7,88,0,2,Personal Auto,0,Personal L3,2,4,Branch,1,Small,0,0
IC13702,California,9407.26,No,Basic,0,Bachelor,2,10/1/2024,Unemployed,0,F,0,Single,0,45,82,1,2,Personal Auto,0,Personal L3,2,1,Agent,2,Small,0,0
JT52858,Oregon,12187.62,No,Premium,2,Bachelor,2,10/1/2024,Employed,1,F,133653,Married,1,45,101,1,8,Personal Auto,0,Personal L1,0,3,Branch,1,Medsize,1,0
CE56187,Oregon,5890.22,No,Basic,0,Master,3,10/1/2024,Employed,1,F,73594,Divorced,2,7,49,3,1,Personal Auto,0,Personal L2,1,2,Branch,1,Medsize,1,0
CM88932,Oregon,4799.04,Yes,Extended,1,Master,3,10/1/2024,Employed,1,F,79052,Married,1,5,112,0,1,Corporate Auto,1,Corporate L2,4,1,Branch,1,Large,2,0
NM88660,Nevada,4840.94,No,Extended,1,Master,3,10/1/2024,Employed,1,M,66258,Single,0,19,92,0,1,Corporate Auto,1,Corporate L2,4,1,Agent,2,Small,0,0
IO33050,Oregon,6911.21,No,Basic,0,High School or Below,0,10/1/2024,Employed,1,F,54228,Divorced,2,1,63,1,3,Personal Auto,0,Personal L3,2,1,Call Center,3,Medsize,1,0
FV19421,California,10504.35,No,Basic,0,Bachelor,2,10/1/2024,Unemployed,0,M,0,Married,1,0,70,0,2,Personal Auto,0,Personal L1,0,1,Branch,1,Medsize,1,0
KH59823,California,7410.44,No,Extended,1,College,1,10/1/2024,Employed,1,M,68773,Divorced,2,24,19,0,1,Special Auto,2,Special L2,7,1,Branch,1,Medsize,1,0
DR38127,California,11574.18,No,Premium,2,College,1,10/1/2024,Employed,1,M,63049,Single,0,0,65,0,6,Personal Auto,0,Personal L3,2,1,Branch,1,Small,0,0
BE62503,Washington,12428.91,No,Extended,1,College,1,10/1/2024,Retired,3,F,33195,Married,1,45,53,0,2,Personal Auto,0,Personal L3,2,1,Branch,1,Medsize,1,0
UU98729,California,7232.21,No,Basic,0,Bachelor,2,10/1/2024,Unemployed,0,M,0,Married,1,19,100,0,8,Personal Auto,0,Personal L3,2,1,Call Center,3,Large,2,0
MR57294,California,7613.92,Yes,Basic,0,High School or Below,0,10/1/2024,Employed,1,M,98777,Married,1,28,68,0,3,Personal Auto,0,Personal L3,2,2,Agent,2,Medsize,1,0
OA96690,Oregon,10019.15,No,Extended,1,High School or Below,0,10/1/2024,Employed,1,F,63998,Married,1,3,130,1,6,Personal Auto,0,Personal L3,2,1,Agent,2,Medsize,1,0
VM84548,Washington,11905.68,Yes,Basic,0,High School or Below,0,10/1/2024,Employed,1,M,134791,Married,1,31,34,1,8,Personal Auto,0,Personal L2,1,2,Branch,1,Medsize,1,0
OH15771,California,5365.09,No,Basic,0,Bachelor,2,10/1/2024,Unemployed,0,M,0,Single,0,12,105,0,1,Personal Auto,0,Personal L3,2,2,Agent,2,Medsize,1,0
BI34376,California,10637.9,No,Extended,1,Doctor,4,10/1/2024,Employed,1,F,61699,Married,1,23,49,0,9,Personal Auto,0,Personal L1,0,4,Agent,2,Small,0,0
KT40899,California,12625.85,No,Extended,1,High School or Below,0,10/1/2024,Employed,1,M,101839,Married,1,14,27,0,2,Personal Auto,0,Personal L2,1,2,Agent,2,Medsize,1,0
OI29521,Oregon,14025.13,No,Extended,1,College,1,10/1/2024,Employed,1,F,45133,Single,0,38,58,0,2,Corporate Auto,1,Corporate L3,5,1,Agent,2,Medsize,1,0
ET79528,California,4210.62,No,Extended,1,College,1,10/1/2024,Employed,1,M,31061,Married,1,39,66,1,1,Personal Auto,0,Personal L1,0,2,Call Center,3,Medsize,1,0
RO85831,Oregon,10167.79,No,Basic,0,High School or Below,0,10/1/2024,Employed,1,M,110912,Single,0,7,45,0,1,Corporate Auto,1,Corporate L3,5,4,Agent,2,Medsize,1,1
JC45487,Washington,7613.92,Yes,Basic,0,High School or Below,0,10/1/2024,Employed,1,M,98777,Married,1,28,68,0,3,Personal Auto,0,Personal L2,1,2,Agent,2,Medsize,1,0
TY43440,California,11905.68,Yes,Basic,0,High School or Below,0,10/1/2024,Employed,1,M,134791,Married,1,31,34,1,8,Personal Auto,0,Personal L3,2,2,Branch,1,Medsize,1,0
DA35744,Oregon,22675.05,No,Basic,0,Doctor,4,10/1/2024,Employed,1,M,90148,Single,0,15,61,0,2,Corporate Auto,1,Corporate L3,5,4,Agent,2,Small,0,0
YD87931,Washington,6684.74,No,Basic,0,Doctor,4,10/1/2024,Employed,1,M,63310,Married,1,12,45,1,4,Personal Auto,0,Personal L3,2,2,Agent,2,Medsize,1,0
HN38084,Nevada,15893.27,No,Basic,0,High School or Below,0,10/1/2024,Employed,1,M,68861,Married,1,7,128,0,2,Corporate Auto,1,Corporate L1,3,3,Branch,1,Small,0,0
GK92563,Washington,9205.96,No,Extended,1,Doctor,4,10/1/2024,Employed,1,F,30364,Divorced,2,46,119,0,7,Personal Auto,0,Personal L2,1,2,Agent,2,Medsize,1,0
FT86104,California,6277.59,Yes,Basic,0,College,1,10/1/2024,Retired,3,M,38090,Single,0,20,35,0,3,Corporate Auto,1,Corporate L2,4,1,Agent,2,Medsize,1,0
JR82641,Arizona,14421.73,No,Extended,1,Master,3,10/1/2024,Employed,1,M,71503,Married,1,8,104,3,4,Personal Auto,0,Personal L3,2,4,Agent,2,Medsize,1,0
OA92714,California,6825.47,No,Basic,0,Bachelor,2,10/1/2024,Employed,1,F,120135,Married,1,26,38,1,3,Personal Auto,0,Personal L3,2,3,Call Center,3,Small,0,0
MP96373,Washington,7721.71,No,Basic,0,Master,3,10/1/2024,Employed,1,M,73690,Married,1,45,53,1,3,Personal Auto,0,Personal L2,1,3,Call Center,3,Small,0,0
IS21172,Oregon,6381.27,Yes,Extended,1,Bachelor,2,10/1/2024,Medical Leave,2,F,17600,Married,1,38,66,0,1,Personal Auto,0,Personal L1,0,2,Agent,2,Small,0,1
EZ75048,California,4167.79,No,Extended,1,Doctor,4,10/1/2024,Employed,1,M,55719,Married,1,22,26,0,1,Personal Auto,0,Personal L3,2,2,Call Center,3,Medsize,1,0
MI99404,California,6277.59,Yes,Basic,0,College,1,10/1/2024,Retired,3,M,38090,Single,0,20,35,0,3,Personal Auto,0,Personal L3,2,1,Agent,2,Medsize,1,0
DT52189,California,8541.02,No,Extended,1,High School or Below,0,10/1/2024,Unemployed,0,F,0,Divorced,2,3,55,0,3,Personal Auto,0,Personal L2,1,3,Call Center,3,Medsize,1,0
HY25004,Arizona,6141.26,No,Basic,0,High School or Below,0,10/1/2024,Unemployed,0,F,0,Married,1,16,72,0,3,Personal Auto,0,Personal L3,2,2,Call Center,3,Medsize,1,0
ZZ89380,Oregon,4315.38,No,Extended,1,Bachelor,2,10/1/2024,Employed,1,F,84800,Married,1,19,113,0,1,Special Auto,2,Special L1,6,2,Call Center,3,Large,2,0
JC96695,California,12418.22,No,Basic,0,Doctor,4,10/1/2024,Employed,1,M,42609,Married,1,19,8,0,3,Personal Auto,0,Personal L2,1,1,Call Center,3,Medsize,1,0
US89453,California,12179.81,No,Extended,1,College,1,10/1/2024,Unemployed,0,M,0,Single,0,9,134,0,3,Personal Auto,0,Personal L3,2,1,Branch,1,Large,2,1
DE91458,Washington,3920.06,No,Extended,1,Master,3,10/1/2024,Unemployed,0,F,0,Married,1,20,120,0,1,Personal Auto,0,Personal L3,2,2,Web,0,Medsize,1,0
LR37068,Oregon,14891.39,No,Extended,1,College,1,10/1/2024,Employed,1,F,48294,Married,1,34,120,0,2,Personal Auto,0,Personal L3,2,1,Web,0,Small,0,0
HR85493,California,9309.72,No,Basic,0,College,1,10/1/2024,Unemployed,0,M,0,Single,0,14,72,0,2,Personal Auto,0,Personal L3,2,3,Agent,2,Medsize,1,0
JZ15681,California,4893.62,No,Extended,1,High School or Below,0,10/1/2024,Employed,1,M,51088,Divorced,2,3,23,0,1,Personal Auto,0,Personal L3,2,3,Agent,2,Medsize,1,0
CN13435,California,7416.49,No,Basic,0,College,1,10/1/2024,Employed,1,F,59898,Married,1,18,30,0,8,Personal Auto,0,Personal L3,2,4,Call Center,3,Medsize,1,0
BA38428,Arizona,7613.92,Yes,Basic,0,High School or Below,0,10/1/2024,Employed,1,M,98777,Married,1,28,68,0,3,Corporate Auto,1,Corporate L3,5,2,Agent,2,Medsize,1,0
UQ67668,Nevada,7613.92,Yes,Basic,0,High School or Below,0,10/1/2024,Employed,1,M,98777,Married,1,28,68,0,3,Personal Auto,0,Personal L3,2,2,Agent,2,Medsize,1,0
DP63956,Arizona,9168.14,No,Basic,0,Bachelor,2,10/1/2024,Unemployed,0,F,0,Single,0,26,15,1,8,Corporate Auto,1,Corporate L2,4,1,Agent,2,Large,2,0
TG40558,Oregon,9799.64,No,Basic,0,High School or Below,0,10/1/2024,Employed,1,M,82308,Married,1,12,7,0,2,Corporate Auto,1,Corporate L3,5,2,Web,0,Medsize,1,0
TZ51184,Arizona,13201.63,No,Extended,1,College,1,10/1/2024,Unemployed,0,M,0,Single,0,9,20,0,3,Corporate Auto,1,Corporate L3,5,1,Agent,2,Medsize,1,1
PU11172,Oregon,4778.96,No,Extended,1,High School or Below,0,10/1/2024,Unemployed,0,F,0,Single,0,18,117,0,1,Personal Auto,0,Personal L3,2,1,Web,0,Medsize,1,1
EX89625,Arizona,7551.14,No,Basic,0,Bachelor,2,10/1/2024,Employed,1,F,130148,Married,1,22,86,0,8,Personal Auto,0,Personal L1,0,2,Web,0,Medsize,1,0
LP34743,Oregon,6381.27,Yes,Extended,1,Bachelor,2,10/1/2024,Medical Leave,2,F,17600,Married,1,38,66,0,1,Personal Auto,0,Personal L3,2,2,Agent,2,Small,0,1
CO23919,Oregon,41470.4,No,Basic,0,Bachelor,2,10/1/2024,Employed,1,F,122319,Single,0,1,65,0,2,Special Auto,2,Special L2,7,2,Agent,2,Medsize,1,0
DD89544,Arizona,25251.55,No,Extended,1,Bachelor,2,10/1/2024,Employed,1,M,87654,Married,1,18,15,3,8,Corporate Auto,1,Corporate L1,3,1,Agent,2,Medsize,1,1
XZ34917,Washington,7619.13,No,Basic,0,Bachelor,2,10/1/2024,Employed,1,M,55408,Married,1,30,81,0,3,Personal Auto,0,Personal L3,2,2,Call Center,3,Small,0,0
HH49391,Oregon,12710.17,No,Extended,1,High School or Below,0,10/1/2024,Retired,3,M,21250,Divorced,2,19,5,0,4,Special Auto,2,Special L1,6,3,Web,0,Medsize,1,0
OB21477,Oregon,14549.72,No,Extended,1,College,1,10/1/2024,Employed,1,M,72140,Married,1,3,117,0,2,Personal Auto,0,Personal L1,0,3,Branch,1,Medsize,1,0
OW15518,Washington,21532.53,No,Extended,1,College,1,10/1/2024,Unemployed,0,F,0,Married,1,14,74,1,2,Personal Auto,0,Personal L2,1,2,Web,0,Medsize,1,0
BR28896,Nevada,4288.08,No,Extended,1,High School or Below,0,10/1/2024,Employed,1,M,87353,Single,0,7,4,0,1,Personal Auto,0,Personal L3,2,2,Web,0,Large,2,0
ZY77695,Arizona,3285.78,No,Basic,0,Bachelor,2,10/1/2024,Unemployed,0,M,0,Single,0,38,39,0,1,Personal Auto,0,Personal L3,2,1,Agent,2,Medsize,1,0
VF96109,Oregon,11905.68,Yes,Basic,0,High School or Below,0,10/1/2024,Employed,1,M,134791,Married,1,31,34,1,8,Personal Auto,0,Personal L3,2,2,Branch,1,Medsize,1,0
LE12782,Arizona,6030.42,No,Basic,0,College,1,10/1/2024,Employed,1,M,38695,Married,1,20,11,4,7,Personal Auto,0,Personal L2,1,4,Agent,2,Medsize,1,0
YR45605,Oregon,3258.75,No,Basic,0,Bachelor,2,10/1/2024,Unemployed,0,F,0,Single,0,8,47,0,1,Personal Auto,0,Personal L2,1,3,Web,0,Medsize,1,0
XI31845,Oregon,21610.73,No,Extended,1,High School or Below,0,10/1/2024,Employed,1,F,61158,Divorced,2,5,46,0,2,Personal Auto,0,Personal L1,0,3,Branch,1,Small,0,0
XH47320,Nevada,3965.52,No,Basic,0,Master,3,10/1/2024,Employed,1,F,112313,Single,0,24,49,1,1,Personal Auto,0,Personal L1,0,1,Call Center,3,Medsize,1,0
PU88199,Oregon,11905.68,Yes,Basic,0,High School or Below,0,10/1/2024,Employed,1,M,134791,Married,1,31,34,1,8,Corporate Auto,1,Corporate L2,4,2,Branch,1,Medsize,1,0
EL42453,Washington,3401.42,No,Basic,0,Bachelor,2,10/1/2024,Employed,1,M,55852,Married,1,28,43,0,1,Personal Auto,0,Personal L2,1,2,Branch,1,Small,0,0
MB75636,Oregon,3293.91,No,Basic,0,College,1,10/1/2024,Employed,1,F,68683,Married,1,18,81,0,1,Personal Auto,0,Personal L2,1,1,Agent,2,Medsize,1,0
EY27917,Oregon,11519.54,No,Basic,0,Master,3,10/1/2024,Employed,1,M,40624,Married,1,45,122,0,9,Personal Auto,0,Personal L1,0,2,Call Center,3,Large,2,0
BT20606,Arizona,7880.66,No,Basic,0,Doctor,4,10/1/2024,Employed,1,M,112466,Married,1,4,109,1,7,Personal Auto,0,Personal L2,1,3,Agent,2,Medsize,1,0
LI45265,Oregon,11568.72,No,Basic,0,Bachelor,2,10/1/2024,Employed,1,F,134734,Married,1,1,90,0,2,Personal Auto,0,Personal L2,1,2,Call Center,3,Small,0,0
FV54537,California,18555.81,No,Basic,0,College,1,10/1/2024,Employed,1,M,55094,Married,1,11,19,0,2,Personal Auto,0,Personal L2,1,1,Branch,1,Medsize,1,1
NV94455,Arizona,9262.73,No,Basic,0,College,1,10/1/2024,Unemployed,0,F,0,Single,0,15,28,3,2,Personal Auto,0,Personal L3,2,4,Call Center,3,Medsize,1,0
YQ79307,Washington,6438.09,No,Basic,0,Bachelor,2,10/1/2024,Employed,1,M,69044,Married,1,38,43,1,9,Personal Auto,0,Personal L3,2,1,Agent,2,Medsize,1,0
UX91266,California,4703.59,No,Extended,1,Bachelor,2,10/1/2024,Employed,1,M,46314,Divorced,2,45,84,2,1,Personal Auto,0,Personal L3,2,1,Call Center,3,Medsize,1,0
ZY60545,California,25567.02,No,Basic,0,College,1,10/1/2024,Employed,1,F,123572,Married,1,47,18,1,2,Personal Auto,0,Personal L3,2,1,Agent,2,Large,2,0
VH41477,Oregon,6401.84,No,Premium,2,High School or Below,0,10/1/2024,Employed,1,M,86253,Married,1,18,18,0,1,Corporate Auto,1,Corporate L3,5,4,Agent,2,Medsize,1,0
NI71089,California,6277.59,Yes,Basic,0,College,1,10/1/2024,Retired,3,M,38090,Single,0,20,35,0,3,Personal Auto,0,Personal L3,2,1,Agent,2,Medsize,1,0
WU63862,Oregon,7317.49,No,Basic,0,College,1,10/1/2024,Employed,1,M,42679,Single,0,35,93,0,4,Personal Auto,0,Personal L3,2,2,Branch,1,Medsize,1,0
SB64064,Nevada,3234.9,Yes,Basic,0,Bachelor,2,10/1/2024,Unemployed,0,F,0,Married,1,8,96,2,1,Personal Auto,0,Personal L3,2,2,Call Center,3,Large,2,0
AN21193,Washington,9360,No,Basic,0,Bachelor,2,10/1/2024,Unemployed,0,F,0,Single,0,26,89,1,2,Personal Auto,0,Personal L3,2,2,Agent,2,Medsize,1,0
YG92601,California,4467.49,No,Extended,1,College,1,10/1/2024,Employed,1,M,115603,Married,1,31,5,0,1,Personal Auto,0,Personal L3,2,2,Call Center,3,Medsize,1,0
HM33037,Arizona,10272.27,No,Basic,0,Bachelor,2,10/1/2024,Disabled,4,M,21915,Married,1,23,92,0,1,Personal Auto,0,Personal L1,0,4,Web,0,Medsize,1,1
ZN27753,Oregon,7822.66,No,Basic,0,Bachelor,2,10/1/2024,Employed,1,M,95207,Married,1,24,7,0,4,Personal Auto,0,Personal L2,1,2,Web,0,Medsize,1,0
DJ52170,California,7613.92,Yes,Basic,0,High School or Below,0,10/1/2024,Employed,1,M,98777,Married,1,28,68,0,3,Special Auto,2,Special L3,8,2,Agent,2,Medsize,1,0
AQ30231,California,7831.04,No,Extended,1,Bachelor,2,10/1/2024,Unemployed,0,F,0,Married,1,22,126,0,6,Personal Auto,0,Personal L2,1,2,Agent,2,Small,0,0
OH93496,Arizona,4999.6,No,Basic,0,Bachelor,2,10/1/2024,Unemployed,0,M,0,Single,0,30,7,0,1,Personal Auto,0,Personal L3,2,1,Agent,2,Small,0,1
IK60267,Nevada,3686.81,No,Basic,0,Bachelor,2,10/1/2024,Employed,1,F,33705,Married,1,8,51,0,1,Personal Auto,0,Personal L2,1,3,Branch,1,Medsize,1,0
LQ24783,Oregon,8318.97,No,Extended,1,Doctor,4,10/1/2024,Employed,1,F,108797,Married,1,35,5,0,3,Corporate Auto,1,Corporate L3,5,4,Agent,2,Medsize,1,0
YJ53102,Oregon,4977.68,No,Extended,1,Master,3,10/1/2024,Unemployed,0,F,0,Married,1,7,92,1,1,Corporate Auto,1,Corporate L2,4,1,Agent,2,Medsize,1,0
RU39880,California,15859.33,No,Basic,0,Bachelor,2,10/1/2024,Employed,1,F,79188,Married,1,22,31,0,2,Personal Auto,0,Personal L3,2,4,Call Center,3,Medsize,1,0
JX60415,Arizona,4799.04,Yes,Extended,1,Master,3,10/1/2024,Employed,1,F,79052,Married,1,5,112,0,1,Personal Auto,0,Personal L2,1,1,Branch,1,Large,2,0
ZQ35017,California,6277.59,Yes,Basic,0,College,1,10/1/2024,Retired,3,M,38090,Single,0,20,35,0,3,Personal Auto,0,Personal L1,0,1,Agent,2,Medsize,1,0
AE30506,California,3234.9,Yes,Basic,0,Bachelor,2,10/1/2024,Unemployed,0,F,0,Married,1,8,96,2,1,Personal Auto,0,Personal L3,2,2,Call Center,3,Large,2,0
CG36206,California,2891.67,No,Basic,0,Bachelor,2,10/1/2024,Unemployed,0,M,0,Single,0,4,107,1,1,Personal Auto,0,Personal L3,2,4,Web,0,Medsize,1,0
KT26739,Nevada,4799.04,Yes,Extended,1,Master,3,10/1/2024,Employed,1,F,79052,Married,1,5,112,0,1,Personal Auto,0,Personal L2,1,1,Branch,1,Large,2,0
QS83113,Oregon,6793.72,No,Basic,0,Bachelor,2,10/1/2024,Employed,1,M,41492,Married,1,5,58,0,7,Personal Auto,0,Personal L3,2,1,Agent,2,Small,0,0
QV26574,Washington,8118.55,No,Extended,1,College,1,10/1/2024,Medical Leave,2,M,34622,Married,1,19,124,1,3,Personal Auto,0,Personal L2,1,4,Call Center,3,Medsize,1,0
LM69036,Oregon,18967.73,No,Basic,0,Master,3,10/1/2024,Unemployed,0,M,0,Married,1,11,96,1,2,Corporate Auto,1,Corporate L1,3,3,Branch,1,Small,0,0
BH61054,California,8463.95,No,Extended,1,College,1,10/1/2024,Employed,1,F,82404,Married,1,28,12,0,9,Personal Auto,0,Personal L3,2,2,Web,0,Medsize,1,0
IE49043,Nevada,9043.62,No,Basic,0,College,1,10/1/2024,Disabled,4,F,28504,Single,0,9,80,0,1,Personal Auto,0,Personal L3,2,1,Call Center,3,Medsize,1,1
SE15781,California,3234.9,Yes,Basic,0,Bachelor,2,10/1/2024,Unemployed,0,F,0,Married,1,8,96,2,1,Corporate Auto,1,Corporate L1,3,2,Call Center,3,Large,2,0
AY29281,Arizona,12701.26,No,Extended,1,Bachelor,2,10/1/2024,Unemployed,0,F,0,Single,0,15,36,0,2,Corporate Auto,1,Corporate L2,4,1,Agent,2,Medsize,1,0
JP22499,California,4242.7,No,Extended,1,Bachelor,2,10/1/2024,Employed,1,M,58435,Single,0,47,104,0,1,Corporate Auto,1,Corporate L3,5,2,Web,0,Medsize,1,0
ZU71467,Arizona,7371.43,No,Basic,0,Bachelor,2,10/1/2024,Employed,1,M,61295,Married,1,18,15,2,6,Corporate Auto,1,Corporate L3,5,4,Web,0,Medsize,1,0
KQ30179,California,3629.96,No,Basic,0,Bachelor,2,10/1/2024,Employed,1,M,121191,Married,1,14,12,2,1,Personal Auto,0,Personal L2,1,2,Call Center,3,Medsize,1,0
BU72633,Nevada,57458.2,No,Basic,0,Master,3,10/1/2024,Employed,1,M,89992,Single,0,31,55,0,2,Personal Auto,0,Personal L2,1,1,Agent,2,Medsize,1,0
OU43146,Oregon,20810.31,No,Basic,0,Bachelor,2,10/1/2024,Employed,1,M,120776,Married,1,23,54,1,3,Personal Auto,0,Personal L3,2,2,Agent,2,Medsize,1,1
ZX80668,Nevada,18155.89,No,Basic,0,Bachelor,2,10/1/2024,Employed,1,M,59022,Single,0,7,122,1,2,Personal Auto,0,Personal L3,2,1,Branch,1,Medsize,1,0
FP11025,California,10897.53,No,Basic,0,Bachelor,2,10/1/2024,Employed,1,F,78216,Married,1,8,49,0,3,Special Auto,2,Special L3,8,3,Branch,1,Large,2,0
CW57656,Oregon,15114.63,No,Extended,1,College,1,10/1/2024,Employed,1,F,101867,Married,1,0,107,0,2,Personal Auto,0,Personal L3,2,1,Agent,2,Medsize,1,0
ZG88784,Oregon,6630.47,No,Basic,0,College,1,10/1/2024,Employed,1,M,71275,Divorced,2,8,23,0,3,Corporate Auto,1,Corporate L2,4,4,Call Center,3,Medsize,1,0
TX13297,California,3234.9,Yes,Basic,0,Bachelor,2,10/1/2024,Unemployed,0,F,0,Married,1,8,96,2,1,Corporate Auto,1,Corporate L3,5,2,Call Center,3,Large,2,0
ZH18791,Oregon,6788.93,No,Basic,0,Bachelor,2,10/1/2024,Unemployed,0,M,0,Married,1,28,115,0,8,Personal Auto,0,Personal L3,2,1,Branch,1,Medsize,1,0
FG69718,California,13204.15,No,Extended,1,High School or Below,0,10/1/2024,Unemployed,0,F,0,Single,0,18,63,0,3,Corporate Auto,1,Corporate L3,5,1,Call Center,3,Medsize,1,1
CT47738,Oregon,24577.66,No,Extended,1,College,1,10/1/2024,Unemployed,0,F,0,Divorced,2,15,77,0,2,Corporate Auto,1,Corporate L3,5,1,Branch,1,Medsize,1,0
JG41490,Arizona,3234.9,Yes,Basic,0,Bachelor,2,10/1/2024,Unemployed,0,F,0,Married,1,8,96,2,1,Corporate Auto,1,Corporate L3,5,2,Call Center,3,Large,2,0
AB26022,Oregon,10797.77,No,Basic,0,High School or Below,0,10/1/2024,Retired,3,M,35757,Single,0,0,111,0,3,Corporate Auto,1,Corporate L2,4,1,Call Center,3,Medsize,1,0
IN95983,California,9177.67,No,Extended,1,College,1,10/1/2024,Employed,1,F,43898,Single,0,15,72,3,3,Special Auto,2,Special L3,8,1,Branch,1,Small,0,0
BE54454,Washington,6788.58,No,Basic,0,High School or Below,0,10/1/2024,Employed,1,M,95618,Married,1,11,24,0,4,Personal Auto,0,Personal L2,1,2,Branch,1,Small,0,0
QM61543,Arizona,7613.92,Yes,Basic,0,High School or Below,0,10/1/2024,Employed,1,M,98777,Married,1,28,68,0,3,Corporate Auto,1,Corporate L2,4,2,Agent,2,Medsize,1,0
ZN96843,Arizona,3259.94,No,Basic,0,Bachelor,2,10/1/2024,Unemployed,0,M,0,Single,0,4,73,0,1,Personal Auto,0,Personal L1,0,1,Branch,1,Large,2,0
FG96614,California,15258.51,No,Extended,1,Doctor,4,10/1/2024,Employed,1,F,30187,Married,1,20,57,0,2,Personal Auto,0,Personal L3,2,4,Agent,2,Small,0,0
FU17577,Oregon,5114.9,No,Basic,0,High School or Below,0,10/1/2024,Unemployed,0,F,0,Single,0,36,120,0,1,Personal Auto,0,Personal L3,2,1,Agent,2,Medsize,1,1
FV72595,Arizona,6350.02,No,Extended,1,Bachelor,2,10/1/2024,Unemployed,0,M,0,Single,0,15,99,0,1,Personal Auto,0,Personal L3,2,3,Agent,2,Medsize,1,1
TU27563,Oregon,4923.78,No,Extended,1,Bachelor,2,10/1/2024,Employed,1,F,27937,Married,1,39,120,1,1,Personal Auto,0,Personal L2,1,2,Branch,1,Medsize,1,0
HS88081,California,8748.92,No,Extended,1,High School or Below,0,10/1/2024,Employed,1,F,57842,Married,1,19,57,0,4,Corporate Auto,1,Corporate L1,3,1,Branch,1,Medsize,1,0
MG72449,Nevada,7126.92,No,Basic,0,Bachelor,2,10/1/2024,Employed,1,F,104175,Divorced,2,20,134,0,3,Personal Auto,0,Personal L3,2,2,Call Center,3,Medsize,1,0
DH93540,Oregon,6277.59,Yes,Basic,0,College,1,10/1/2024,Retired,3,M,38090,Single,0,20,35,0,3,Personal Auto,0,Personal L3,2,1,Agent,2,Medsize,1,0
YU35148,Washington,6411.32,No,Extended,1,Bachelor,2,10/1/2024,Unemployed,0,F,0,Married,1,45,47,0,1,Personal Auto,0,Personal L2,1,3,Call Center,3,Medsize,1,0
JU75786,Oregon,9724.23,No,Extended,1,Master,3,10/1/2024,Unemployed,0,F,0,Married,1,4,39,0,9,Personal Auto,0,Personal L2,1,1,Agent,2,Medsize,1,0
BH43020,California,4549.11,No,Extended,1,Bachelor,2,10/1/2024,Employed,1,M,53668,Married,1,3,47,0,1,Personal Auto,0,Personal L2,1,2,Agent,2,Medsize,1,0
LH33181,Arizona,8470.66,No,Basic,0,Bachelor,2,10/1/2024,Unemployed,0,M,0,Single,0,31,53,1,2,Personal Auto,0,Personal L3,2,1,Agent,2,Large,2,0
AT84725,Washington,6277.59,Yes,Basic,0,College,1,10/1/2024,Retired,3,M,38090,Single,0,20,35,0,3,Personal Auto,0,Personal L3,2,1,Agent,2,Medsize,1,0
WX52894,Nevada,33752.73,No,Basic,0,College,1,10/1/2024,Employed,1,M,29601,Married,1,43,54,0,2,Personal Auto,0,Personal L2,1,2,Call Center,3,Medsize,1,0
NE85389,Oregon,32269.97,No,Basic,0,High School or Below,0,10/1/2024,Unemployed,0,F,0,Married,1,16,97,1,2,Personal Auto,0,Personal L3,2,2,Branch,1,Medsize,1,0
ZZ54454,Nevada,6196.42,No,Premium,2,Master,3,10/1/2024,Employed,1,M,43889,Single,0,39,51,0,1,Personal Auto,0,Personal L2,1,2,Agent,2,Small,0,0
WP55297,Washington,6250.46,No,Basic,0,Bachelor,2,10/1/2024,Unemployed,0,M,0,Single,0,31,43,0,7,Personal Auto,0,Personal L1,0,2,Branch,1,Large,2,1
OQ27893,Oregon,3919.38,No,Basic,0,High School or Below,0,10/1/2024,Employed,1,M,27689,Married,1,43,85,0,1,Personal Auto,0,Personal L3,2,2,Agent,2,Medsize,1,0
NC47038,Arizona,11864.52,No,Basic,0,High School or Below,0,10/1/2024,Employed,1,M,123081,Married,1,4,86,0,8,Personal Auto,0,Personal L2,1,2,Agent,2,Medsize,1,1
QM60216,Oregon,12024.44,No,Extended,1,College,1,10/1/2024,Employed,1,M,79269,Single,0,15,0,0,1,Personal Auto,0,Personal L3,2,1,Agent,2,Medsize,1,1
IE57921,California,6381.27,Yes,Extended,1,Bachelor,2,10/1/2024,Medical Leave,2,F,17600,Married,1,38,66,0,1,Personal Auto,0,Personal L2,1,2,Agent,2,Small,0,1
CT62892,California,10622.89,No,Basic,0,Bachelor,2,10/1/2024,Unemployed,0,F,0,Married,1,38,19,0,7,Personal Auto,0,Personal L3,2,1,Agent,2,Small,0,0
MV81355,California,11905.68,Yes,Basic,0,High School or Below,0,10/1/2024,Employed,1,M,134791,Married,1,31,34,1,8,Personal Auto,0,Personal L2,1,2,Branch,1,Medsize,1,0
EY71439,California,9627.84,No,Basic,0,High School or Below,0,10/1/2024,Unemployed,0,M,0,Single,0,39,78,0,3,Corporate Auto,1,Corporate L2,4,3,Call Center,3,Small,0,1
FS70572,California,12752,No,Extended,1,College,1,10/1/2024,Employed,1,M,103730,Divorced,2,3,16,0,2,Corporate Auto,1,Corporate L2,4,4,Call Center,3,Small,0,0
YW94562,California,6730.07,No,Basic,0,College,1,10/1/2024,Employed,1,F,42798,Married,1,18,4,1,7,Personal Auto,0,Personal L2,1,1,Web,0,Medsize,1,0
LO14234,California,16555.19,No,Premium,2,High School or Below,0,10/1/2024,Unemployed,0,M,0,Single,0,18,41,0,8,Personal Auto,0,Personal L2,1,2,Agent,2,Medsize,1,1
VU71619,California,17924.06,No,Basic,0,Bachelor,2,10/1/2024,Employed,1,M,130143,Married,1,39,55,0,2,Personal Auto,0,Personal L3,2,3,Agent,2,Medsize,1,0
TZ28073,California,5860.84,No,Basic,0,Bachelor,2,10/1/2024,Employed,1,M,31525,Married,1,0,116,0,1,Personal Auto,0,Personal L3,2,2,Branch,1,Medsize,1,0
WK30175,Oregon,3607.33,No,Basic,0,Bachelor,2,10/2/2024,Employed,1,M,71310,Married,1,31,119,0,1,Corporate Auto,1,Corporate L1,3,1,Branch,1,Small,0,0
EH41854,Washington,32003.25,No,Extended,1,High School or Below,0,10/2/2024,Unemployed,0,F,0,Single,0,16,47,1,2,Personal Auto,0,Personal L1,0,3,Branch,1,Medsize,1,1
TX17484,California,20496.08,No,Basic,0,Bachelor,2,10/2/2024,Employed,1,F,72715,Married,1,16,41,0,2,Personal Auto,0,Personal L2,1,1,Web,0,Large,2,0
DJ51510,Arizona,12584.81,No,Premium,2,High School or Below,0,10/2/2024,Employed,1,F,95087,Married,1,0,68,0,4,Personal Auto,0,Personal L3,2,3,Agent,2,Medsize,1,0
IU96845,Arizona,8485.39,No,Extended,1,College,1,10/2/2024,Employed,1,M,43727,Married,1,27,49,0,8,Personal Auto,0,Personal L3,2,1,Call Center,3,Medsize,1,0
EX28656,Oregon,13270.96,No,Premium,2,College,1,10/2/2024,Employed,1,F,35053,Divorced,2,20,80,0,1,Personal Auto,0,Personal L1,0,2,Agent,2,Medsize,1,1
ZX23819,Oregon,10778.52,No,Basic,0,High School or Below,0,10/2/2024,Unemployed,0,F,0,Single,0,1,104,0,2,Personal Auto,0,Personal L3,2,2,Call Center,3,Large,2,1
UA19178,Oregon,6724.11,No,Basic,0,Master,3,10/2/2024,Employed,1,F,71908,Married,1,16,36,0,3,Personal Auto,0,Personal L2,1,2,Call Center,3,Small,0,0
ZK21724,Oregon,5422.33,No,Basic,0,High School or Below,0,10/2/2024,Unemployed,0,F,0,Single,0,5,115,0,1,Personal Auto,0,Personal L1,0,3,Call Center,3,Large,2,1
SN41301,Oregon,8823.01,No,Basic,0,Bachelor,2,10/2/2024,Unemployed,0,M,0,Single,0,19,84,0,2,Corporate Auto,1,Corporate L2,4,3,Branch,1,Medsize,1,0
OE51254,California,3767.42,No,Basic,0,College,1,10/2/2024,Employed,1,F,72741,Married,1,19,45,0,1,Personal Auto,0,Personal L3,2,1,Agent,2,Medsize,1,0
IR62668,Arizona,6865.88,No,Basic,0,Bachelor,2,10/2/2024,Employed,1,F,42587,Divorced,2,5,112,0,9,Personal Auto,0,Personal L3,2,1,Branch,1,Medsize,1,0
VO78441,Washington,4167.28,No,Extended,1,Master,3,10/2/2024,Medical Leave,2,F,26276,Single,0,14,127,1,1,Personal Auto,0,Personal L2,1,3,Agent,2,Small,0,1
TK30357,California,19081.37,No,Basic,0,Bachelor,2,10/2/2024,Employed,1,F,122639,Divorced,2,14,132,0,2,Personal Auto,0,Personal L3,2,1,Agent,2,Medsize,1,0
TM65736,Oregon,4130.39,No,Extended,1,Master,3,10/2/2024,Employed,1,M,52169,Married,1,38,0,1,1,Personal Auto,0,Personal L3,2,3,Web,0,Medsize,1,0
IB80924,Washington,44366.95,No,Basic,0,High School or Below,0,10/2/2024,Employed,1,F,122557,Divorced,2,0,51,2,2,Personal Auto,0,Personal L3,2,1,Agent,2,Small,0,0
ZB50601,Nevada,6968.42,No,Basic,0,College,1,10/2/2024,Unemployed,0,M,0,Married,1,8,32,0,6,Personal Auto,0,Personal L3,2,1,Web,0,Medsize,1,0
MJ51323,Oregon,11376.68,Yes,Extended,1,Bachelor,2,10/2/2024,Employed,1,F,62779,Divorced,2,5,28,1,1,Personal Auto,0,Personal L2,1,1,Agent,2,Medsize,1,1
VD27065,Washington,5800.97,No,Premium,2,Bachelor,2,10/2/2024,Employed,1,M,117261,Married,1,18,39,0,1,Personal Auto,0,Personal L2,1,2,Call Center,3,Small,0,0
VC54081,Oregon,12757.16,No,Basic,0,College,1,10/2/2024,Unemployed,0,F,0,Married,1,15,27,0,2,Special Auto,2,Special L2,7,1,Branch,1,Medsize,1,0
QO79771,California,4376.76,No,Extended,1,Master,3,10/2/2024,Employed,1,F,97646,Married,1,3,68,2,1,Personal Auto,0,Personal L3,2,2,Call Center,3,Small,0,0
JP12645,Arizona,16249.44,Yes,Basic,0,Bachelor,2,10/2/2024,Employed,1,M,59978,Single,0,23,82,0,2,Personal Auto,0,Personal L3,2,1,Call Center,3,Medsize,1,0
YU86594,Oregon,7199.6,No,Basic,0,High School or Below,0,10/2/2024,Employed,1,M,75160,Married,1,14,128,0,3,Personal Auto,0,Personal L3,2,1,Branch,1,Medsize,1,0
JZ81608,Oregon,9421.27,No,Extended,1,High School or Below,0,10/2/2024,Employed,1,M,72641,Married,1,35,123,0,7,Personal Auto,0,Personal L2,1,4,Branch,1,Medsize,1,0
HJ58678,Nevada,7314.51,No,Basic,0,College,1,10/2/2024,Employed,1,F,77742,Divorced,2,5,112,0,7,Personal Auto,0,Personal L2,1,3,Agent,2,Medsize,1,0
PY98958,Oregon,16249.44,Yes,Basic,0,Bachelor,2,10/2/2024,Employed,1,M,59978,Single,0,23,82,0,2,Special Auto,2,Special L1,6,1,Call Center,3,Medsize,1,0
TM25808,California,7513.69,No,Basic,0,High School or Below,0,10/2/2024,Employed,1,M,100872,Divorced,2,20,134,0,3,Personal Auto,0,Personal L3,2,1,Agent,2,Medsize,1,0
NC63295,Arizona,3300.24,No,Basic,0,High School or Below,0,10/2/2024,Unemployed,0,M,0,Married,1,36,69,0,1,Corporate Auto,1,Corporate L2,4,3,Branch,1,Large,2,0
CA96230,California,12405.85,No,Basic,0,Doctor,4,10/2/2024,Employed,1,M,134248,Married,1,8,8,4,5,Personal Auto,0,Personal L2,1,3,Branch,1,Medsize,1,0
PQ19113,Washington,9230.67,No,Premium,2,Bachelor,2,10/2/2024,Employed,1,F,122513,Married,1,41,63,0,1,Personal Auto,0,Personal L2,1,4,Agent,2,Medsize,1,1
YJ35850,Oregon,13195.72,No,Extended,1,High School or Below,0,10/2/2024,Employed,1,M,129624,Married,1,11,81,0,3,Personal Auto,0,Personal L3,2,2,Web,0,Medsize,1,0
JP41935,Washington,18354.87,No,Basic,0,High School or Below,0,10/2/2024,Employed,1,M,27173,Married,1,38,14,2,2,Personal Auto,0,Personal L2,1,2,Branch,1,Medsize,1,0
TJ30081,Arizona,16249.44,Yes,Basic,0,Bachelor,2,10/2/2024,Employed,1,M,59978,Single,0,23,82,0,2,Personal Auto,0,Personal L2,1,1,Call Center,3,Medsize,1,0
FW44940,California,11430.97,No,Basic,0,Bachelor,2,10/2/2024,Disabled,4,F,28538,Divorced,2,20,126,0,5,Personal Auto,0,Personal L1,0,3,Web,0,Medsize,1,0
TU53781,Oregon,11376.68,Yes,Extended,1,Bachelor,2,10/2/2024,Employed,1,F,62779,Divorced,2,5,28,1,1,Corporate Auto,1,Corporate L3,5,1,Agent,2,Medsize,1,1
SO40738,California,12698.62,No,Basic,0,High School or Below,0,10/2/2024,Employed,1,F,133905,Single,0,36,36,0,3,Corporate Auto,1,Corporate L3,5,3,Web,0,Medsize,1,0
IR58695,Oregon,8354.31,No,Extended,1,High School or Below,0,10/2/2024,Employed,1,M,54475,Married,1,42,45,0,3,Corporate Auto,1,Corporate L2,4,1,Web,0,Small,0,0
PH85036,Washington,7401.44,No,Basic,0,Bachelor,2,10/2/2024,Employed,1,F,107089,Married,1,5,42,0,4,Corporate Auto,1,Corporate L2,4,2,Agent,2,Medsize,1,0
FF84784,California,7619.03,No,Basic,0,College,1,10/2/2024,Employed,1,M,44978,Married,1,24,42,1,3,Personal Auto,0,Personal L2,1,1,Agent,2,Medsize,1,0
JW62354,Nevada,5871.57,Yes,Basic,0,College,1,10/2/2024,Employed,1,F,102125,Married,1,38,14,0,1,Personal Auto,0,Personal L1,0,2,Branch,1,Large,2,0
JO98946,Oregon,3585.59,No,Basic,0,Bachelor,2,10/2/2024,Employed,1,M,42925,Divorced,2,36,22,0,1,Personal Auto,0,Personal L3,2,1,Agent,2,Medsize,1,0
HC42288,California,6160.07,No,Basic,0,College,1,10/2/2024,Employed,1,F,52902,Divorced,2,43,58,1,1,Corporate Auto,1,Corporate L2,4,1,Agent,2,Small,0,0
GB75821,Oregon,20661.1,No,Basic,0,Bachelor,2,10/2/2024,Employed,1,M,54363,Married,1,43,36,0,3,Personal Auto,0,Personal L1,0,3,Agent,2,Small,0,1
OB98149,Washington,6345.01,No,Basic,0,College,1,10/2/2024,Disabled,4,F,15413,Married,1,34,77,0,6,Personal Auto,0,Personal L3,2,2,Agent,2,Small,0,0
ZL17677,Washington,28999.1,No,Basic,0,Master,3,10/2/2024,Medical Leave,2,F,20932,Married,1,32,3,0,2,Personal Auto,0,Personal L2,1,2,Agent,2,Large,2,0
UF32055,California,9597.55,No,Premium,2,Bachelor,2,10/2/2024,Employed,1,M,94095,Divorced,2,12,66,0,1,Personal Auto,0,Personal L2,1,2,Web,0,Medsize,1,0
HD53787,California,17702.74,No,Extended,1,College,1,10/2/2024,Medical Leave,2,F,38501,Married,1,31,41,0,2,Personal Auto,0,Personal L1,0,4,Branch,1,Large,2,0
BY84257,Arizona,3212.48,No,Basic,0,College,1,10/2/2024,Unemployed,0,M,0,Single,0,38,20,0,1,Special Auto,2,Special L1,6,4,Branch,1,Medsize,1,1
RE29131,Oregon,5871.57,Yes,Basic,0,College,1,10/2/2024,Employed,1,F,102125,Married,1,38,14,0,1,Personal Auto,0,Personal L2,1,2,Branch,1,Large,2,0
KS45476,Washington,21095.48,No,Extended,1,High School or Below,0,10/2/2024,Employed,1,F,68122,Single,0,30,120,0,2,Personal Auto,0,Personal L3,2,1,Agent,2,Large,2,1
CP66511,Oregon,3459.52,No,Basic,0,High School or Below,0,10/2/2024,Employed,1,M,124251,Married,1,5,59,2,1,Personal Auto,0,Personal L3,2,2,Agent,2,Small,0,0
GA72966,Oregon,11376.68,Yes,Extended,1,Bachelor,2,10/2/2024,Employed,1,F,62779,Divorced,2,5,28,1,1,Personal Auto,0,Personal L3,2,1,Agent,2,Medsize,1,1
NE73773,Oregon,5366.06,No,Basic,0,High School or Below,0,10/2/2024,Unemployed,0,M,0,Divorced,2,1,82,0,1,Personal Auto,0,Personal L3,2,1,Branch,1,Small,0,0
TU72516,Oregon,7571.03,No,Basic,0,College,1,10/2/2024,Disabled,4,F,27529,Married,1,31,115,0,9,Personal Auto,0,Personal L1,0,2,Branch,1,Medsize,1,0
DG51590,Arizona,34292.05,No,Extended,1,Bachelor,2,10/2/2024,Employed,1,F,49680,Single,0,27,24,0,2,Personal Auto,0,Personal L1,0,2,Agent,2,Medsize,1,0
OF12725,California,9558.18,No,Extended,1,Bachelor,2,10/2/2024,Disabled,4,F,37988,Married,1,42,88,2,3,Personal Auto,0,Personal L3,2,1,Branch,1,Medsize,1,0
GG91020,Nevada,13036.63,No,Basic,0,Bachelor,2,10/2/2024,Unemployed,0,M,0,Single,0,23,70,0,2,Personal Auto,0,Personal L1,0,1,Agent,2,Medsize,1,0
KH93541,Nevada,10512.01,No,Extended,1,College,1,10/2/2024,Employed,1,F,112050,Married,1,39,103,1,6,Corporate Auto,1,Corporate L2,4,1,Branch,1,Small,0,0
XU57332,California,11794.28,No,Basic,0,College,1,10/2/2024,Employed,1,F,71784,Single,0,41,77,0,4,Personal Auto,0,Personal L1,0,1,Call Center,3,Medsize,1,1
LN20978,Oregon,14474.17,No,Extended,1,Bachelor,2,10/2/2024,Employed,1,F,35077,Married,1,43,58,0,2,Corporate Auto,1,Corporate L2,4,2,Web,0,Small,0,0
WX14028,Nevada,43808.03,No,Basic,0,College,1,10/2/2024,Employed,1,F,81614,Single,0,27,34,0,2,Personal Auto,0,Personal L1,0,4,Agent,2,Medsize,1,0
NX34811,Nevada,11199.38,No,Premium,2,Bachelor,2,10/2/2024,Employed,1,F,115395,Married,1,39,20,0,6,Personal Auto,0,Personal L1,0,1,Call Center,3,Medsize,1,0
GV19121,Oregon,4511.27,No,Basic,0,College,1,10/2/2024,Unemployed,0,M,0,Single,0,12,97,5,3,Personal Auto,0,Personal L3,2,4,Branch,1,Large,2,0
EJ73184,California,6403.99,No,Basic,0,Bachelor,2,10/2/2024,Employed,1,F,112608,Married,1,0,1,0,1,Personal Auto,0,Personal L3,2,2,Web,0,Medsize,1,0
GF19726,Oregon,7919.19,No,Basic,0,High School or Below,0,10/2/2024,Employed,1,M,102535,Married,1,7,23,0,3,Personal Auto,0,Personal L2,1,2,Branch,1,Medsize,1,0
QG67362,California,36838.13,No,Basic,0,Bachelor,2,10/2/2024,Unemployed,0,F,0,Single,0,16,103,1,2,Personal Auto,0,Personal L3,2,1,Agent,2,Small,0,1
HE72629,Arizona,4059.97,No,Extended,1,Bachelor,2,10/2/2024,Unemployed,0,F,0,Divorced,2,42,90,0,1,Personal Auto,0,Personal L3,2,1,Branch,1,Large,2,0
SK74843,Arizona,3297.27,No,Basic,0,Master,3,10/2/2024,Employed,1,F,78250,Divorced,2,15,85,0,1,Personal Auto,0,Personal L3,2,2,Web,0,Medsize,1,0
OC32181,Nevada,7705.83,No,Basic,0,High School or Below,0,10/2/2024,Employed,1,F,94877,Single,0,23,34,0,7,Special Auto,2,Special L3,8,4,Call Center,3,Medsize,1,0
JQ91314,Washington,4439.69,No,Extended,1,College,1,10/2/2024,Unemployed,0,M,0,Single,0,36,23,0,1,Personal Auto,0,Personal L2,1,2,Call Center,3,Medsize,1,1
KB58189,Oregon,3443.39,No,Basic,0,College,1,10/2/2024,Employed,1,F,93461,Married,1,42,18,0,1,Special Auto,2,Special L2,7,3,Agent,2,Medsize,1,0
XW54288,California,5038.67,No,Extended,1,Bachelor,2,10/2/2024,Employed,1,M,47872,Married,1,35,77,1,1,Corporate Auto,1,Corporate L3,5,1,Agent,2,Medsize,1,0
CM42637,Oregon,10638.46,No,Basic,0,Bachelor,2,10/2/2024,Disabled,4,M,31224,Married,1,14,100,0,2,Personal Auto,0,Personal L2,1,1,Agent,2,Medsize,1,0
PD30266,California,6771.12,No,Extended,1,College,1,10/2/2024,Employed,1,F,99642,Married,1,7,77,0,1,Special Auto,2,Special L1,6,1,Branch,1,Medsize,1,0
EC78254,Washington,11353.05,No,Basic,0,College,1,10/2/2024,Employed,1,F,72881,Married,1,30,50,1,2,Corporate Auto,1,Corporate L3,5,1,Branch,1,Medsize,1,0
HG65194,Oregon,11708.3,No,Extended,1,College,1,10/2/2024,Unemployed,0,F,0,Single,0,11,82,0,3,Personal Auto,0,Personal L2,1,1,Branch,1,Medsize,1,0
QD85803,California,10613.43,No,Extended,1,Bachelor,2,10/2/2024,Employed,1,F,41005,Married,1,1,68,0,9,Personal Auto,0,Personal L2,1,2,Call Center,3,Medsize,1,0
KQ38375,California,13368.23,No,Extended,1,Bachelor,2,10/2/2024,Unemployed,0,F,0,Married,1,5,78,0,8,Personal Auto,0,Personal L2,1,1,Call Center,3,Medsize,1,1
TT30338,Arizona,10362.43,No,Basic,0,Master,3,10/2/2024,Employed,1,F,120941,Married,1,38,54,1,2,Personal Auto,0,Personal L3,2,4,Call Center,3,Medsize,1,0
DW37404,California,10608.36,No,Basic,0,Bachelor,2,10/2/2024,Employed,1,F,27718,Divorced,2,27,92,0,2,Personal Auto,0,Personal L2,1,1,Branch,1,Large,2,0
MO65595,Nevada,4571.82,No,Extended,1,Bachelor,2,10/2/2024,Unemployed,0,F,0,Married,1,24,107,0,1,Personal Auto,0,Personal L3,2,1,Branch,1,Medsize,1,0
TX73398,Nevada,4991.01,No,Premium,2,Bachelor,2,10/2/2024,Unemployed,0,M,0,Single,0,4,123,0,1,Personal Auto,0,Personal L3,2,1,Agent,2,Medsize,1,1
XC49176,California,4311.65,No,Extended,1,Bachelor,2,10/2/2024,Employed,1,F,126097,Married,1,0,105,0,1,Corporate Auto,1,Corporate L3,5,2,Agent,2,Medsize,1,0
NI66988,Oregon,33572.13,No,Extended,1,High School or Below,0,10/2/2024,Unemployed,0,F,0,Married,1,16,12,0,2,Personal Auto,0,Personal L3,2,1,Agent,2,Medsize,1,0
JZ61712,Nevada,4534.97,No,Extended,1,Bachelor,2,10/2/2024,Employed,1,M,131728,Married,1,1,66,1,1,Personal Auto,0,Personal L3,2,4,Call Center,3,Large,2,0
YK65946,Oregon,11376.68,Yes,Extended,1,Bachelor,2,10/2/2024,Employed,1,F,62779,Divorced,2,5,28,1,1,Personal Auto,0,Personal L3,2,1,Agent,2,Medsize,1,1
XM57550,Washington,4622.36,No,Extended,1,College,1,10/2/2024,Disabled,4,F,40443,Married,1,11,104,0,1,Personal Auto,0,Personal L3,2,4,Branch,1,Medsize,1,0
ND43316,Oregon,5437.4,No,Basic,0,High School or Below,0,10/2/2024,Employed,1,M,37506,Married,1,27,73,0,1,Personal Auto,0,Personal L3,2,2,Agent,2,Small,0,0
AD71478,Arizona,4630.93,No,Extended,1,High School or Below,0,10/2/2024,Employed,1,M,73358,Married,1,14,70,0,1,Personal Auto,0,Personal L3,2,4,Agent,2,Large,2,0
WS24655,Oregon,40063.7,No,Premium,2,College,1,10/2/2024,Employed,1,F,45889,Single,0,20,62,1,2,Personal Auto,0,Personal L3,2,1,Call Center,3,Medsize,1,1
BJ82316,Oregon,16249.44,Yes,Basic,0,Bachelor,2,10/2/2024,Employed,1,M,59978,Single,0,23,82,0,2,Corporate Auto,1,Corporate L1,3,1,Call Center,3,Medsize,1,0
WL42517,Washington,5058.53,No,Basic,0,College,1,10/2/2024,Unemployed,0,F,0,Single,0,23,109,0,1,Personal Auto,0,Personal L3,2,1,Call Center,3,Medsize,1,0
SR24177,Nevada,7780.41,No,Extended,1,Bachelor,2,10/2/2024,Employed,1,M,42829,Single,0,42,12,0,5,Personal Auto,0,Personal L2,1,1,Agent,2,Medsize,1,0
IE71278,California,3964.94,No,Extended,1,Bachelor,2,10/2/2024,Employed,1,M,59898,Divorced,2,9,47,3,1,Personal Auto,0,Personal L2,1,1,Web,0,Medsize,1,0
XK10881,Oregon,6529.8,No,Basic,0,Bachelor,2,10/2/2024,Employed,1,M,53069,Married,1,7,120,0,3,Personal Auto,0,Personal L3,2,1,Agent,2,Medsize,1,0
JR34589,Nevada,6591.09,No,Extended,1,High School or Below,0,10/2/2024,Employed,1,F,28669,Married,1,4,16,0,1,Personal Auto,0,Personal L2,1,2,Call Center,3,Medsize,1,0
HH45183,Oregon,5013.63,No,Extended,1,High School or Below,0,10/2/2024,Employed,1,M,125966,Married,1,27,76,0,1,Personal Auto,0,Personal L3,2,2,Agent,2,Medsize,1,0
FR54989,Arizona,3659.74,No,Extended,1,College,1,10/2/2024,Unemployed,0,M,0,Single,0,15,51,0,1,Corporate Auto,1,Corporate L3,5,4,Call Center,3,Medsize,1,0
WY37677,Oregon,11475.16,No,Basic,0,High School or Below,0,10/2/2024,Unemployed,0,M,0,Married,1,1,78,0,7,Personal Auto,0,Personal L3,2,2,Agent,2,Medsize,1,1
WU62992,Oregon,6598.52,No,Extended,1,Bachelor,2,10/2/2024,Employed,1,M,95502,Married,1,4,86,1,1,Personal Auto,0,Personal L2,1,4,Agent,2,Small,0,0
MH13358,Oregon,3853.26,No,Basic,0,High School or Below,0,10/2/2024,Employed,1,F,46989,Single,0,11,122,0,1,Personal Auto,0,Personal L3,2,1,Agent,2,Small,0,0
EF21564,Nevada,5917.25,No,Basic,0,Master,3,10/2/2024,Employed,1,M,114063,Single,0,0,0,0,1,Personal Auto,0,Personal L1,0,4,Agent,2,Medsize,1,0
VW65691,Oregon,5823.99,No,Basic,0,High School or Below,0,10/2/2024,Unemployed,0,F,0,Single,0,22,57,1,5,Personal Auto,0,Personal L3,2,1,Call Center,3,Small,0,0
HA72996,Nevada,5871.57,Yes,Basic,0,College,1,10/2/2024,Employed,1,F,102125,Married,1,38,14,0,1,Corporate Auto,1,Corporate L3,5,2,Branch,1,Large,2,0
CL97519,California,6322.65,No,Extended,1,College,1,10/2/2024,Employed,1,M,34002,Married,1,11,107,0,1,Personal Auto,0,Personal L3,2,3,Call Center,3,Medsize,1,0
WB66665,Nevada,5871.57,Yes,Basic,0,College,1,10/2/2024,Employed,1,F,102125,Married,1,38,14,0,1,Corporate Auto,1,Corporate L2,4,2,Branch,1,Large,2,0
ZH43085,Washington,3135.47,No,Basic,0,High School or Below,0,10/2/2024,Unemployed,0,M,0,Single,0,11,117,0,1,Corporate Auto,1,Corporate L3,5,1,Agent,2,Medsize,1,0
YP75411,Arizona,28516.21,No,Basic,0,College,1,10/2/2024,Unemployed,0,M,0,Single,0,20,12,0,2,Personal Auto,0,Personal L3,2,3,Agent,2,Medsize,1,0
UL87052,Arizona,5633.74,No,Basic,0,Bachelor,2,10/2/2024,Unemployed,0,F,0,Single,0,14,50,0,1,Personal Auto,0,Personal L3,2,1,Agent,2,Medsize,1,1
ZA44520,Arizona,12989.33,No,Extended,1,High School or Below,0,10/2/2024,Employed,1,F,74077,Married,1,12,68,0,3,Personal Auto,0,Personal L3,2,2,Agent,2,Large,2,0
DC83427,Oregon,23975.17,No,Basic,0,High School or Below,0,10/2/2024,Unemployed,0,F,0,Single,0,14,26,0,2,Personal Auto,0,Personal L3,2,2,Web,0,Small,0,0
XZ83249,Nevada,13727.17,No,Extended,1,High School or Below,0,10/2/2024,Employed,1,F,47930,Married,1,5,116,0,3,Personal Auto,0,Personal L3,2,3,Call Center,3,Small,0,0
ET45138,California,7496.8,No,Extended,1,College,1,10/2/2024,Employed,1,F,44894,Married,1,0,27,0,1,Personal Auto,0,Personal L1,0,1,Branch,1,Medsize,1,0
OW97322,Oregon,42404.75,No,Premium,2,Bachelor,2,10/2/2024,Employed,1,M,37818,Married,1,34,41,0,2,Personal Auto,0,Personal L2,1,2,Branch,1,Small,0,1
WV64743,Washington,17917.51,No,Basic,0,High School or Below,0,10/2/2024,Unemployed,0,M,0,Single,0,42,15,0,4,Personal Auto,0,Personal L3,2,3,Call Center,3,Medsize,1,1
TG36139,California,6317.97,No,Extended,1,High School or Below,0,10/2/2024,Disabled,4,F,29322,Single,0,7,9,0,1,Corporate Auto,1,Corporate L1,3,4,Branch,1,Medsize,1,1
CB77819,California,6394.07,No,Basic,0,High School or Below,0,10/2/2024,Unemployed,0,M,0,Single,0,45,1,0,3,Personal Auto,0,Personal L3,2,1,Web,0,Medsize,1,0
FD14790,Oregon,24565.46,No,Extended,1,Bachelor,2,10/2/2024,Employed,1,M,77189,Married,1,19,69,0,2,Personal Auto,0,Personal L1,0,4,Branch,1,Small,0,0
CW38361,California,11805.38,No,Basic,0,Bachelor,2,10/2/2024,Employed,1,M,83303,Married,1,8,96,0,7,Corporate Auto,1,Corporate L3,5,3,Call Center,3,Small,0,0
UD87700,California,9671.42,No,Basic,0,High School or Below,0,10/2/2024,Unemployed,0,M,0,Single,0,26,131,0,9,Corporate Auto,1,Corporate L3,5,1,Agent,2,Large,2,1
NJ29981,California,6146.8,No,Extended,1,High School or Below,0,10/2/2024,Unemployed,0,M,0,Married,1,1,58,0,1,Corporate Auto,1,Corporate L3,5,1,Branch,1,Medsize,1,0
CT50487,California,3849.07,No,Basic,0,High School or Below,0,10/2/2024,Employed,1,F,74620,Married,1,19,47,0,1,Corporate Auto,1,Corporate L3,5,2,Call Center,3,Medsize,1,0
FH81263,California,8108.39,No,Basic,0,High School or Below,0,10/2/2024,Employed,1,M,115439,Married,1,26,92,0,4,Corporate Auto,1,Corporate L3,5,1,Agent,2,Small,0,0
MB91424,California,10024.11,No,Basic,0,College,1,10/2/2024,Employed,1,M,48950,Married,1,19,81,0,2,Corporate Auto,1,Corporate L3,5,4,Branch,1,Medsize,1,0
NN65590,California,3729.78,No,Basic,0,College,1,10/2/2024,Employed,1,F,97652,Single,0,31,47,0,1,Personal Auto,0,Personal L1,0,2,Web,0,Medsize,1,0
GY43856,California,5871.57,Yes,Basic,0,College,1,10/2/2024,Employed,1,F,102125,Married,1,38,14,0,1,Corporate Auto,1,Corporate L3,5,2,Branch,1,Large,2,0
GB32334,California,7262.3,No,Basic,0,College,1,10/2/2024,Employed,1,F,33348,Married,1,18,85,0,8,Personal Auto,0,Personal L3,2,2,Web,0,Large,2,0
AL95338,California,9016.84,No,Extended,1,High School or Below,0,10/2/2024,Unemployed,0,F,0,Single,0,4,127,0,5,Personal Auto,0,Personal L2,1,1,Agent,2,Medsize,1,0
QO68842,California,3400.3,No,Basic,0,Doctor,4,10/2/2024,Employed,1,F,53078,Single,0,30,62,0,1,Personal Auto,0,Personal L2,1,2,Branch,1,Medsize,1,0
OT56964,California,12722.75,No,Basic,0,Master,3,10/2/2024,Employed,1,M,63311,Married,1,18,15,0,3,Corporate Auto,1,Corporate L3,5,1,Agent,2,Medsize,1,0
LA72316,California,31598.08,No,Basic,0,Bachelor,2,10/2/2024,Employed,1,M,97120,Married,1,24,120,0,2,Personal Auto,0,Personal L1,0,2,Web,0,Medsize,1,0
MB98372,Oregon,3740.91,Yes,Basic,0,College,1,11/1/2024,Employed,1,F,67596,Single,0,4,43,0,1,Corporate Auto,1,Corporate L3,5,2,Agent,2,Medsize,1,0
PY51963,California,45189.02,Yes,Basic,0,Bachelor,2,11/1/2024,Employed,1,F,44807,Divorced,2,24,128,0,2,Corporate Auto,1,Corporate L1,3,1,Web,0,Medsize,1,0
UG93476,California,10803.12,Yes,Basic,0,College,1,11/1/2024,Unemployed,0,F,0,Married,1,4,88,0,3,Personal Auto,0,Personal L3,2,1,Agent,2,Medsize,1,0
PU25891,Oregon,12984.72,No,Basic,0,High School or Below,0,11/1/2024,Employed,1,F,108724,Married,1,7,112,0,3,Special Auto,2,Special L2,7,1,Branch,1,Medsize,1,0
AZ95587,Arizona,14024.55,No,Extended,1,Bachelor,2,11/1/2024,Employed,1,F,82650,Single,0,27,74,0,2,Special Auto,2,Special L3,8,3,Branch,1,Small,0,0
YL83902,Washington,4420.16,No,Extended,1,Bachelor,2,11/1/2024,Employed,1,F,42776,Married,1,15,45,0,1,Personal Auto,0,Personal L3,2,1,Agent,2,Small,0,0
IP66913,California,5246.97,No,Extended,1,High School or Below,0,11/1/2024,Employed,1,M,105446,Single,0,16,46,0,1,Personal Auto,0,Personal L3,2,2,Agent,2,Small,0,0
HS67749,California,9243.61,No,Extended,1,College,1,11/1/2024,Employed,1,M,95901,Married,1,20,76,0,3,Corporate Auto,1,Corporate L1,3,4,Agent,2,Medsize,1,0
BL90769,California,45189.02,Yes,Basic,0,Bachelor,2,11/1/2024,Employed,1,F,44807,Divorced,2,24,128,0,2,Personal Auto,0,Personal L3,2,1,Web,0,Medsize,1,0
CY50337,Oregon,14753.35,No,Extended,1,College,1,11/1/2024,Employed,1,F,101203,Married,1,27,126,0,2,Personal Auto,0,Personal L3,2,1,Agent,2,Medsize,1,0
WM65373,California,10803.12,Yes,Basic,0,College,1,11/1/2024,Unemployed,0,F,0,Married,1,4,88,0,3,Corporate Auto,1,Corporate L3,5,1,Agent,2,Medsize,1,0
ZU93025,Oregon,3740.91,Yes,Basic,0,College,1,11/1/2024,Employed,1,F,67596,Single,0,4,43,0,1,Personal Auto,0,Personal L2,1,2,Agent,2,Medsize,1,0
WZ53904,Arizona,3590.97,No,Basic,0,Bachelor,2,11/1/2024,Employed,1,M,28751,Single,0,35,76,0,1,Personal Auto,0,Personal L3,2,2,Agent,2,Medsize,1,0
RS24501,Oregon,18022.66,No,Premium,2,College,1,11/1/2024,Employed,1,F,39041,Single,0,7,119,0,3,Personal Auto,0,Personal L2,1,3,Agent,2,Medsize,1,1
UP71482,Arizona,9768.78,No,Basic,0,High School or Below,0,11/1/2024,Unemployed,0,M,0,Married,1,15,99,0,2,Personal Auto,0,Personal L1,0,3,Call Center,3,Large,2,0
UH45301,Oregon,12742.54,No,Premium,2,College,1,11/1/2024,Employed,1,M,117377,Married,1,18,19,0,7,Personal Auto,0,Personal L1,0,2,Agent,2,Medsize,1,0
EH24828,Nevada,3226.2,No,Basic,0,College,1,11/1/2024,Employed,1,M,79180,Married,1,19,101,5,1,Personal Auto,0,Personal L2,1,2,Agent,2,Small,0,0
CE12380,Arizona,27122.09,No,Basic,0,College,1,11/1/2024,Unemployed,0,F,0,Single,0,22,26,1,2,Corporate Auto,1,Corporate L3,5,1,Agent,2,Medsize,1,0
ZD63451,California,3379.94,No,Basic,0,Bachelor,2,11/1/2024,Employed,1,M,72006,Married,1,32,47,1,1,Personal Auto,0,Personal L2,1,4,Agent,2,Medsize,1,0
WU14549,Nevada,5899.12,No,Premium,2,Master,3,11/1/2024,Employed,1,M,119468,Married,1,3,112,0,1,Personal Auto,0,Personal L3,2,1,Branch,1,Medsize,1,0
MZ16820,Nevada,11013.21,No,Premium,2,High School or Below,0,11/1/2024,Employed,1,M,117195,Married,1,26,30,0,5,Corporate Auto,1,Corporate L2,4,2,Call Center,3,Small,0,0
EO91797,Nevada,21115.7,No,Extended,1,Master,3,11/1/2024,Employed,1,F,43700,Married,1,42,113,0,2,Corporate Auto,1,Corporate L3,5,3,Agent,2,Medsize,1,0
KY32675,Arizona,20209.88,No,Extended,1,High School or Below,0,11/1/2024,Employed,1,M,115151,Married,1,9,123,0,2,Special Auto,2,Special L3,8,2,Branch,1,Small,0,0
SS54050,California,21607.43,No,Basic,0,Bachelor,2,11/1/2024,Employed,1,M,60616,Married,1,20,76,2,2,Personal Auto,0,Personal L3,2,1,Branch,1,Small,0,0
ZV99487,Arizona,9431.92,No,Extended,1,Bachelor,2,11/1/2024,Unemployed,0,F,0,Married,1,28,11,0,3,Personal Auto,0,Personal L1,0,1,Call Center,3,Medsize,1,0
WR76339,California,6875.27,No,Basic,0,College,1,11/1/2024,Employed,1,M,63345,Married,1,46,16,0,3,Corporate Auto,1,Corporate L3,5,1,Branch,1,Medsize,1,0
QJ93301,Nevada,5472.05,No,Premium,2,Master,3,11/1/2024,Employed,1,M,60292,Married,1,3,1,0,1,Personal Auto,0,Personal L3,2,3,Agent,2,Medsize,1,0
YZ56105,California,8653,No,Extended,1,High School or Below,0,11/1/2024,Unemployed,0,F,0,Single,0,19,65,2,9,Personal Auto,0,Personal L1,0,1,Branch,1,Medsize,1,0
VN92740,Arizona,3740.91,Yes,Basic,0,College,1,11/1/2024,Employed,1,F,67596,Single,0,4,43,0,1,Corporate Auto,1,Corporate L3,5,2,Agent,2,Medsize,1,0
UV69038,California,12812.05,No,Extended,1,College,1,11/1/2024,Unemployed,0,M,0,Single,0,46,104,0,4,Corporate Auto,1,Corporate L2,4,1,Branch,1,Medsize,1,0
GI36262,Washington,3914.6,No,Basic,0,College,1,11/1/2024,Employed,1,F,88083,Married,1,19,74,0,1,Corporate Auto,1,Corporate L2,4,1,Agent,2,Medsize,1,0
QL75176,Oregon,16637.76,No,Premium,2,High School or Below,0,11/1/2024,Unemployed,0,F,0,Single,0,7,122,0,2,Personal Auto,0,Personal L2,1,2,Branch,1,Medsize,1,1
CS26667,Washington,30148.79,Yes,Extended,1,College,1,11/1/2024,Employed,1,M,66255,Single,0,14,4,0,2,Special Auto,2,Special L3,8,2,Branch,1,Medsize,1,0
WU15684,Nevada,4844.98,No,Extended,1,College,1,11/1/2024,Employed,1,F,57829,Married,1,43,134,0,1,Corporate Auto,1,Corporate L3,5,3,Branch,1,Medsize,1,0
NQ67659,Nevada,45189.02,Yes,Basic,0,Bachelor,2,11/1/2024,Employed,1,F,44807,Divorced,2,24,128,0,2,Personal Auto,0,Personal L2,1,1,Web,0,Medsize,1,0
XA47378,California,3876.44,No,Basic,0,Bachelor,2,11/1/2024,Employed,1,F,32134,Married,1,15,122,0,1,Corporate Auto,1,Corporate L2,4,4,Branch,1,Small,0,0
GG61186,Nevada,11334.34,No,Premium,2,Doctor,4,11/1/2024,Unemployed,0,F,0,Married,1,30,97,0,9,Personal Auto,0,Personal L1,0,1,Agent,2,Medsize,1,0
SU77646,Oregon,7719.67,No,Basic,0,Master,3,11/1/2024,Employed,1,M,62280,Divorced,2,9,105,0,5,Personal Auto,0,Personal L2,1,1,Branch,1,Large,2,0
RP27249,Oregon,6343.49,No,Basic,0,Master,3,11/1/2024,Employed,1,F,108483,Married,1,26,3,0,1,Personal Auto,0,Personal L3,2,4,Agent,2,Large,2,0
UV82770,California,15798.17,No,Basic,0,Bachelor,2,11/1/2024,Unemployed,0,M,0,Divorced,2,20,16,0,2,Personal Auto,0,Personal L1,0,3,Call Center,3,Medsize,1,0
XV69290,California,30148.79,Yes,Extended,1,College,1,11/1/2024,Employed,1,M,66255,Single,0,14,4,0,2,Corporate Auto,1,Corporate L2,4,2,Branch,1,Medsize,1,0
KL14426,Nevada,6857.79,No,Extended,1,Doctor,4,11/1/2024,Employed,1,F,112439,Married,1,24,95,0,1,Personal Auto,0,Personal L3,2,1,Agent,2,Medsize,1,0
IZ27630,Oregon,9110.11,No,Extended,1,Master,3,11/1/2024,Employed,1,M,92371,Single,0,19,109,0,7,Personal Auto,0,Personal L2,1,2,Branch,1,Large,2,0
DQ93036,Arizona,9779.22,No,Extended,1,High School or Below,0,11/1/2024,Employed,1,M,56634,Married,1,41,76,0,7,Personal Auto,0,Personal L1,0,1,Branch,1,Medsize,1,0
WK64739,Arizona,3185.22,Yes,Basic,0,Bachelor,2,11/1/2024,Disabled,4,F,26816,Divorced,2,30,130,0,1,Corporate Auto,1,Corporate L3,5,1,Web,0,Medsize,1,0
BE65350,Oregon,7102.4,No,Basic,0,High School or Below,0,11/1/2024,Employed,1,F,58824,Married,1,41,86,0,5,Personal Auto,0,Personal L3,2,1,Agent,2,Large,2,0
YN19139,Nevada,3454.33,No,Basic,0,High School or Below,0,11/1/2024,Unemployed,0,M,0,Single,0,5,19,0,1,Corporate Auto,1,Corporate L3,5,2,Agent,2,Medsize,1,0
YA12007,California,12419.38,No,Extended,1,College,1,11/1/2024,Unemployed,0,F,0,Divorced,2,14,15,0,2,Personal Auto,0,Personal L2,1,1,Branch,1,Medsize,1,0
VI42566,Oregon,8114.18,No,Basic,0,Master,3,11/1/2024,Employed,1,M,66570,Married,1,34,115,0,3,Personal Auto,0,Personal L3,2,2,Branch,1,Large,2,0
WC21120,California,10803.12,Yes,Basic,0,College,1,11/1/2024,Unemployed,0,F,0,Married,1,4,88,0,3,Personal Auto,0,Personal L1,0,1,Agent,2,Medsize,1,0
EO42272,California,13700.37,No,Basic,0,Bachelor,2,11/1/2024,Employed,1,F,60556,Divorced,2,32,96,1,2,Corporate Auto,1,Corporate L3,5,4,Branch,1,Small,0,0
HP55853,California,30148.79,Yes,Extended,1,College,1,11/1/2024,Employed,1,M,66255,Single,0,14,4,0,2,Corporate Auto,1,Corporate L3,5,2,Branch,1,Medsize,1,0
WH20102,California,12278.32,Yes,Basic,0,College,1,11/1/2024,Employed,1,M,51215,Married,1,15,57,0,5,Personal Auto,0,Personal L2,1,2,Call Center,3,Medsize,1,0
DX70966,Nevada,3740.91,Yes,Basic,0,College,1,11/1/2024,Employed,1,F,67596,Single,0,4,43,0,1,Personal Auto,0,Personal L2,1,2,Agent,2,Medsize,1,0
BG96711,California,3478.11,No,Basic,0,Bachelor,2,11/1/2024,Employed,1,M,33388,Divorced,2,5,66,0,1,Corporate Auto,1,Corporate L3,5,2,Branch,1,Small,0,0
MD95935,California,7891.33,No,Basic,0,Bachelor,2,11/1/2024,Employed,1,F,58246,Married,1,1,0,0,6,Corporate Auto,1,Corporate L3,5,3,Web,0,Medsize,1,0
IW27109,Oregon,6278.42,No,Basic,0,College,1,11/1/2024,Unemployed,0,M,0,Single,0,23,89,0,3,Personal Auto,0,Personal L3,2,1,Agent,2,Medsize,1,0
HI91534,California,6171.54,No,Basic,0,College,1,11/1/2024,Employed,1,F,123505,Divorced,2,3,22,0,1,Personal Auto,0,Personal L3,2,3,Web,0,Small,0,0
CF15086,California,5181.45,No,Extended,1,College,1,11/1/2024,Employed,1,M,103106,Married,1,28,109,0,1,Personal Auto,0,Personal L3,2,2,Branch,1,Medsize,1,0
MQ48266,Arizona,7512.69,No,Basic,0,Bachelor,2,11/1/2024,Employed,1,F,62784,Married,1,23,43,4,3,Personal Auto,0,Personal L3,2,1,Agent,2,Medsize,1,0
RZ89359,California,3308.34,No,Basic,0,College,1,11/1/2024,Employed,1,F,83542,Divorced,2,15,84,0,1,Personal Auto,0,Personal L1,0,4,Web,0,Medsize,1,0
PC80039,Oregon,3185.22,Yes,Basic,0,Bachelor,2,11/1/2024,Disabled,4,F,26816,Divorced,2,30,130,0,1,Personal Auto,0,Personal L2,1,1,Web,0,Medsize,1,0
PB47955,Oregon,11247.73,No,Basic,0,Bachelor,2,11/1/2024,Unemployed,0,F,0,Single,0,4,73,0,3,Personal Auto,0,Personal L3,2,2,Branch,1,Medsize,1,1
BS94221,Arizona,3178.33,No,Basic,0,College,1,11/1/2024,Disabled,4,F,35348,Married,1,1,124,0,1,Special Auto,2,Special L2,7,4,Branch,1,Large,2,0
ZB88708,Nevada,3779.28,No,Basic,0,Master,3,11/1/2024,Employed,1,M,105471,Married,1,7,8,0,1,Personal Auto,0,Personal L3,2,3,Call Center,3,Medsize,1,0
XI30683,Arizona,9085.32,No,Basic,0,College,1,11/1/2024,Unemployed,0,M,0,Single,0,18,27,0,9,Personal Auto,0,Personal L2,1,1,Branch,1,Medsize,1,1
UU92753,Oregon,35661.94,No,Basic,0,Doctor,4,11/1/2024,Employed,1,F,115475,Married,1,5,123,0,2,Personal Auto,0,Personal L3,2,2,Call Center,3,Medsize,1,0
ZP47993,California,11082.06,No,Premium,2,Bachelor,2,11/1/2024,Employed,1,F,54872,Married,1,30,8,0,8,Personal Auto,0,Personal L3,2,2,Web,0,Medsize,1,0
SK37917,Nevada,6851.82,No,Basic,0,College,1,11/1/2024,Unemployed,0,M,0,Single,0,38,11,0,3,Corporate Auto,1,Corporate L2,4,3,Agent,2,Medsize,1,0
NM37561,California,10001.03,No,Basic,0,High School or Below,0,11/1/2024,Employed,1,M,84794,Married,1,19,30,1,1,Corporate Auto,1,Corporate L2,4,3,Web,0,Medsize,1,0
DG31826,California,6729.24,Yes,Basic,0,Bachelor,2,11/1/2024,Employed,1,M,116512,Married,1,1,134,0,5,Corporate Auto,1,Corporate L2,4,2,Call Center,3,Medsize,1,0
DD97473,Oregon,2917.24,No,Basic,0,High School or Below,0,11/1/2024,Unemployed,0,F,0,Single,0,5,66,1,1,Personal Auto,0,Personal L3,2,1,Agent,2,Medsize,1,0
EC28314,California,6729.24,Yes,Basic,0,Bachelor,2,11/1/2024,Employed,1,M,116512,Married,1,1,134,0,5,Personal Auto,0,Personal L2,1,2,Call Center,3,Medsize,1,0
KS89479,Oregon,12278.32,Yes,Basic,0,College,1,11/1/2024,Employed,1,M,51215,Married,1,15,57,0,5,Personal Auto,0,Personal L3,2,2,Call Center,3,Medsize,1,0
RW66792,California,7702.49,No,Basic,0,High School or Below,0,11/1/2024,Employed,1,F,103305,Married,1,42,96,0,6,Personal Auto,0,Personal L2,1,2,Branch,1,Medsize,1,0
JD81426,Arizona,4669.7,No,Extended,1,High School or Below,0,11/1/2024,Employed,1,M,131169,Married,1,0,85,0,1,Personal Auto,0,Personal L1,0,3,Web,0,Medsize,1,0
VE31268,Oregon,5889.74,No,Basic,0,Bachelor,2,11/1/2024,Unemployed,0,M,0,Single,0,15,62,0,3,Personal Auto,0,Personal L3,2,3,Web,0,Medsize,1,0
VZ16820,Washington,13908.92,No,Extended,1,Bachelor,2,11/1/2024,Employed,1,M,29483,Single,0,3,95,0,8,Personal Auto,0,Personal L3,2,2,Agent,2,Medsize,1,0
CX34236,Oregon,12278.32,Yes,Basic,0,College,1,11/1/2024,Employed,1,M,51215,Married,1,15,57,0,5,Personal Auto,0,Personal L2,1,2,Call Center,3,Medsize,1,0
UP57305,California,6867.47,No,Basic,0,Bachelor,2,11/1/2024,Employed,1,M,30680,Married,1,34,99,0,3,Personal Auto,0,Personal L2,1,2,Branch,1,Medsize,1,0
UB17669,Nevada,3185.22,Yes,Basic,0,Bachelor,2,11/1/2024,Disabled,4,F,26816,Divorced,2,30,130,0,1,Personal Auto,0,Personal L3,2,1,Web,0,Medsize,1,0
GA89827,Oregon,9895.27,No,Basic,0,College,1,11/1/2024,Unemployed,0,M,0,Single,0,5,85,0,2,Personal Auto,0,Personal L3,2,1,Agent,2,Medsize,1,0
HG81101,Washington,3931.1,No,Basic,0,Bachelor,2,11/1/2024,Employed,1,F,27441,Married,1,35,59,0,1,Personal Auto,0,Personal L1,0,3,Web,0,Medsize,1,1
VF10088,Arizona,4603.77,No,Extended,1,High School or Below,0,11/1/2024,Employed,1,F,80544,Married,1,8,103,0,1,Personal Auto,0,Personal L1,0,2,Web,0,Medsize,1,0
UL17918,Arizona,3808.35,No,Extended,1,Bachelor,2,11/1/2024,Unemployed,0,M,0,Married,1,43,0,0,1,Corporate Auto,1,Corporate L2,4,4,Agent,2,Medsize,1,0
ZS50183,Arizona,10803.12,Yes,Basic,0,College,1,11/1/2024,Unemployed,0,F,0,Married,1,4,88,0,3,Corporate Auto,1,Corporate L3,5,1,Agent,2,Medsize,1,0
NW19960,Oregon,12278.32,Yes,Basic,0,College,1,11/1/2024,Employed,1,M,51215,Married,1,15,57,0,5,Personal Auto,0,Personal L3,2,2,Call Center,3,Medsize,1,0
WG37485,Oregon,7223,No,Extended,1,College,1,11/1/2024,Employed,1,F,78782,Single,0,36,103,2,1,Personal Auto,0,Personal L2,1,2,Call Center,3,Medsize,1,0
KD69941,California,6671.23,No,Extended,1,Bachelor,2,11/1/2024,Unemployed,0,M,0,Single,0,23,7,0,1,Personal Auto,0,Personal L3,2,3,Branch,1,Medsize,1,1
WM25415,Oregon,10438.72,No,Basic,0,High School or Below,0,11/1/2024,Employed,1,F,46481,Divorced,2,8,20,0,2,Personal Auto,0,Personal L2,1,1,Agent,2,Medsize,1,0
RV90030,California,11439.18,No,Basic,0,High School or Below,0,11/1/2024,Unemployed,0,F,0,Single,0,0,11,2,8,Special Auto,2,Special L2,7,1,Agent,2,Medsize,1,1
CS32416,Oregon,7554.28,No,Basic,0,Bachelor,2,11/1/2024,Employed,1,M,91805,Single,0,8,19,0,3,Corporate Auto,1,Corporate L2,4,1,Agent,2,Medsize,1,0
QT97406,Arizona,27162.76,No,Extended,1,Bachelor,2,11/1/2024,Employed,1,M,44373,Married,1,5,66,0,2,Corporate Auto,1,Corporate L2,4,1,Web,0,Large,2,0
BZ36030,Oregon,16997.76,No,Premium,2,College,1,11/1/2024,Employed,1,M,84476,Married,1,7,28,0,2,Personal Auto,0,Personal L1,0,2,Call Center,3,Medsize,1,0
RL21492,Arizona,6729.24,Yes,Basic,0,Bachelor,2,11/1/2024,Employed,1,M,116512,Married,1,1,134,0,5,Corporate Auto,1,Corporate L3,5,2,Call Center,3,Medsize,1,0
QL20148,Oregon,30148.79,Yes,Extended,1,College,1,11/1/2024,Employed,1,M,66255,Single,0,14,4,0,2,Personal Auto,0,Personal L3,2,2,Branch,1,Medsize,1,0
UI73553,Nevada,3185.22,Yes,Basic,0,Bachelor,2,11/1/2024,Disabled,4,F,26816,Divorced,2,30,130,0,1,Personal Auto,0,Personal L3,2,1,Web,0,Medsize,1,0
EY71418,Oregon,34614.32,No,Premium,2,Bachelor,2,11/1/2024,Disabled,4,F,33338,Married,1,7,112,0,2,Corporate Auto,1,Corporate L2,4,1,Agent,2,Medsize,1,1
LC12930,California,6577.22,No,Basic,0,Master,3,11/1/2024,Unemployed,0,M,0,Married,1,1,9,0,7,Personal Auto,0,Personal L2,1,1,Agent,2,Medsize,1,0
YN15967,California,10002.26,No,Extended,1,College,1,11/1/2024,Employed,1,M,82566,Single,0,3,96,0,3,Corporate Auto,1,Corporate L2,4,1,Branch,1,Small,0,0
QW44380,Washington,3560.76,No,Basic,0,High School or Below,0,11/1/2024,Employed,1,M,73410,Married,1,22,41,0,1,Personal Auto,0,Personal L2,1,2,Call Center,3,Small,0,0
FP45327,Washington,12278.32,Yes,Basic,0,College,1,11/1/2024,Employed,1,M,51215,Married,1,15,57,0,5,Personal Auto,0,Personal L2,1,2,Call Center,3,Medsize,1,0
GQ57207,California,3185.22,Yes,Basic,0,Bachelor,2,11/1/2024,Disabled,4,F,26816,Divorced,2,30,130,0,1,Personal Auto,0,Personal L2,1,1,Web,0,Medsize,1,0
VW65573,California,10300.97,No,Basic,0,High School or Below,0,11/1/2024,Unemployed,0,M,0,Single,0,28,27,0,8,Special Auto,2,Special L3,8,1,Agent,2,Large,2,1
PC76141,Nevada,3168.01,No,Basic,0,Bachelor,2,11/1/2024,Medical Leave,2,M,30958,Married,1,3,131,0,1,Personal Auto,0,Personal L1,0,1,Web,0,Small,0,0
IB82793,California,2874.24,No,Basic,0,High School or Below,0,11/1/2024,Unemployed,0,M,0,Divorced,2,18,109,1,1,Corporate Auto,1,Corporate L3,5,1,Agent,2,Medsize,1,0
PN18863,California,6897.83,No,Basic,0,College,1,11/1/2024,Employed,1,M,28724,Divorced,2,1,57,0,9,Corporate Auto,1,Corporate L3,5,2,Web,0,Medsize,1,0
XE65072,Oregon,8954.74,No,Extended,1,College,1,11/1/2024,Employed,1,M,85702,Married,1,5,113,0,3,Personal Auto,0,Personal L1,0,2,Branch,1,Medsize,1,0
LS17120,California,4132.42,No,Extended,1,Bachelor,2,11/1/2024,Employed,1,M,76773,Single,0,34,46,3,1,Personal Auto,0,Personal L2,1,1,Agent,2,Medsize,1,0
FZ16327,California,11168.7,No,Premium,2,College,1,11/1/2024,Unemployed,0,F,0,Divorced,2,8,105,0,3,Personal Auto,0,Personal L2,1,1,Web,0,Large,2,0
RE29039,California,10217.95,No,Basic,0,High School or Below,0,11/1/2024,Medical Leave,2,F,37203,Married,1,24,65,0,2,Personal Auto,0,Personal L3,2,1,Agent,2,Medsize,1,0
FI17798,California,3658.66,No,Basic,0,Doctor,4,11/1/2024,Unemployed,0,M,0,Married,1,9,117,0,1,Personal Auto,0,Personal L3,2,1,Agent,2,Small,0,0
ND68993,Nevada,45189.02,Yes,Basic,0,Bachelor,2,11/1/2024,Employed,1,F,44807,Divorced,2,24,128,0,2,Personal Auto,0,Personal L3,2,1,Web,0,Medsize,1,0
UU32345,California,30148.79,Yes,Extended,1,College,1,11/1/2024,Employed,1,M,66255,Single,0,14,4,0,2,Corporate Auto,1,Corporate L3,5,2,Branch,1,Medsize,1,0
YM94448,Arizona,6743.48,No,Basic,0,College,1,11/1/2024,Retired,3,F,14562,Divorced,2,45,34,0,8,Personal Auto,0,Personal L2,1,1,Agent,2,Small,0,0
PV12088,Arizona,8854.49,No,Basic,0,High School or Below,0,11/1/2024,Medical Leave,2,M,26336,Single,0,30,80,0,2,Personal Auto,0,Personal L1,0,1,Branch,1,Medsize,1,0
MO41014,Arizona,6729.24,Yes,Basic,0,Bachelor,2,11/1/2024,Employed,1,M,116512,Married,1,1,134,0,5,Corporate Auto,1,Corporate L2,4,2,Call Center,3,Medsize,1,0
RC22595,Arizona,5129.66,No,Premium,2,College,1,11/1/2024,Unemployed,0,F,0,Married,1,1,134,0,1,Personal Auto,0,Personal L3,2,1,Branch,1,Large,2,0
NG15645,California,3858.42,No,Basic,0,Master,3,11/1/2024,Employed,1,F,36966,Married,1,45,47,0,1,Personal Auto,0,Personal L2,1,2,Web,0,Medsize,1,0
AA35519,Arizona,10803.12,Yes,Basic,0,College,1,11/1/2024,Unemployed,0,F,0,Married,1,4,88,0,3,Personal Auto,0,Personal L2,1,1,Agent,2,Medsize,1,0
ZM40672,Oregon,9103.22,No,Basic,0,Master,3,11/1/2024,Unemployed,0,F,0,Single,0,3,103,0,2,Corporate Auto,1,Corporate L3,5,2,Agent,2,Small,0,0
HS89788,Arizona,10417.19,No,Basic,0,High School or Below,0,11/1/2024,Unemployed,0,F,0,Single,0,3,126,0,4,Personal Auto,0,Personal L1,0,2,Branch,1,Medsize,1,1
VM50666,California,13119.93,No,Basic,0,Doctor,4,11/1/2024,Unemployed,0,M,0,Divorced,2,16,62,0,2,Special Auto,2,Special L3,8,1,Branch,1,Large,2,0
ZP80265,Oregon,5547.57,No,Basic,0,Bachelor,2,11/1/2024,Unemployed,0,M,0,Single,0,0,31,0,8,Personal Auto,0,Personal L3,2,1,Agent,2,Large,2,0
LC47479,Oregon,38640.12,No,Extended,1,College,1,11/1/2024,Employed,1,M,47847,Married,1,14,27,0,2,Personal Auto,0,Personal L2,1,3,Branch,1,Small,0,1
XR82418,California,6729.24,Yes,Basic,0,Bachelor,2,11/1/2024,Employed,1,M,116512,Married,1,1,134,0,5,Personal Auto,0,Personal L1,0,2,Call Center,3,Medsize,1,0
FY77803,California,13674.83,No,Basic,0,High School or Below,0,11/1/2024,Unemployed,0,F,0,Married,1,46,42,0,2,Corporate Auto,1,Corporate L1,3,4,Call Center,3,Medsize,1,0
RD40721,California,7269.39,No,Extended,1,High School or Below,0,11/1/2024,Unemployed,0,M,0,Divorced,2,19,92,0,5,Corporate Auto,1,Corporate L3,5,3,Agent,2,Medsize,1,1
CS35098,California,13786.23,No,Extended,1,College,1,11/1/2024,Employed,1,M,126792,Married,1,27,18,0,2,Corporate Auto,1,Corporate L3,5,2,Web,0,Medsize,1,0
AV93209,California,16858.23,No,Premium,2,High School or Below,0,11/1/2024,Employed,1,F,42232,Married,1,24,4,0,2,Personal Auto,0,Personal L3,2,1,Agent,2,Medsize,1,0
WI89701,California,7702.96,No,Basic,0,College,1,11/1/2024,Unemployed,0,F,0,Married,1,3,46,0,9,Personal Auto,0,Personal L3,2,1,Branch,1,Medsize,1,0
MS88882,California,7613.19,No,Extended,1,College,1,11/1/2024,Disabled,4,M,33259,Single,0,7,97,0,6,Personal Auto,0,Personal L3,2,2,Agent,2,Medsize,1,0
KB42322,California,9127.49,No,Extended,1,Bachelor,2,11/1/2024,Employed,1,F,95619,Divorced,2,19,14,0,3,Personal Auto,0,Personal L3,2,4,Web,0,Medsize,1,0
NC99948,Nevada,22023.47,No,Basic,0,College,1,11/2/2024,Unemployed,0,M,0,Single,0,28,116,0,2,Personal Auto,0,Personal L1,0,3,Call Center,3,Medsize,1,0
LQ68252,Oregon,5046.89,No,Basic,0,High School or Below,0,11/2/2024,Retired,3,M,36731,Single,0,14,88,0,1,Personal Auto,0,Personal L2,1,1,Web,0,Medsize,1,0
MP53505,Washington,7425.02,No,Extended,1,High School or Below,0,11/2/2024,Employed,1,F,116199,Married,1,4,43,0,1,Corporate Auto,1,Corporate L3,5,4,Agent,2,Medsize,1,0
RV67546,California,5011.78,No,Extended,1,Bachelor,2,11/2/2024,Employed,1,M,98827,Married,1,12,24,0,1,Personal Auto,0,Personal L2,1,3,Branch,1,Medsize,1,0
DM74502,Nevada,7056.59,No,Extended,1,College,1,11/2/2024,Employed,1,F,125667,Married,1,19,34,3,1,Corporate Auto,1,Corporate L3,5,1,Agent,2,Medsize,1,0
TR88637,Arizona,10942.98,No,Basic,0,High School or Below,0,11/2/2024,Employed,1,F,52506,Single,0,26,54,0,9,Personal Auto,0,Personal L1,0,2,Agent,2,Small,0,0
OF78862,Oregon,5388.83,No,Extended,1,College,1,11/2/2024,Employed,1,F,74201,Married,1,18,72,0,1,Personal Auto,0,Personal L2,1,1,Agent,2,Medsize,1,0
SI11249,California,6815.11,No,Basic,0,High School or Below,0,11/2/2024,Employed,1,F,39691,Single,0,41,76,0,4,Personal Auto,0,Personal L3,2,1,Branch,1,Small,0,0
RQ11502,Nevada,6420.22,No,Extended,1,Bachelor,2,11/2/2024,Retired,3,F,32366,Married,1,11,53,0,1,Corporate Auto,1,Corporate L3,5,1,Agent,2,Small,0,0
DQ79499,Oregon,14230.5,No,Extended,1,Doctor,4,11/2/2024,Employed,1,F,80953,Married,1,9,73,0,7,Personal Auto,0,Personal L2,1,1,Branch,1,Medsize,1,1
ZO14864,Washington,4613.23,No,Extended,1,Master,3,11/2/2024,Employed,1,F,57410,Divorced,2,16,96,0,1,Personal Auto,0,Personal L3,2,2,Agent,2,Medsize,1,0
KW81128,Arizona,20558.07,No,Extended,1,College,1,11/2/2024,Employed,1,F,128439,Divorced,2,8,70,0,2,Personal Auto,0,Personal L3,2,1,Agent,2,Medsize,1,0
XA54112,California,5463.36,No,Basic,0,Bachelor,2,11/2/2024,Disabled,4,M,17996,Single,0,45,100,0,1,Corporate Auto,1,Corporate L3,5,1,Call Center,3,Medsize,1,0
CP28581,Arizona,11493.35,No,Basic,0,College,1,11/2/2024,Employed,1,M,79961,Married,1,15,76,0,5,Personal Auto,0,Personal L3,2,1,Branch,1,Medsize,1,0
IK92617,Oregon,15698.79,No,Extended,1,Bachelor,2,11/2/2024,Employed,1,F,132071,Married,1,4,82,0,2,Personal Auto,0,Personal L3,2,1,Agent,2,Small,0,0
KR50062,Oregon,3718.52,No,Basic,0,College,1,11/2/2024,Employed,1,M,107334,Married,1,9,23,3,1,Personal Auto,0,Personal L3,2,2,Call Center,3,Medsize,1,0
IV55977,Oregon,3636.57,No,Basic,0,Bachelor,2,11/2/2024,Unemployed,0,M,0,Married,1,47,117,1,1,Personal Auto,0,Personal L3,2,2,Web,0,Small,0,0
IL56791,Oregon,2713.19,No,Basic,0,Bachelor,2,11/2/2024,Unemployed,0,M,0,Single,0,16,77,2,1,Personal Auto,0,Personal L3,2,2,Agent,2,Medsize,1,0
ST27958,Washington,5921.47,Yes,Basic,0,College,1,11/2/2024,Retired,3,M,14338,Single,0,38,30,0,5,Personal Auto,0,Personal L3,2,1,Agent,2,Medsize,1,0
DQ50538,Nevada,12218.52,No,Basic,0,Bachelor,2,11/2/2024,Employed,1,M,86130,Married,1,12,58,0,4,Personal Auto,0,Personal L3,2,1,Branch,1,Medsize,1,0
PN47493,Oregon,3619.22,No,Basic,0,College,1,11/2/2024,Employed,1,F,56657,Married,1,15,130,0,1,Corporate Auto,1,Corporate L3,5,1,Agent,2,Medsize,1,0
IA56290,Arizona,3396.74,No,Basic,0,College,1,11/2/2024,Employed,1,F,119387,Married,1,22,82,0,1,Personal Auto,0,Personal L3,2,3,Branch,1,Small,0,0
EI58852,Arizona,28627.26,No,Extended,1,High School or Below,0,11/2/2024,Employed,1,F,33656,Married,1,9,22,0,2,Personal Auto,0,Personal L3,2,1,Branch,1,Medsize,1,0
PD19551,California,3426.26,No,Basic,0,Bachelor,2,11/2/2024,Employed,1,F,50776,Divorced,2,0,43,0,1,Personal Auto,0,Personal L2,1,3,Call Center,3,Small,0,0
JZ69749,Washington,8749.87,No,Extended,1,High School or Below,0,11/2/2024,Unemployed,0,F,0,Single,0,1,23,0,6,Personal Auto,0,Personal L2,1,3,Agent,2,Medsize,1,0
HR10835,Nevada,19664.22,No,Extended,1,High School or Below,0,11/2/2024,Employed,1,M,70961,Married,1,45,38,0,2,Personal Auto,0,Personal L3,2,2,Branch,1,Medsize,1,0
UQ13133,Nevada,3521.86,No,Basic,0,Master,3,11/2/2024,Employed,1,M,83115,Married,1,47,105,0,1,Personal Auto,0,Personal L1,0,4,Branch,1,Small,0,0
MP53132,Oregon,13112.76,No,Extended,1,High School or Below,0,11/2/2024,Unemployed,0,F,0,Single,0,9,46,0,3,Corporate Auto,1,Corporate L3,5,1,Agent,2,Large,2,1
OB73235,California,3246.02,No,Basic,0,College,1,11/2/2024,Employed,1,M,62031,Single,0,0,95,0,1,Corporate Auto,1,Corporate L3,5,1,Agent,2,Medsize,1,0
IY24560,California,7139.12,No,Basic,0,Bachelor,2,11/2/2024,Medical Leave,2,M,38993,Married,1,36,12,1,3,Corporate Auto,1,Corporate L3,5,2,Agent,2,Medsize,1,0
LY69932,Oregon,11082.96,No,Basic,0,High School or Below,0,11/2/2024,Employed,1,M,91830,Married,1,4,35,0,3,Personal Auto,0,Personal L3,2,4,Web,0,Small,0,0
RT63209,California,8092.24,No,Basic,0,Master,3,11/2/2024,Employed,1,F,100283,Married,1,36,7,0,3,Personal Auto,0,Personal L3,2,3,Call Center,3,Medsize,1,0
GK67747,Washington,5921.47,Yes,Basic,0,College,1,11/2/2024,Retired,3,M,14338,Single,0,38,30,0,5,Special Auto,2,Special L3,8,1,Agent,2,Medsize,1,0
IC47914,California,4790.34,No,Premium,2,College,1,11/2/2024,Unemployed,0,M,0,Single,0,23,24,0,1,Corporate Auto,1,Corporate L2,4,2,Web,0,Small,0,1
AT62618,Oregon,8247.33,No,Extended,1,Bachelor,2,11/2/2024,Unemployed,0,F,0,Single,0,34,32,0,6,Personal Auto,0,Personal L2,1,2,Web,0,Medsize,1,0
WX65636,Arizona,35724.72,No,Extended,1,Bachelor,2,11/2/2024,Unemployed,0,F,0,Single,0,20,119,2,2,Corporate Auto,1,Corporate L2,4,1,Agent,2,Medsize,1,0
AY52869,California,5921.47,Yes,Basic,0,College,1,11/2/2024,Retired,3,M,14338,Single,0,38,30,0,5,Personal Auto,0,Personal L1,0,1,Agent,2,Medsize,1,0
SP81997,Washington,10466.46,No,Extended,1,Master,3,11/2/2024,Employed,1,F,55721,Married,1,39,22,0,3,Personal Auto,0,Personal L3,2,3,Branch,1,Large,2,0
HG40729,Oregon,15221.13,No,Premium,2,College,1,11/2/2024,Unemployed,0,M,0,Single,0,30,53,0,2,Personal Auto,0,Personal L3,2,1,Branch,1,Small,0,1
ZL23478,California,45159.92,No,Extended,1,Bachelor,2,11/2/2024,Employed,1,F,115680,Married,1,7,11,0,2,Corporate Auto,1,Corporate L3,5,1,Agent,2,Small,0,0
EL41362,California,7194.32,No,Basic,0,College,1,11/2/2024,Employed,1,F,134783,Married,1,23,16,0,3,Personal Auto,0,Personal L2,1,3,Agent,2,Small,0,0
PR98117,Oregon,3564.7,No,Basic,0,Bachelor,2,11/2/2024,Employed,1,F,131849,Single,0,22,81,0,1,Personal Auto,0,Personal L3,2,2,Branch,1,Medsize,1,0
KC14861,Oregon,20097.05,No,Basic,0,High School or Below,0,11/2/2024,Employed,1,M,123111,Married,1,20,101,1,6,Personal Auto,0,Personal L1,0,1,Web,0,Medsize,1,0
OQ99704,Washington,5375.4,No,Basic,0,Bachelor,2,11/2/2024,Employed,1,F,71281,Married,1,28,105,0,1,Personal Auto,0,Personal L3,2,2,Branch,1,Small,0,0
RO90746,California,24052.52,No,Extended,1,High School or Below,0,11/2/2024,Employed,1,F,81259,Married,1,23,117,0,7,Personal Auto,0,Personal L3,2,3,Agent,2,Medsize,1,1
UY61913,Oregon,11944.05,No,Basic,0,College,1,11/2/2024,Disabled,4,M,24233,Married,1,46,32,0,4,Personal Auto,0,Personal L2,1,1,Agent,2,Medsize,1,0
BA52133,California,7215.74,No,Basic,0,Master,3,11/2/2024,Employed,1,M,30926,Married,1,41,26,0,7,Personal Auto,0,Personal L2,1,3,Call Center,3,Small,0,0
KO86181,Oregon,9371.53,No,Basic,0,College,1,11/2/2024,Unemployed,0,F,0,Single,0,4,99,3,6,Personal Auto,0,Personal L3,2,1,Agent,2,Small,0,0
ER24015,Arizona,9356.34,No,Premium,2,College,1,11/2/2024,Employed,1,M,39579,Single,0,39,130,5,1,Personal Auto,0,Personal L3,2,2,Agent,2,Medsize,1,1
AT41276,California,10949.22,No,Basic,0,Bachelor,2,11/2/2024,Employed,1,M,49348,Married,1,8,84,1,2,Personal Auto,0,Personal L2,1,4,Call Center,3,Small,0,0
YW60802,Oregon,5558.45,No,Basic,0,High School or Below,0,11/2/2024,Unemployed,0,F,0,Single,0,26,134,0,1,Personal Auto,0,Personal L1,0,1,Web,0,Small,0,1
NS57426,Arizona,15676.13,No,Extended,1,Bachelor,2,11/2/2024,Employed,1,M,39035,Single,0,14,66,0,2,Personal Auto,0,Personal L3,2,4,Web,0,Medsize,1,0
UJ31096,Oregon,7209.72,No,Basic,0,High School or Below,0,11/2/2024,Employed,1,F,78966,Married,1,18,72,0,4,Personal Auto,0,Personal L1,0,3,Agent,2,Large,2,0
WC21189,California,10437.81,No,Extended,1,College,1,11/2/2024,Employed,1,F,50471,Married,1,1,5,0,3,Corporate Auto,1,Corporate L1,3,1,Branch,1,Large,2,0
QK23742,California,3108.81,No,Basic,0,College,1,11/2/2024,Unemployed,0,F,0,Single,0,18,65,0,1,Corporate Auto,1,Corporate L2,4,3,Web,0,Large,2,0
NK26146,Washington,9548.45,No,Basic,0,College,1,11/2/2024,Employed,1,F,122244,Divorced,2,38,5,4,2,Corporate Auto,1,Corporate L3,5,4,Call Center,3,Small,0,0
MD47500,California,6563.02,No,Basic,0,College,1,11/2/2024,Medical Leave,2,M,16407,Single,0,31,12,1,8,Personal Auto,0,Personal L3,2,1,Branch,1,Large,2,0
OW31837,California,25885.76,No,Basic,0,Bachelor,2,11/2/2024,Employed,1,F,99938,Married,1,14,22,0,2,Corporate Auto,1,Corporate L1,3,4,Call Center,3,Medsize,1,0
ET64307,California,16905.43,No,Basic,0,Bachelor,2,11/2/2024,Employed,1,F,59860,Married,1,20,76,0,2,Personal Auto,0,Personal L2,1,1,Agent,2,Medsize,1,0
TQ73797,California,10934.78,No,Basic,0,Bachelor,2,11/2/2024,Employed,1,M,35031,Married,1,0,38,0,3,Personal Auto,0,Personal L2,1,2,Branch,1,Small,0,0
ZB32409,California,3027.01,No,Basic,0,Bachelor,2,11/2/2024,Unemployed,0,F,0,Single,0,20,101,3,1,Personal Auto,0,Personal L1,0,1,Agent,2,Medsize,1,0
DI51103,Washington,3661.06,No,Basic,0,High School or Below,0,11/2/2024,Unemployed,0,F,0,Single,0,18,92,0,1,Personal Auto,0,Personal L1,0,2,Call Center,3,Small,0,0
OO96263,Nevada,15669.25,No,Extended,1,High School or Below,0,11/2/2024,Employed,1,F,61956,Married,1,4,101,0,2,Personal Auto,0,Personal L1,0,2,Call Center,3,Medsize,1,0
DP57381,Nevada,27602.91,No,Extended,1,College,1,11/2/2024,Employed,1,M,96480,Divorced,2,7,46,0,2,Personal Auto,0,Personal L2,1,3,Branch,1,Medsize,1,0
NB96938,Oregon,6693.32,No,Basic,0,College,1,11/2/2024,Medical Leave,2,M,30837,Married,1,27,72,0,9,Personal Auto,0,Personal L2,1,1,Agent,2,Medsize,1,0
UW55977,Washington,7028.25,No,Basic,0,Bachelor,2,11/2/2024,Employed,1,M,127429,Married,1,4,120,1,8,Personal Auto,0,Personal L3,2,1,Call Center,3,Small,0,0
JS76871,Oregon,11662.77,No,Basic,0,High School or Below,0,11/2/2024,Employed,1,M,83811,Married,1,20,77,0,2,Corporate Auto,1,Corporate L3,5,1,Agent,2,Medsize,1,0
KW93227,Washington,29555.47,No,Basic,0,College,1,11/2/2024,Employed,1,M,78501,Married,1,7,122,0,2,Special Auto,2,Special L1,6,1,Branch,1,Small,0,0
KE83023,Oregon,14641.76,No,Extended,1,Bachelor,2,11/2/2024,Employed,1,M,36827,Married,1,41,104,0,5,Personal Auto,0,Personal L1,0,1,Branch,1,Medsize,1,1
NQ92014,California,4939.9,No,Basic,0,High School or Below,0,11/2/2024,Unemployed,0,F,0,Single,0,46,53,0,1,Personal Auto,0,Personal L2,1,2,Web,0,Medsize,1,1
RQ72272,Arizona,3799.18,No,Basic,0,College,1,11/2/2024,Employed,1,M,127310,Divorced,2,42,55,0,1,Personal Auto,0,Personal L2,1,2,Call Center,3,Medsize,1,0
EV15646,California,5105.28,No,Extended,1,College,1,11/2/2024,Employed,1,M,62874,Married,1,35,84,0,1,Personal Auto,0,Personal L3,2,3,Branch,1,Medsize,1,0
FF38892,California,44362.7,No,Premium,2,High School or Below,0,11/2/2024,Employed,1,F,67350,Married,1,11,15,0,2,Personal Auto,0,Personal L3,2,4,Agent,2,Medsize,1,0
AU71562,Washington,3964.58,No,Basic,0,High School or Below,0,11/2/2024,Employed,1,F,36692,Married,1,43,93,0,1,Personal Auto,0,Personal L3,2,2,Branch,1,Medsize,1,0
QT24496,California,5512.81,No,Basic,0,College,1,11/2/2024,Disabled,4,F,18202,Married,1,12,81,0,1,Personal Auto,0,Personal L3,2,1,Branch,1,Medsize,1,0
JA17689,Arizona,3262.25,No,Basic,0,Bachelor,2,11/2/2024,Unemployed,0,M,0,Married,1,18,126,0,1,Personal Auto,0,Personal L3,2,1,Branch,1,Medsize,1,0
JV29414,Oregon,24013.88,No,Extended,1,Doctor,4,11/2/2024,Employed,1,M,99008,Divorced,2,46,18,0,2,Personal Auto,0,Personal L3,2,2,Agent,2,Medsize,1,0
WS68402,Oregon,3172.44,No,Basic,0,Bachelor,2,11/2/2024,Unemployed,0,M,0,Single,0,28,7,0,1,Special Auto,2,Special L3,8,4,Call Center,3,Large,2,0
YH86106,Arizona,7782.56,No,Basic,0,Bachelor,2,11/2/2024,Employed,1,M,54321,Married,1,23,119,1,9,Personal Auto,0,Personal L3,2,1,Branch,1,Medsize,1,0
NB18234,Nevada,7268.42,No,Basic,0,College,1,11/2/2024,Employed,1,F,41194,Single,0,4,117,2,6,Personal Auto,0,Personal L3,2,1,Web,0,Medsize,1,0
QF13998,California,3183.03,No,Basic,0,College,1,11/2/2024,Unemployed,0,F,0,Married,1,7,80,1,1,Personal Auto,0,Personal L3,2,2,Web,0,Medsize,1,0
NA43540,Washington,11155.7,No,Extended,1,High School or Below,0,11/2/2024,Unemployed,0,M,0,Married,1,15,61,1,2,Corporate Auto,1,Corporate L3,5,1,Agent,2,Large,2,0
CY80935,Oregon,19911.05,No,Extended,1,High School or Below,0,11/2/2024,Employed,1,M,42155,Married,1,42,92,0,2,Personal Auto,0,Personal L2,1,1,Agent,2,Medsize,1,0
AQ91207,California,3358.33,No,Basic,0,High School or Below,0,11/2/2024,Employed,1,M,52200,Married,1,12,28,0,1,Personal Auto,0,Personal L3,2,2,Branch,1,Medsize,1,0
EG12987,California,6540.75,No,Basic,0,Bachelor,2,11/2/2024,Unemployed,0,F,0,Married,1,9,19,0,6,Personal Auto,0,Personal L2,1,3,Branch,1,Large,2,0
KQ50003,Arizona,37651.58,No,Extended,1,High School or Below,0,11/2/2024,Employed,1,F,62837,Divorced,2,12,86,0,2,Special Auto,2,Special L1,6,1,Branch,1,Medsize,1,0
BL66157,California,5372.62,No,Extended,1,Bachelor,2,11/2/2024,Employed,1,F,130158,Married,1,4,105,0,1,Personal Auto,0,Personal L2,1,3,Web,0,Small,0,0
HP77890,Washington,19458.06,No,Basic,0,College,1,11/2/2024,Employed,1,F,76217,Single,0,36,92,0,2,Personal Auto,0,Personal L2,1,3,Web,0,Large,2,0
NZ98813,California,18684.22,No,Basic,0,High School or Below,0,11/2/2024,Medical Leave,2,F,40038,Divorced,2,27,89,0,2,Personal Auto,0,Personal L3,2,1,Call Center,3,Medsize,1,0
YG68142,Oregon,7916.92,No,Basic,0,High School or Below,0,11/2/2024,Employed,1,F,97243,Married,1,14,99,0,4,Personal Auto,0,Personal L2,1,2,Web,0,Medsize,1,0
MT35297,Oregon,6839.01,No,Basic,0,High School or Below,0,11/2/2024,Employed,1,F,58671,Married,1,5,24,0,3,Personal Auto,0,Personal L2,1,3,Branch,1,Small,0,0
DS62172,Oregon,3731.43,No,Basic,0,Bachelor,2,11/2/2024,Employed,1,F,73147,Divorced,2,1,123,0,1,Personal Auto,0,Personal L3,2,1,Web,0,Large,2,0
TQ33359,California,8217.86,No,Extended,1,High School or Below,0,11/2/2024,Employed,1,M,115633,Married,1,11,62,0,3,Personal Auto,0,Personal L3,2,2,Agent,2,Large,2,0
MQ54182,California,6398.12,No,Premium,2,Bachelor,2,11/2/2024,Employed,1,F,66753,Married,1,12,65,2,1,Personal Auto,0,Personal L2,1,1,Branch,1,Medsize,1,1
PT52001,Nevada,3000.87,No,Basic,0,College,1,11/2/2024,Unemployed,0,F,0,Single,0,7,73,0,1,Corporate Auto,1,Corporate L2,4,1,Agent,2,Medsize,1,0
IZ13533,Arizona,10681.38,No,Premium,2,Bachelor,2,11/2/2024,Unemployed,0,M,0,Single,0,35,46,0,7,Personal Auto,0,Personal L3,2,1,Branch,1,Large,2,1
EK95340,Washington,11279.94,No,Premium,2,Master,3,11/2/2024,Employed,1,M,66911,Divorced,2,11,39,0,5,Corporate Auto,1,Corporate L1,3,3,Web,0,Small,0,0
FC15606,Oregon,13103.61,No,Extended,1,College,1,11/2/2024,Employed,1,F,31926,Married,1,3,93,0,6,Personal Auto,0,Personal L3,2,1,Branch,1,Large,2,0
QN26812,Arizona,6823.95,No,Basic,0,High School or Below,0,11/2/2024,Employed,1,M,107051,Single,0,46,86,0,6,Personal Auto,0,Personal L3,2,1,Agent,2,Medsize,1,0
MT16688,Arizona,3507.38,No,Basic,0,Bachelor,2,11/2/2024,Employed,1,F,84464,Married,1,5,4,1,1,Corporate Auto,1,Corporate L1,3,3,Branch,1,Medsize,1,0
PH78214,Oregon,7326.69,No,Basic,0,College,1,11/2/2024,Medical Leave,2,F,37364,Married,1,14,111,1,3,Personal Auto,0,Personal L3,2,2,Agent,2,Medsize,1,0
BV25135,California,6274.02,No,Extended,1,Bachelor,2,11/2/2024,Employed,1,M,38224,Single,0,28,50,0,1,Personal Auto,0,Personal L3,2,1,Agent,2,Medsize,1,0
ZT58755,Oregon,24053.58,No,Basic,0,High School or Below,0,11/2/2024,Unemployed,0,F,0,Married,1,5,96,0,2,Personal Auto,0,Personal L3,2,1,Agent,2,Medsize,1,0
ZK83518,California,5921.47,Yes,Basic,0,College,1,11/2/2024,Retired,3,M,14338,Single,0,38,30,0,5,Personal Auto,0,Personal L3,2,1,Agent,2,Medsize,1,0
GH35369,California,5921.47,Yes,Basic,0,College,1,11/2/2024,Retired,3,M,14338,Single,0,38,30,0,5,Personal Auto,0,Personal L3,2,1,Agent,2,Medsize,1,0
PK26805,California,3794.79,No,Basic,0,High School or Below,0,11/2/2024,Employed,1,M,27501,Married,1,26,19,1,1,Personal Auto,0,Personal L2,1,4,Call Center,3,Medsize,1,0
OO96627,California,4767.32,No,Extended,1,High School or Below,0,11/2/2024,Unemployed,0,M,0,Single,0,31,62,0,1,Corporate Auto,1,Corporate L3,5,2,Call Center,3,Small,0,1
BB65725,California,10882.62,No,Basic,0,College,1,11/2/2024,Employed,1,M,77346,Married,1,26,117,0,7,Corporate Auto,1,Corporate L3,5,1,Agent,2,Medsize,1,0
ZV43350,California,6117.34,No,Premium,2,Bachelor,2,11/2/2024,Unemployed,0,F,0,Married,1,41,128,0,1,Personal Auto,0,Personal L2,1,1,Branch,1,Medsize,1,0
UC75204,California,17349.42,No,Basic,0,High School or Below,0,11/2/2024,Unemployed,0,F,0,Single,0,15,42,0,8,Personal Auto,0,Personal L3,2,1,Branch,1,Small,0,1
WN56695,California,11620.1,No,Premium,2,College,1,11/2/2024,Unemployed,0,M,0,Married,1,41,70,0,7,Personal Auto,0,Personal L2,1,1,Web,0,Medsize,1,0
SG59507,California,3747.16,No,Basic,0,College,1,11/2/2024,Employed,1,F,51600,Divorced,2,8,11,0,1,Personal Auto,0,Personal L2,1,2,Call Center,3,Medsize,1,0
XT41916,California,6944.22,No,Basic,0,High School or Below,0,11/2/2024,Unemployed,0,F,0,Single,0,12,113,0,3,Personal Auto,0,Personal L3,2,1,Agent,2,Medsize,1,0
OS54451,California,3547.57,No,Basic,0,Bachelor,2,11/2/2024,Employed,1,M,43151,Married,1,41,122,0,1,Personal Auto,0,Personal L2,1,2,Web,0,Medsize,1,0
RB75458,California,3010.87,No,Basic,0,High School or Below,0,11/2/2024,Unemployed,0,M,0,Single,0,18,39,0,1,Personal Auto,0,Personal L2,1,2,Agent,2,Medsize,1,0
SR41132,California,40641.1,No,Extended,1,High School or Below,0,11/2/2024,Unemployed,0,F,0,Single,0,20,9,0,2,Corporate Auto,1,Corporate L3,5,4,Branch,1,Small,0,1
XK64261,Oregon,6429.8,No,Basic,0,Bachelor,2,12/1/2024,Employed,1,M,88823,Single,0,3,115,1,3,Corporate Auto,1,Corporate L3,5,3,Call Center,3,Medsize,1,0
SH36774,California,20281.86,No,Basic,0,High School or Below,0,12/1/2024,Employed,1,M,38154,Single,0,12,104,0,3,Personal Auto,0,Personal L3,2,3,Web,0,Medsize,1,1
GJ59592,California,7180.51,Yes,Basic,0,Bachelor,2,12/1/2024,Employed,1,F,33931,Married,1,4,0,0,6,Corporate Auto,1,Corporate L2,4,2,Call Center,3,Small,0,0
EI46264,California,3426.05,No,Basic,0,High School or Below,0,12/1/2024,Employed,1,M,76438,Married,1,36,49,2,1,Personal Auto,0,Personal L2,1,2,Branch,1,Medsize,1,0
QL93655,Oregon,15489.2,No,Extended,1,High School or Below,0,12/1/2024,Employed,1,F,89826,Married,1,19,86,0,2,Personal Auto,0,Personal L3,2,2,Agent,2,Medsize,1,0
RA70851,Oregon,10040.89,No,Extended,1,High School or Below,0,12/1/2024,Employed,1,M,117265,Married,1,36,35,0,3,Personal Auto,0,Personal L3,2,2,Branch,1,Medsize,1,0
ML82674,Oregon,14821.35,No,Extended,1,Bachelor,2,12/1/2024,Employed,1,M,92013,Married,1,38,117,1,4,Personal Auto,0,Personal L2,1,1,Call Center,3,Medsize,1,0
LK74984,Washington,3319.88,No,Basic,0,High School or Below,0,12/1/2024,Employed,1,M,28607,Married,1,32,92,2,1,Personal Auto,0,Personal L3,2,2,Call Center,3,Medsize,1,0
AL96740,California,3920.32,No,Basic,0,College,1,12/1/2024,Employed,1,F,91480,Married,1,23,93,1,1,Personal Auto,0,Personal L3,2,1,Agent,2,Medsize,1,0
XP11075,Arizona,19665.81,No,Premium,2,Bachelor,2,12/1/2024,Unemployed,0,M,0,Single,0,11,24,0,2,Personal Auto,0,Personal L2,1,1,Agent,2,Medsize,1,0
EX46492,Arizona,10349.8,No,Extended,1,Master,3,12/1/2024,Employed,1,F,118616,Married,1,26,57,0,8,Personal Auto,0,Personal L3,2,2,Agent,2,Medsize,1,0
WO94087,Arizona,8588.64,No,Extended,1,Bachelor,2,12/1/2024,Unemployed,0,F,0,Married,1,23,45,0,3,Corporate Auto,1,Corporate L1,3,4,Agent,2,Medsize,1,0
NM42917,Arizona,13402.63,No,Extended,1,College,1,12/1/2024,Employed,1,F,79249,Married,1,43,35,2,6,Personal Auto,0,Personal L3,2,3,Agent,2,Small,0,0
WW87934,Arizona,11147.85,Yes,Basic,0,Bachelor,2,12/1/2024,Disabled,4,F,32150,Married,1,5,63,0,2,Personal Auto,0,Personal L3,2,2,Call Center,3,Medsize,1,0
HF75276,Nevada,4121.05,No,Extended,1,High School or Below,0,12/1/2024,Unemployed,0,F,0,Divorced,2,20,42,3,1,Personal Auto,0,Personal L3,2,1,Branch,1,Large,2,0
UD47050,Oregon,8107.04,Yes,Extended,1,High School or Below,0,12/1/2024,Employed,1,M,36283,Single,0,23,97,0,8,Corporate Auto,1,Corporate L2,4,1,Agent,2,Medsize,1,0
XS22323,Arizona,8107.04,Yes,Extended,1,High School or Below,0,12/1/2024,Employed,1,M,36283,Single,0,23,97,0,8,Personal Auto,0,Personal L3,2,1,Agent,2,Medsize,1,0
HZ56678,Oregon,3753.27,No,Basic,0,High School or Below,0,12/1/2024,Disabled,4,F,27352,Divorced,2,5,74,0,1,Personal Auto,0,Personal L2,1,4,Web,0,Large,2,0
IV74747,California,23665.55,No,Extended,1,Doctor,4,12/1/2024,Unemployed,0,M,0,Divorced,2,36,130,0,2,Corporate Auto,1,Corporate L2,4,4,Web,0,Medsize,1,0
QK18099,Washington,7257.39,No,Basic,0,College,1,12/1/2024,Employed,1,F,93218,Married,1,23,51,0,3,Personal Auto,0,Personal L2,1,3,Web,0,Large,2,0
XX29952,Arizona,16435.7,No,Premium,2,College,1,12/1/2024,Employed,1,M,119048,Married,1,7,131,3,2,Personal Auto,0,Personal L3,2,1,Agent,2,Medsize,1,0
TG68823,Arizona,7180.51,Yes,Basic,0,Bachelor,2,12/1/2024,Employed,1,F,33931,Married,1,4,0,0,6,Personal Auto,0,Personal L3,2,2,Call Center,3,Small,0,0
DG90902,California,23593.47,No,Basic,0,College,1,12/1/2024,Employed,1,F,60893,Married,1,30,28,0,2,Personal Auto,0,Personal L2,1,2,Agent,2,Medsize,1,0
MO33279,California,7549.81,No,Basic,0,College,1,12/1/2024,Employed,1,F,84009,Divorced,2,18,35,0,5,Personal Auto,0,Personal L2,1,3,Agent,2,Medsize,1,0
KJ50265,Washington,14064.72,No,Extended,1,High School or Below,0,12/1/2024,Disabled,4,M,37734,Married,1,43,5,0,2,Personal Auto,0,Personal L3,2,1,Branch,1,Medsize,1,0
YK43172,Arizona,4481.49,No,Extended,1,Bachelor,2,12/1/2024,Employed,1,M,93355,Single,0,11,112,4,1,Personal Auto,0,Personal L3,2,3,Web,0,Large,2,0
RK53289,California,7622.54,No,Basic,0,Bachelor,2,12/1/2024,Employed,1,F,53785,Single,0,12,54,0,5,Personal Auto,0,Personal L3,2,1,Agent,2,Small,0,0
WM19967,California,26844.64,No,Basic,0,College,1,12/1/2024,Employed,1,F,86069,Married,1,38,54,0,2,Personal Auto,0,Personal L2,1,2,Web,0,Medsize,1,0
SI60881,Oregon,12444.27,No,Basic,0,Bachelor,2,12/1/2024,Employed,1,F,35574,Divorced,2,19,117,0,7,Personal Auto,0,Personal L2,1,3,Branch,1,Medsize,1,0
AV25133,Oregon,4179.2,No,Extended,1,College,1,12/1/2024,Unemployed,0,F,0,Single,0,42,32,1,1,Personal Auto,0,Personal L3,2,3,Web,0,Small,0,1
ZF82387,Oregon,13959.62,No,Extended,1,High School or Below,0,12/1/2024,Employed,1,M,55191,Divorced,2,8,23,0,2,Corporate Auto,1,Corporate L3,5,2,Branch,1,Large,2,0
LK51056,Arizona,6251.87,No,Basic,0,Bachelor,2,12/1/2024,Employed,1,M,105505,Married,1,24,47,0,1,Corporate Auto,1,Corporate L3,5,4,Branch,1,Medsize,1,0
WQ75856,Oregon,26518.78,No,Basic,0,Bachelor,2,12/1/2024,Employed,1,F,114059,Married,1,45,96,0,2,Personal Auto,0,Personal L1,0,1,Agent,2,Medsize,1,0
EZ60033,California,4321.07,No,Extended,1,Bachelor,2,12/1/2024,Unemployed,0,F,0,Married,1,11,50,0,1,Corporate Auto,1,Corporate L2,4,1,Branch,1,Small,0,0
EG94409,Nevada,6341.16,No,Basic,0,High School or Below,0,12/1/2024,Unemployed,0,F,0,Single,0,14,101,0,7,Special Auto,2,Special L2,7,2,Branch,1,Medsize,1,0
FO82261,Oregon,6215.37,No,Basic,0,College,1,12/1/2024,Employed,1,M,89317,Single,0,26,116,0,1,Personal Auto,0,Personal L3,2,2,Branch,1,Medsize,1,0
MJ95558,California,22369.62,No,Extended,1,Bachelor,2,12/1/2024,Employed,1,M,31845,Married,1,41,18,0,6,Special Auto,2,Special L2,7,2,Agent,2,Small,0,1
NA45983,Arizona,3885.05,No,Basic,0,College,1,12/1/2024,Employed,1,M,52475,Divorced,2,4,120,0,1,Special Auto,2,Special L1,6,1,Agent,2,Small,0,0
ZM33786,Arizona,50153.62,No,Basic,0,High School or Below,0,12/1/2024,Disabled,4,F,23995,Married,1,0,86,0,2,Personal Auto,0,Personal L2,1,3,Call Center,3,Medsize,1,0
BU72276,California,7180.51,Yes,Basic,0,Bachelor,2,12/1/2024,Employed,1,F,33931,Married,1,4,0,0,6,Personal Auto,0,Personal L3,2,2,Call Center,3,Small,0,0
YN75239,Oregon,10679.67,No,Basic,0,College,1,12/1/2024,Employed,1,M,104729,Married,1,19,50,1,1,Personal Auto,0,Personal L3,2,3,Agent,2,Small,0,0
XF83901,Arizona,4984.99,No,Premium,2,College,1,12/1/2024,Unemployed,0,F,0,Single,0,38,93,0,1,Personal Auto,0,Personal L2,1,1,Branch,1,Large,2,1
NR99710,Arizona,6470.29,No,Basic,0,High School or Below,0,12/1/2024,Disabled,4,F,32933,Married,1,47,134,0,3,Personal Auto,0,Personal L2,1,1,Branch,1,Medsize,1,0
ST31207,California,7180.51,Yes,Basic,0,Bachelor,2,12/1/2024,Employed,1,F,33931,Married,1,4,0,0,6,Personal Auto,0,Personal L1,0,2,Call Center,3,Small,0,0
WF44706,Oregon,8107.04,Yes,Extended,1,High School or Below,0,12/1/2024,Employed,1,M,36283,Single,0,23,97,0,8,Personal Auto,0,Personal L3,2,1,Agent,2,Medsize,1,0
TK65222,California,22150.35,No,Premium,2,Bachelor,2,12/1/2024,Employed,1,M,29839,Single,0,22,42,0,2,Personal Auto,0,Personal L2,1,1,Agent,2,Large,2,0
UC29668,Oregon,3511.82,No,Basic,0,Master,3,12/1/2024,Unemployed,0,F,0,Divorced,2,5,24,0,1,Corporate Auto,1,Corporate L3,5,2,Branch,1,Medsize,1,0
IC94434,California,11147.85,Yes,Basic,0,Bachelor,2,12/1/2024,Disabled,4,F,32150,Married,1,5,63,0,2,Corporate Auto,1,Corporate L1,3,2,Call Center,3,Medsize,1,0
WA67245,Oregon,29826.38,No,Premium,2,High School or Below,0,12/1/2024,Employed,1,F,32661,Married,1,35,107,0,2,Personal Auto,0,Personal L3,2,1,Branch,1,Medsize,1,1
CB95310,Arizona,3709.03,No,Basic,0,Doctor,4,12/1/2024,Employed,1,F,112728,Married,1,34,49,0,1,Personal Auto,0,Personal L3,2,2,Branch,1,Medsize,1,0
NE13752,Arizona,11114.23,No,Basic,0,Bachelor,2,12/1/2024,Employed,1,M,75628,Married,1,27,51,0,2,Personal Auto,0,Personal L3,2,1,Agent,2,Medsize,1,0
VU72280,California,7180.51,Yes,Basic,0,Bachelor,2,12/1/2024,Employed,1,F,33931,Married,1,4,0,0,6,Corporate Auto,1,Corporate L2,4,2,Call Center,3,Small,0,0
TG29325,Nevada,3588.59,No,Basic,0,College,1,12/1/2024,Employed,1,F,30677,Single,0,28,53,0,1,Personal Auto,0,Personal L1,0,3,Agent,2,Medsize,1,0
RF35142,Nevada,11147.85,Yes,Basic,0,Bachelor,2,12/1/2024,Disabled,4,F,32150,Married,1,5,63,0,2,Personal Auto,0,Personal L1,0,2,Call Center,3,Medsize,1,0
TQ89058,Nevada,3749.66,No,Basic,0,Master,3,12/1/2024,Employed,1,F,79817,Married,1,24,42,2,1,Personal Auto,0,Personal L1,0,4,Call Center,3,Small,0,0
RY43586,Oregon,11303.35,No,Basic,0,Master,3,12/1/2024,Disabled,4,F,16997,Married,1,30,1,0,2,Personal Auto,0,Personal L3,2,1,Agent,2,Medsize,1,0
LW75453,California,7228.73,No,Basic,0,Bachelor,2,12/1/2024,Employed,1,M,39751,Married,1,0,42,0,9,Personal Auto,0,Personal L3,2,3,Call Center,3,Medsize,1,0
IW70308,Oregon,11147.85,Yes,Basic,0,Bachelor,2,12/1/2024,Disabled,4,F,32150,Married,1,5,63,0,2,Personal Auto,0,Personal L3,2,2,Call Center,3,Medsize,1,0
CV86445,Arizona,10988.36,No,Basic,0,High School or Below,0,12/1/2024,Employed,1,M,117283,Married,1,12,4,0,2,Personal Auto,0,Personal L3,2,4,Call Center,3,Medsize,1,0
MF83904,Oregon,7361.04,No,Basic,0,Bachelor,2,12/1/2024,Disabled,4,F,23926,Married,1,4,54,0,3,Personal Auto,0,Personal L3,2,1,Agent,2,Medsize,1,0
BB41401,Arizona,8107.04,Yes,Extended,1,High School or Below,0,12/1/2024,Employed,1,M,36283,Single,0,23,97,0,8,Personal Auto,0,Personal L3,2,1,Agent,2,Medsize,1,0
OB11898,Nevada,2919.26,No,Basic,0,College,1,12/1/2024,Unemployed,0,F,0,Single,0,24,128,2,1,Personal Auto,0,Personal L3,2,1,Branch,1,Medsize,1,0
QY70905,Arizona,3602.69,No,Basic,0,College,1,12/1/2024,Employed,1,M,41469,Married,1,35,66,1,1,Personal Auto,0,Personal L3,2,1,Call Center,3,Medsize,1,0
CE78778,Oregon,5078.42,No,Premium,2,College,1,12/1/2024,Unemployed,0,F,0,Single,0,34,63,1,1,Personal Auto,0,Personal L3,2,1,Web,0,Small,0,1
PV26437,California,9881.43,No,Basic,0,Bachelor,2,12/1/2024,Employed,1,F,77999,Married,1,28,15,1,2,Corporate Auto,1,Corporate L3,5,1,Agent,2,Medsize,1,0
DQ54144,Arizona,11936.39,No,Basic,0,High School or Below,0,12/1/2024,Unemployed,0,F,0,Married,1,16,61,0,3,Personal Auto,0,Personal L2,1,1,Agent,2,Small,0,0
IO73222,Washington,7300.46,No,Basic,0,Bachelor,2,12/1/2024,Disabled,4,F,30449,Married,1,1,84,0,3,Personal Auto,0,Personal L1,0,1,Agent,2,Medsize,1,0
ZF95586,Arizona,3342.66,No,Basic,0,Master,3,12/1/2024,Employed,1,F,74022,Married,1,9,61,0,1,Personal Auto,0,Personal L3,2,3,Agent,2,Medsize,1,0
JG81480,Oregon,14340.4,No,Basic,0,Bachelor,2,12/1/2024,Employed,1,F,34606,Married,1,16,72,0,2,Personal Auto,0,Personal L2,1,4,Call Center,3,Medsize,1,0
QI60335,Nevada,15266.44,No,Basic,0,College,1,12/1/2024,Unemployed,0,F,0,Single,0,5,112,0,2,Personal Auto,0,Personal L1,0,3,Branch,1,Medsize,1,0
DW88734,California,3622.72,No,Basic,0,Bachelor,2,12/1/2024,Employed,1,M,114608,Married,1,32,26,0,1,Corporate Auto,1,Corporate L2,4,2,Call Center,3,Small,0,0
VZ18907,Oregon,29688.68,No,Basic,0,College,1,12/1/2024,Employed,1,F,109089,Married,1,1,99,0,2,Personal Auto,0,Personal L3,2,2,Branch,1,Large,2,0
RO82935,Nevada,9489.07,No,Basic,0,High School or Below,0,12/1/2024,Medical Leave,2,F,24462,Married,1,46,122,4,2,Personal Auto,0,Personal L3,2,1,Web,0,Small,0,0
FH61723,California,10098.96,No,Basic,0,Bachelor,2,12/1/2024,Employed,1,F,70893,Married,1,0,103,3,2,Personal Auto,0,Personal L3,2,3,Web,0,Medsize,1,0
AO20938,Arizona,43228.9,No,Basic,0,High School or Below,0,12/1/2024,Employed,1,F,42435,Married,1,7,31,0,2,Personal Auto,0,Personal L1,0,2,Call Center,3,Small,0,0
DH85144,Oregon,2908,No,Basic,0,College,1,12/1/2024,Unemployed,0,M,0,Single,0,15,70,0,1,Personal Auto,0,Personal L3,2,2,Branch,1,Medsize,1,0
YJ14330,California,44179.15,No,Extended,1,Master,3,12/1/2024,Employed,1,F,53857,Married,1,31,117,0,2,Corporate Auto,1,Corporate L1,3,3,Branch,1,Medsize,1,0
GZ64473,Nevada,3722.47,No,Basic,0,College,1,12/1/2024,Employed,1,M,68059,Married,1,34,46,0,1,Personal Auto,0,Personal L3,2,1,Agent,2,Medsize,1,0
WE64939,California,3918.54,No,Basic,0,College,1,12/1/2024,Employed,1,F,32256,Married,1,26,28,0,1,Personal Auto,0,Personal L1,0,2,Agent,2,Medsize,1,0
KT91115,Oregon,6332.57,No,Premium,2,Bachelor,2,12/1/2024,Employed,1,M,58545,Divorced,2,8,27,0,1,Personal Auto,0,Personal L1,0,2,Branch,1,Medsize,1,1
SX89429,Arizona,3012.91,No,Basic,0,High School or Below,0,12/1/2024,Unemployed,0,F,0,Married,1,35,107,1,1,Personal Auto,0,Personal L3,2,1,Agent,2,Small,0,0
YP19985,California,7704.39,No,Basic,0,Bachelor,2,12/1/2024,Employed,1,M,112149,Married,1,20,62,0,3,Corporate Auto,1,Corporate L3,5,3,Call Center,3,Medsize,1,0
YV63603,Arizona,9016.51,No,Extended,1,Bachelor,2,12/1/2024,Employed,1,F,63635,Married,1,7,15,0,5,Personal Auto,0,Personal L1,0,4,Agent,2,Medsize,1,0
IH91478,Oregon,6492.09,No,Basic,0,Bachelor,2,12/1/2024,Medical Leave,2,F,31798,Married,1,16,23,0,6,Personal Auto,0,Personal L2,1,1,Agent,2,Medsize,1,0
AP59947,California,10381.72,No,Basic,0,Bachelor,2,12/1/2024,Employed,1,F,75388,Married,1,4,108,0,2,Corporate Auto,1,Corporate L3,5,1,Call Center,3,Medsize,1,0
EW73206,California,10860.09,No,Basic,0,Bachelor,2,12/1/2024,Employed,1,F,92946,Married,1,12,90,0,2,Corporate Auto,1,Corporate L1,3,2,Call Center,3,Medsize,1,0
BF54215,California,15354.88,No,Extended,1,Master,3,12/1/2024,Employed,1,F,118544,Married,1,20,35,3,2,Personal Auto,0,Personal L1,0,3,Agent,2,Medsize,1,0
VD87432,Washington,21694.44,No,Extended,1,Bachelor,2,12/1/2024,Employed,1,M,81992,Married,1,15,80,0,2,Personal Auto,0,Personal L3,2,3,Branch,1,Medsize,1,0
IZ17303,California,22952.73,No,Extended,1,Bachelor,2,12/1/2024,Employed,1,M,131312,Married,1,31,119,0,2,Personal Auto,0,Personal L3,2,1,Agent,2,Medsize,1,0
FB95495,California,7664.82,No,Basic,0,College,1,12/1/2024,Employed,1,M,71655,Single,0,1,14,0,5,Personal Auto,0,Personal L3,2,1,Branch,1,Medsize,1,1
LP69867,Oregon,3849.72,No,Extended,1,High School or Below,0,12/1/2024,Unemployed,0,M,0,Single,0,20,111,0,1,Personal Auto,0,Personal L3,2,1,Agent,2,Medsize,1,0
JF32940,Oregon,21145.94,No,Extended,1,Bachelor,2,12/1/2024,Employed,1,F,42915,Married,1,15,88,0,2,Personal Auto,0,Personal L2,1,2,Agent,2,Small,0,0
DF49110,Oregon,10935.33,No,Basic,0,Doctor,4,12/1/2024,Employed,1,M,120717,Married,1,4,112,0,2,Personal Auto,0,Personal L1,0,2,Call Center,3,Medsize,1,0
QT27514,California,7180.51,Yes,Basic,0,Bachelor,2,12/1/2024,Employed,1,F,33931,Married,1,4,0,0,6,Personal Auto,0,Personal L3,2,2,Call Center,3,Small,0,0
TO84268,California,12219.81,No,Premium,2,Master,3,12/1/2024,Employed,1,M,82301,Married,1,28,22,0,4,Personal Auto,0,Personal L2,1,3,Agent,2,Medsize,1,0
HN89408,California,4931.72,No,Premium,2,College,1,12/1/2024,Unemployed,0,M,0,Single,0,43,58,0,1,Corporate Auto,1,Corporate L3,5,1,Branch,1,Medsize,1,1
QW59726,California,3975.45,No,Basic,0,Master,3,12/1/2024,Employed,1,F,117820,Married,1,3,41,1,1,Personal Auto,0,Personal L2,1,2,Agent,2,Medsize,1,0
LZ57827,California,18807.32,No,Basic,0,Bachelor,2,12/1/2024,Employed,1,M,50888,Married,1,15,84,0,2,Personal Auto,0,Personal L2,1,1,Branch,1,Medsize,1,0
SJ86522,California,9216.51,No,Basic,0,High School or Below,0,12/1/2024,Unemployed,0,M,0,Single,0,7,35,0,9,Corporate Auto,1,Corporate L3,5,2,Agent,2,Medsize,1,1
HO30839,Washington,7218.34,No,Extended,1,Master,3,12/2/2024,Disabled,4,F,14190,Married,1,45,86,0,1,Corporate Auto,1,Corporate L1,3,1,Branch,1,Medsize,1,0
HW87852,Oregon,3309.87,No,Basic,0,Master,3,12/2/2024,Medical Leave,2,M,36234,Married,1,1,63,2,1,Personal Auto,0,Personal L1,0,1,Agent,2,Medsize,1,0
PD27940,Arizona,6594.97,No,Extended,1,High School or Below,0,12/2/2024,Disabled,4,M,35602,Married,1,15,9,0,1,Personal Auto,0,Personal L3,2,4,Agent,2,Medsize,1,0
JQ59145,California,10926.1,No,Basic,0,High School or Below,0,12/2/2024,Unemployed,0,M,0,Married,1,12,97,1,5,Personal Auto,0,Personal L1,0,1,Agent,2,Medsize,1,0
RM10880,California,4180.29,Yes,Extended,1,College,1,12/2/2024,Employed,1,F,29165,Divorced,2,19,38,0,1,Corporate Auto,1,Corporate L3,5,1,Branch,1,Medsize,1,0
TC78849,Oregon,3371.56,No,Basic,0,Bachelor,2,12/2/2024,Employed,1,M,33514,Married,1,46,59,0,1,Personal Auto,0,Personal L3,2,2,Branch,1,Medsize,1,0
BG15419,Nevada,19163.74,No,Basic,0,Bachelor,2,12/2/2024,Employed,1,F,116579,Married,1,36,116,0,2,Personal Auto,0,Personal L3,2,1,Agent,2,Large,2,0
PU41872,Arizona,9503,No,Extended,1,High School or Below,0,12/2/2024,Employed,1,F,32723,Married,1,34,7,0,8,Personal Auto,0,Personal L1,0,4,Call Center,3,Medsize,1,0
KQ65521,Arizona,24663.51,No,Basic,0,College,1,12/2/2024,Employed,1,F,75277,Divorced,2,30,99,0,2,Personal Auto,0,Personal L3,2,1,Branch,1,Medsize,1,0
XO36233,Washington,11666.07,No,Basic,0,Bachelor,2,12/2/2024,Employed,1,M,106520,Divorced,2,14,51,0,9,Personal Auto,0,Personal L3,2,4,Branch,1,Large,2,0
AB31813,Washington,60441.25,No,Extended,1,High School or Below,0,12/2/2024,Unemployed,0,M,0,Married,1,27,80,0,2,Personal Auto,0,Personal L3,2,3,Agent,2,Medsize,1,1
PU85769,California,6960.7,No,Basic,0,High School or Below,0,12/2/2024,Unemployed,0,M,0,Single,0,7,97,0,7,Personal Auto,0,Personal L2,1,1,Branch,1,Small,0,1
YG44474,Oregon,18919.87,No,Basic,0,College,1,12/2/2024,Employed,1,M,73161,Married,1,3,112,0,2,Corporate Auto,1,Corporate L2,4,1,Call Center,3,Medsize,1,0
YX15941,Oregon,21910.03,No,Extended,1,College,1,12/2/2024,Employed,1,M,35141,Married,1,34,39,1,2,Corporate Auto,1,Corporate L3,5,2,Call Center,3,Medsize,1,0
PH77560,Nevada,6532.48,No,Basic,0,High School or Below,0,12/2/2024,Unemployed,0,F,0,Single,0,3,61,0,5,Personal Auto,0,Personal L3,2,2,Branch,1,Small,0,0
TA75663,California,10833.74,No,Basic,0,Master,3,12/2/2024,Employed,1,F,52248,Married,1,9,43,3,3,Personal Auto,0,Personal L3,2,1,Web,0,Large,2,0
VO87785,Arizona,6558.88,No,Basic,0,College,1,12/2/2024,Employed,1,F,35748,Divorced,2,18,23,0,3,Personal Auto,0,Personal L1,0,2,Call Center,3,Medsize,1,0
MZ24175,Arizona,4180.29,Yes,Extended,1,College,1,12/2/2024,Employed,1,F,29165,Divorced,2,19,38,0,1,Personal Auto,0,Personal L3,2,1,Branch,1,Medsize,1,0
PO90615,Arizona,3363.2,Yes,Basic,0,High School or Below,0,12/2/2024,Medical Leave,2,F,35053,Divorced,2,31,36,0,1,Personal Auto,0,Personal L2,1,1,Agent,2,Medsize,1,0
BM69818,Oregon,7886.06,No,Extended,1,Bachelor,2,12/2/2024,Unemployed,0,M,0,Divorced,2,23,5,0,3,Personal Auto,0,Personal L1,0,1,Call Center,3,Large,2,0
QN15356,Arizona,10178.46,No,Basic,0,College,1,12/2/2024,Unemployed,0,M,0,Single,0,31,86,0,2,Personal Auto,0,Personal L3,2,1,Branch,1,Large,2,0
PA48777,Washington,3363.2,Yes,Basic,0,High School or Below,0,12/2/2024,Medical Leave,2,F,35053,Divorced,2,31,36,0,1,Personal Auto,0,Personal L3,2,1,Agent,2,Medsize,1,0
WH82416,Oregon,13184.39,No,Extended,1,Bachelor,2,12/2/2024,Employed,1,M,102129,Married,1,31,81,0,2,Personal Auto,0,Personal L2,1,2,Agent,2,Large,2,0
IB41597,California,14869.12,No,Extended,1,College,1,12/2/2024,Employed,1,F,91226,Married,1,36,115,0,2,Personal Auto,0,Personal L3,2,1,Agent,2,Medsize,1,0
KG83280,California,4180.29,Yes,Extended,1,College,1,12/2/2024,Employed,1,F,29165,Divorced,2,19,38,0,1,Personal Auto,0,Personal L1,0,1,Branch,1,Medsize,1,0
LS51818,California,29994.26,No,Basic,0,College,1,12/2/2024,Employed,1,F,50697,Single,0,46,9,0,2,Personal Auto,0,Personal L3,2,3,Agent,2,Small,0,1
HW65139,California,36085.58,No,Extended,1,Doctor,4,12/2/2024,Medical Leave,2,M,28721,Divorced,2,4,78,0,2,Personal Auto,0,Personal L1,0,3,Agent,2,Medsize,1,1
KF70569,Nevada,5252.68,No,Extended,1,High School or Below,0,12/2/2024,Employed,1,M,123096,Married,1,11,122,0,1,Personal Auto,0,Personal L1,0,2,Agent,2,Medsize,1,0
WE13528,California,27290.78,No,Basic,0,High School or Below,0,12/2/2024,Employed,1,F,104028,Divorced,2,22,57,0,2,Personal Auto,0,Personal L1,0,2,Branch,1,Medsize,1,0
AU75025,Oregon,6326.73,Yes,Basic,0,College,1,12/2/2024,Employed,1,M,78420,Married,1,42,112,0,1,Personal Auto,0,Personal L3,2,1,Agent,2,Medsize,1,0
ZD44648,Arizona,13035.89,No,Extended,1,College,1,12/2/2024,Employed,1,M,39830,Single,0,22,39,0,9,Personal Auto,0,Personal L3,2,4,Web,0,Medsize,1,1
WV74449,Washington,11693.77,No,Basic,0,College,1,12/2/2024,Unemployed,0,F,0,Married,1,0,88,0,4,Personal Auto,0,Personal L3,2,3,Call Center,3,Medsize,1,0
GK94889,California,7126.82,No,Basic,0,College,1,12/2/2024,Employed,1,M,30078,Married,1,14,65,0,3,Personal Auto,0,Personal L3,2,3,Web,0,Large,2,0
IL67915,Arizona,11531.99,No,Premium,2,College,1,12/2/2024,Employed,1,F,67658,Single,0,18,132,0,4,Corporate Auto,1,Corporate L2,4,1,Branch,1,Medsize,1,0
RT29777,Oregon,5993.87,No,Basic,0,Bachelor,2,12/2/2024,Employed,1,F,119628,Divorced,2,7,80,0,1,Personal Auto,0,Personal L3,2,1,Branch,1,Small,0,0
KH16079,Washington,6357.85,No,Basic,0,High School or Below,0,12/2/2024,Unemployed,0,F,0,Single,0,23,39,0,3,Personal Auto,0,Personal L1,0,1,Agent,2,Small,0,0
GJ63345,Arizona,3077.66,No,Basic,0,Bachelor,2,12/2/2024,Unemployed,0,F,0,Single,0,12,128,0,1,Personal Auto,0,Personal L2,1,1,Call Center,3,Medsize,1,0
EC94366,Oregon,5098.03,No,Extended,1,Doctor,4,12/2/2024,Medical Leave,2,M,27136,Married,1,38,59,0,1,Corporate Auto,1,Corporate L2,4,2,Agent,2,Medsize,1,0
SP80065,California,10663.94,No,Extended,1,High School or Below,0,12/2/2024,Employed,1,F,54043,Married,1,24,47,0,8,Special Auto,2,Special L3,8,2,Agent,2,Medsize,1,0
RS59102,California,17395.81,No,Basic,0,College,1,12/2/2024,Employed,1,M,50018,Married,1,5,101,1,2,Personal Auto,0,Personal L3,2,1,Agent,2,Medsize,1,0
MM45897,Nevada,3664.78,No,Basic,0,Bachelor,2,12/2/2024,Employed,1,M,119536,Married,1,34,45,0,1,Personal Auto,0,Personal L3,2,3,Call Center,3,Large,2,0
CI38330,Washington,3442.21,No,Basic,0,Bachelor,2,12/2/2024,Employed,1,M,97493,Married,1,18,20,0,1,Personal Auto,0,Personal L2,1,2,Branch,1,Medsize,1,0
ET90029,Arizona,34596.05,No,Extended,1,Doctor,4,12/2/2024,Medical Leave,2,F,19275,Married,1,8,12,0,2,Personal Auto,0,Personal L2,1,2,Web,0,Small,0,0
XQ39498,Oregon,41727.45,No,Premium,2,High School or Below,0,12/2/2024,Employed,1,M,77840,Divorced,2,32,42,0,2,Personal Auto,0,Personal L1,0,1,Agent,2,Medsize,1,1
AS99827,Oregon,6025.87,No,Basic,0,Bachelor,2,12/2/2024,Unemployed,0,F,0,Single,0,20,128,0,6,Personal Auto,0,Personal L1,0,1,Branch,1,Medsize,1,0
JL93248,Oregon,9850.32,No,Basic,0,High School or Below,0,12/2/2024,Disabled,4,F,25493,Divorced,2,28,122,0,2,Personal Auto,0,Personal L3,2,1,Branch,1,Small,0,0
QU55718,California,14821.36,No,Extended,1,Bachelor,2,12/2/2024,Employed,1,F,125434,Married,1,32,74,0,8,Personal Auto,0,Personal L1,0,1,Agent,2,Large,2,1
XH53960,Arizona,2925.9,No,Basic,0,Bachelor,2,12/2/2024,Unemployed,0,F,0,Single,0,22,62,0,1,Personal Auto,0,Personal L3,2,3,Agent,2,Small,0,0
IU32539,California,9831,No,Extended,1,Bachelor,2,12/2/2024,Employed,1,F,68696,Single,0,34,12,1,9,Personal Auto,0,Personal L1,0,4,Branch,1,Medsize,1,0
IF80474,Washington,18040.76,No,Premium,2,College,1,12/2/2024,Employed,1,M,116982,Married,1,19,7,0,2,Personal Auto,0,Personal L3,2,2,Call Center,3,Medsize,1,0
VC64410,Arizona,3363.2,Yes,Basic,0,High School or Below,0,12/2/2024,Medical Leave,2,F,35053,Divorced,2,31,36,0,1,Personal Auto,0,Personal L2,1,1,Agent,2,Medsize,1,0
KT46283,California,6326.73,Yes,Basic,0,College,1,12/2/2024,Employed,1,M,78420,Married,1,42,112,0,1,Corporate Auto,1,Corporate L1,3,1,Agent,2,Medsize,1,0
ZD59913,Oregon,3363.2,Yes,Basic,0,High School or Below,0,12/2/2024,Medical Leave,2,F,35053,Divorced,2,31,36,0,1,Corporate Auto,1,Corporate L3,5,1,Agent,2,Medsize,1,0
VP48253,Arizona,6886,No,Basic,0,High School or Below,0,12/2/2024,Employed,1,M,55601,Single,0,20,39,4,3,Personal Auto,0,Personal L3,2,1,Agent,2,Medsize,1,0
XS30210,Arizona,13984.68,No,Basic,0,College,1,12/2/2024,Employed,1,M,114187,Married,1,8,68,0,2,Corporate Auto,1,Corporate L1,3,2,Branch,1,Small,0,0
JM47657,Oregon,3363.2,Yes,Basic,0,High School or Below,0,12/2/2024,Medical Leave,2,F,35053,Divorced,2,31,36,0,1,Personal Auto,0,Personal L3,2,1,Agent,2,Medsize,1,0
MK87221,Arizona,4608.39,No,Extended,1,High School or Below,0,12/2/2024,Medical Leave,2,F,24527,Married,1,34,68,0,1,Personal Auto,0,Personal L2,1,2,Agent,2,Medsize,1,0
JH73645,California,20507.38,No,Basic,0,High School or Below,0,12/2/2024,Unemployed,0,M,0,Single,0,5,86,4,2,Personal Auto,0,Personal L3,2,2,Call Center,3,Small,0,1
QI51950,Nevada,5809.91,No,Basic,0,High School or Below,0,12/2/2024,Employed,1,F,99977,Single,0,36,32,0,1,Personal Auto,0,Personal L2,1,2,Branch,1,Medsize,1,0
XG55762,Nevada,27251.57,No,Extended,1,Bachelor,2,12/2/2024,Unemployed,0,F,0,Single,0,19,30,0,2,Corporate Auto,1,Corporate L3,5,1,Branch,1,Medsize,1,0
No93155,Arizona,9720.76,No,Basic,0,Master,3,12/2/2024,Disabled,4,M,38131,Married,1,0,22,0,2,Personal Auto,0,Personal L3,2,1,Agent,2,Medsize,1,0
RV97631,Oregon,20693.42,No,Extended,1,College,1,12/2/2024,Unemployed,0,F,0,Married,1,1,46,0,2,Corporate Auto,1,Corporate L2,4,1,Agent,2,Small,0,0
YX54093,Arizona,2993.85,No,Basic,0,College,1,12/2/2024,Unemployed,0,M,0,Divorced,2,15,93,0,1,Personal Auto,0,Personal L2,1,4,Branch,1,Medsize,1,0
DZ64604,California,16563.72,No,Premium,2,High School or Below,0,12/2/2024,Employed,1,M,82045,Married,1,18,9,0,5,Personal Auto,0,Personal L3,2,2,Branch,1,Small,0,0
XM14899,Oregon,11746.84,No,Extended,1,College,1,12/2/2024,Unemployed,0,M,0,Married,1,11,43,0,6,Personal Auto,0,Personal L3,2,4,Agent,2,Medsize,1,0
RO89767,Arizona,36971.3,No,Basic,0,Master,3,12/2/2024,Unemployed,0,M,0,Married,1,0,63,0,2,Personal Auto,0,Personal L1,0,3,Agent,2,Medsize,1,0
ZJ86769,Nevada,6326.73,Yes,Basic,0,College,1,12/2/2024,Employed,1,M,78420,Married,1,42,112,0,1,Personal Auto,0,Personal L3,2,1,Agent,2,Medsize,1,0
VJ34494,Washington,3296.99,No,Basic,0,College,1,12/2/2024,Unemployed,0,F,0,Single,0,9,14,0,1,Corporate Auto,1,Corporate L1,3,1,Branch,1,Large,2,0
PJ84431,California,10324.06,No,Basic,0,High School or Below,0,12/2/2024,Employed,1,M,123541,Married,1,8,116,0,1,Personal Auto,0,Personal L3,2,3,Branch,1,Medsize,1,1
BI33231,California,6912.83,No,Extended,1,High School or Below,0,12/2/2024,Unemployed,0,F,0,Married,1,15,19,4,3,Personal Auto,0,Personal L3,2,2,Agent,2,Medsize,1,0
GD89605,Oregon,7269.12,No,Basic,0,Master,3,12/2/2024,Employed,1,F,80141,Married,1,34,76,0,5,Corporate Auto,1,Corporate L1,3,4,Agent,2,Small,0,0
TO19482,Oregon,6580.8,No,Basic,0,High School or Below,0,12/2/2024,Employed,1,M,91080,Married,1,5,30,0,9,Personal Auto,0,Personal L2,1,4,Branch,1,Medsize,1,0
XZ45224,Oregon,3292.02,No,Basic,0,College,1,12/2/2024,Employed,1,F,52597,Divorced,2,7,26,0,1,Corporate Auto,1,Corporate L3,5,1,Agent,2,Medsize,1,0
GP19791,California,22289.81,No,Basic,0,College,1,12/2/2024,Employed,1,F,42331,Married,1,34,18,0,2,Personal Auto,0,Personal L3,2,2,Agent,2,Small,0,0
PD52748,Oregon,13549.32,No,Extended,1,High School or Below,0,12/2/2024,Unemployed,0,F,0,Single,0,20,124,1,8,Personal Auto,0,Personal L3,2,1,Call Center,3,Medsize,1,1
YE87442,Arizona,13412.47,No,Extended,1,High School or Below,0,12/2/2024,Employed,1,F,47022,Married,1,5,46,0,3,Personal Auto,0,Personal L1,0,1,Branch,1,Medsize,1,0
XY78443,Arizona,2899.34,No,Basic,0,College,1,12/2/2024,Unemployed,0,F,0,Single,0,43,61,0,1,Personal Auto,0,Personal L3,2,4,Agent,2,Medsize,1,0
FT79229,Washington,12015.57,No,Basic,0,Bachelor,2,12/2/2024,Employed,1,F,113077,Divorced,2,1,46,0,5,Personal Auto,0,Personal L2,1,1,Agent,2,Medsize,1,0
XP69351,California,3299.3,No,Basic,0,College,1,12/2/2024,Unemployed,0,M,0,Married,1,3,74,0,1,Personal Auto,0,Personal L2,1,2,Branch,1,Medsize,1,0
DX91931,Washington,13827.25,No,Premium,2,College,1,12/2/2024,Unemployed,0,M,0,Single,0,43,27,0,8,Personal Auto,0,Personal L1,0,1,Branch,1,Small,0,1
VL59942,Arizona,14271.58,No,Basic,0,Bachelor,2,12/2/2024,Employed,1,F,127085,Married,1,22,36,0,2,Personal Auto,0,Personal L2,1,2,Web,0,Medsize,1,0
EI29901,Arizona,9848.83,No,Basic,0,Bachelor,2,12/2/2024,Employed,1,M,36246,Married,1,7,0,0,2,Personal Auto,0,Personal L3,2,4,Agent,2,Medsize,1,0
TO39943,Washington,6612.27,No,Basic,0,High School or Below,0,12/2/2024,Employed,1,F,41179,Married,1,43,77,3,5,Corporate Auto,1,Corporate L3,5,1,Call Center,3,Medsize,1,0
DY69629,Oregon,4180.29,Yes,Extended,1,College,1,12/2/2024,Employed,1,F,29165,Divorced,2,19,38,0,1,Corporate Auto,1,Corporate L2,4,1,Branch,1,Medsize,1,0
IW99237,Oregon,6064.9,No,Basic,0,Bachelor,2,12/2/2024,Unemployed,0,M,0,Single,0,11,109,0,3,Personal Auto,0,Personal L2,1,1,Branch,1,Medsize,1,0
YT96284,Oregon,5033.98,No,Extended,1,Master,3,12/2/2024,Employed,1,M,112903,Married,1,9,116,4,1,Personal Auto,0,Personal L2,1,3,Agent,2,Medsize,1,0
IW21434,Oregon,3470.08,No,Basic,0,Bachelor,2,12/2/2024,Employed,1,F,60669,Single,0,1,90,0,1,Corporate Auto,1,Corporate L3,5,1,Agent,2,Medsize,1,0
GJ47397,Oregon,51374.53,No,Basic,0,High School or Below,0,12/2/2024,Unemployed,0,M,0,Married,1,28,105,0,2,Special Auto,2,Special L2,7,2,Agent,2,Medsize,1,0
FX78218,California,3368.07,No,Basic,0,Doctor,4,12/2/2024,Employed,1,M,61904,Married,1,0,35,1,1,Personal Auto,0,Personal L3,2,3,Web,0,Large,2,0
ET44462,Arizona,6767.73,No,Extended,1,High School or Below,0,12/2/2024,Employed,1,M,87973,Married,1,19,24,1,1,Personal Auto,0,Personal L1,0,2,Web,0,Medsize,1,0
MT91532,California,9890.84,No,Extended,1,Bachelor,2,12/2/2024,Employed,1,M,84156,Married,1,12,82,0,4,Corporate Auto,1,Corporate L1,3,1,Agent,2,Medsize,1,0
RD96782,California,6884.34,No,Basic,0,Bachelor,2,12/2/2024,Unemployed,0,F,0,Married,1,38,104,1,3,Personal Auto,0,Personal L1,0,1,Branch,1,Small,0,0
CD14267,Nevada,5717.5,No,Premium,2,College,1,12/2/2024,Employed,1,M,81451,Married,1,7,90,0,1,Corporate Auto,1,Corporate L3,5,2,Web,0,Large,2,0
GV75215,Oregon,17776.27,No,Basic,0,Bachelor,2,12/2/2024,Employed,1,F,73823,Married,1,18,20,3,2,Corporate Auto,1,Corporate L3,5,2,Agent,2,Medsize,1,0
IR50609,Arizona,5380.49,No,Premium,2,Bachelor,2,12/2/2024,Employed,1,M,101259,Divorced,2,1,26,0,1,Personal Auto,0,Personal L1,0,2,Agent,2,Medsize,1,0
BR77413,Arizona,6326.73,Yes,Basic,0,College,1,12/2/2024,Employed,1,M,78420,Married,1,42,112,0,1,Personal Auto,0,Personal L3,2,1,Agent,2,Medsize,1,0
NI88122,California,9726.78,No,Basic,0,College,1,12/2/2024,Unemployed,0,F,0,Single,0,36,84,0,2,Corporate Auto,1,Corporate L1,3,1,Web,0,Small,0,0
AX71238,California,5350.59,No,Extended,1,High School or Below,0,12/2/2024,Employed,1,M,51430,Divorced,2,4,38,0,1,Personal Auto,0,Personal L1,0,1,Agent,2,Medsize,1,0
KC79907,Arizona,10045.36,No,Basic,0,College,1,12/2/2024,Employed,1,F,124085,Divorced,2,0,123,0,1,Personal Auto,0,Personal L3,2,1,Call Center,3,Medsize,1,0
RI76930,California,5620.11,No,Basic,0,College,1,12/2/2024,Employed,1,F,58423,Married,1,22,15,0,1,Personal Auto,0,Personal L3,2,2,Call Center,3,Large,2,0
YI68606,Oregon,3296.97,No,Basic,0,High School or Below,0,12/2/2024,Employed,1,F,101856,Divorced,2,4,42,0,1,Corporate Auto,1,Corporate L3,5,3,Agent,2,Medsize,1,0
OG67387,California,5957.89,No,Basic,0,College,1,12/2/2024,Unemployed,0,M,0,Single,0,26,45,0,3,Personal Auto,0,Personal L3,2,2,Call Center,3,Medsize,1,0
GP85044,Arizona,6120.54,No,Basic,0,Bachelor,2,12/2/2024,Employed,1,M,124155,Married,1,5,100,0,1,Special Auto,2,Special L1,6,1,Agent,2,Medsize,1,0
EV39637,Oregon,7193.23,No,Basic,0,High School or Below,0,12/2/2024,Unemployed,0,F,0,Single,0,16,57,0,7,Personal Auto,0,Personal L1,0,1,Branch,1,Medsize,1,1
LU40443,Oregon,7484.13,No,Basic,0,Master,3,12/2/2024,Employed,1,M,86744,Single,0,9,49,0,8,Personal Auto,0,Personal L2,1,2,Web,0,Medsize,1,0
SO54368,Oregon,6326.73,Yes,Basic,0,College,1,12/2/2024,Employed,1,M,78420,Married,1,42,112,0,1,Personal Auto,0,Personal L2,1,1,Agent,2,Medsize,1,0
JB23570,California,14301.35,No,Extended,1,College,1,12/2/2024,Employed,1,M,126957,Married,1,18,90,0,9,Corporate Auto,1,Corporate L2,4,4,Branch,1,Medsize,1,0
EB55390,Oregon,3440.49,No,Basic,0,Master,3,12/2/2024,Employed,1,F,59037,Married,1,47,16,2,1,Special Auto,2,Special L3,8,3,Web,0,Medsize,1,0
EO17010,California,6414.23,No,Basic,0,Master,3,12/2/2024,Employed,1,M,41697,Married,1,20,24,0,1,Personal Auto,0,Personal L3,2,3,Agent,2,Large,2,0
UN63889,California,3570.73,No,Basic,0,Bachelor,2,12/2/2024,Employed,1,M,122098,Divorced,2,15,20,0,1,Personal Auto,0,Personal L3,2,3,Call Center,3,Medsize,1,0
JN10602,California,11071.8,No,Basic,0,Master,3,12/2/2024,Employed,1,F,110410,Divorced,2,16,59,0,2,Personal Auto,0,Personal L2,1,1,Agent,2,Large,2,0
PS68884,California,6326.73,Yes,Basic,0,College,1,12/2/2024,Employed,1,M,78420,Married,1,42,112,0,1,Corporate Auto,1,Corporate L3,5,1,Agent,2,Medsize,1,0
TV37646,California,6472.06,No,Basic,0,College,1,12/2/2024,Employed,1,F,94516,Married,1,30,45,0,1,Personal Auto,0,Personal L3,2,4,Agent,2,Small,0,1
ZN98560,California,10660.55,No,Basic,0,College,1,12/2/2024,Unemployed,0,M,0,Married,1,30,28,0,8,Corporate Auto,1,Corporate L1,3,1,Branch,1,Medsize,1,0
VJ49806,California,17562.39,No,Basic,0,College,1,12/2/2024,Unemployed,0,M,0,Single,0,3,109,0,2,Personal Auto,0,Personal L2,1,1,Agent,2,Medsize,1,0
OK96130,California,7181.07,No,Extended,1,High School or Below,0,12/2/2024,Employed,1,M,50397,Married,1,35,9,0,1,Personal Auto,0,Personal L2,1,2,Agent,2,Medsize,1,1
CK15380,California,3759.63,No,Basic,0,High School or Below,0,12/2/2024,Disabled,4,F,28099,Married,1,22,77,0,1,Personal Auto,0,Personal L2,1,3,Call Center,3,Medsize,1,0
HA93483,California,5830.85,No,Basic,0,Bachelor,2,12/2/2024,Disabled,4,F,15945,Married,1,27,27,0,1,Personal Auto,0,Personal L2,1,2,Branch,1,Small,0,1
KN50049,California,25491.56,No,Premium,2,College,1,12/2/2024,Medical Leave,2,M,32473,Single,0,19,82,0,2,Personal Auto,0,Personal L1,0,1,Branch,1,Medsize,1,1
UK45178,California,3003.15,No,Basic,0,Bachelor,2,12/2/2024,Unemployed,0,F,0,Single,0,1,104,1,1,Personal Auto,0,Personal L1,0,1,Agent,2,Small,0,0
ZP86347,California,7425.78,No,Extended,1,College,1,12/2/2024,Employed,1,F,59426,Married,1,27,81,0,1,Personal Auto,0,Personal L3,2,3,Agent,2,Medsize,1,0
TF56202,California,6793.42,No,Basic,0,College,1,12/2/2024,Employed,1,M,89595,Divorced,2,8,65,0,3,Personal Auto,0,Personal L3,2,2,Call Center,3,Small,0,0
XM45289,Oregon,7444.36,No,Basic,0,High School or Below,0,2/1/2024,Employed,1,F,31344,Single,0,9,14,0,4,Personal Auto,0,Personal L2,1,4,Agent,2,Medsize,1,0
CD86811,Arizona,6018.45,Yes,Basic,0,Bachelor,2,2/1/2024,Retired,3,M,23790,Divorced,2,1,49,1,3,Personal Auto,0,Personal L1,0,1,Agent,2,Medsize,1,0
TQ13499,Arizona,6387.86,No,Premium,2,College,1,2/1/2024,Employed,1,M,94275,Married,1,43,134,0,1,Personal Auto,0,Personal L3,2,1,Agent,2,Small,0,1
TS11219,California,16291.07,No,Basic,0,College,1,2/1/2024,Unemployed,0,M,0,Single,0,19,47,0,2,Personal Auto,0,Personal L2,1,1,Agent,2,Medsize,1,1
KY33386,Washington,10809.99,Yes,Basic,0,High School or Below,0,2/1/2024,Unemployed,0,F,0,Divorced,2,16,126,0,3,Personal Auto,0,Personal L3,2,1,Web,0,Medsize,1,0
CO44221,California,3955.39,No,Basic,0,College,1,2/1/2024,Employed,1,M,132939,Married,1,26,93,0,1,Personal Auto,0,Personal L1,0,2,Branch,1,Medsize,1,0
UA84837,Arizona,11650.57,No,Premium,2,College,1,2/1/2024,Employed,1,M,32488,Divorced,2,41,1,0,5,Corporate Auto,1,Corporate L2,4,1,Branch,1,Medsize,1,0
VQ38776,Oregon,7160.08,No,Extended,1,College,1,2/1/2024,Unemployed,0,F,0,Single,0,24,85,0,3,Personal Auto,0,Personal L3,2,2,Agent,2,Large,2,0
LN26837,California,3499.79,Yes,Basic,0,High School or Below,0,2/1/2024,Employed,1,M,97768,Married,1,11,31,0,1,Personal Auto,0,Personal L2,1,2,Call Center,3,Small,0,0
SS59521,Oregon,6439.85,No,Basic,0,College,1,2/1/2024,Unemployed,0,F,0,Married,1,3,38,1,4,Personal Auto,0,Personal L3,2,3,Agent,2,Medsize,1,0
CP98451,Oregon,12228.21,No,Basic,0,College,1,2/1/2024,Employed,1,F,122884,Married,1,35,50,0,9,Personal Auto,0,Personal L3,2,1,Agent,2,Medsize,1,0
NX52648,California,5132.36,No,Extended,1,High School or Below,0,2/1/2024,Employed,1,F,44608,Married,1,20,122,0,1,Personal Auto,0,Personal L3,2,1,Branch,1,Medsize,1,0
GI82355,Arizona,6956.31,No,Basic,0,Bachelor,2,2/1/2024,Unemployed,0,M,0,Married,1,9,42,0,7,Corporate Auto,1,Corporate L1,3,2,Web,0,Medsize,1,0
VO26340,Nevada,8792.52,No,Extended,1,College,1,2/1/2024,Unemployed,0,M,0,Single,0,41,95,0,6,Personal Auto,0,Personal L2,1,3,Agent,2,Medsize,1,0
BB11622,Nevada,14245.43,No,Extended,1,Master,3,2/1/2024,Employed,1,M,64477,Married,1,3,73,0,6,Personal Auto,0,Personal L3,2,1,Agent,2,Small,0,0
EA27048,California,11672.78,Yes,Basic,0,High School or Below,0,2/1/2024,Employed,1,F,86569,Married,1,4,59,0,3,Personal Auto,0,Personal L3,2,2,Branch,1,Large,2,0
OQ90898,California,18840.02,No,Basic,0,Master,3,2/1/2024,Employed,1,M,121877,Divorced,2,9,86,0,2,Personal Auto,0,Personal L1,0,3,Call Center,3,Medsize,1,0
BB82067,Oregon,13170.66,No,Extended,1,Doctor,4,2/1/2024,Employed,1,M,91303,Married,1,0,59,0,4,Personal Auto,0,Personal L3,2,1,Branch,1,Medsize,1,0
IX55883,California,26298.67,No,Extended,1,College,1,2/1/2024,Employed,1,F,68592,Single,0,39,78,0,2,Personal Auto,0,Personal L1,0,1,Branch,1,Medsize,1,0
OB49075,Arizona,6018.45,Yes,Basic,0,Bachelor,2,2/1/2024,Retired,3,M,23790,Divorced,2,1,49,1,3,Personal Auto,0,Personal L3,2,1,Agent,2,Medsize,1,0
EM27919,California,6018.45,Yes,Basic,0,Bachelor,2,2/1/2024,Retired,3,M,23790,Divorced,2,1,49,1,3,Personal Auto,0,Personal L3,2,1,Agent,2,Medsize,1,0
HW62747,Oregon,3102.81,No,Basic,0,College,1,2/1/2024,Unemployed,0,M,0,Married,1,26,12,0,1,Corporate Auto,1,Corporate L1,3,2,Branch,1,Small,0,0
YN10988,California,8524.71,No,Extended,1,High School or Below,0,2/1/2024,Unemployed,0,M,0,Married,1,20,62,0,6,Personal Auto,0,Personal L2,1,2,Web,0,Medsize,1,0
WE60408,Arizona,5858.83,No,Basic,0,College,1,2/1/2024,Employed,1,F,123877,Married,1,45,27,2,1,Personal Auto,0,Personal L1,0,3,Branch,1,Medsize,1,1
IG68709,Oregon,4723.16,No,Extended,1,High School or Below,0,2/1/2024,Employed,1,F,56310,Single,0,4,120,0,1,Personal Auto,0,Personal L2,1,1,Agent,2,Medsize,1,0
JE13986,Arizona,14004.75,No,Extended,1,College,1,2/1/2024,Employed,1,F,84492,Married,1,41,63,0,2,Personal Auto,0,Personal L1,0,2,Branch,1,Medsize,1,0
MP76478,Washington,11672.78,Yes,Basic,0,High School or Below,0,2/1/2024,Employed,1,F,86569,Married,1,4,59,0,3,Corporate Auto,1,Corporate L3,5,2,Branch,1,Large,2,0
YA80645,Oregon,3914.08,No,Basic,0,High School or Below,0,2/1/2024,Employed,1,F,45546,Divorced,2,8,68,1,1,Corporate Auto,1,Corporate L1,3,2,Agent,2,Medsize,1,0
IL83479,Oregon,4702.9,No,Extended,1,College,1,2/1/2024,Employed,1,F,58027,Married,1,38,24,0,1,Personal Auto,0,Personal L3,2,3,Call Center,3,Medsize,1,0
PU95227,Washington,4539.26,No,Extended,1,Bachelor,2,2/1/2024,Employed,1,M,30852,Married,1,22,120,0,1,Personal Auto,0,Personal L1,0,4,Agent,2,Medsize,1,0
IL43607,California,3702.84,No,Basic,0,High School or Below,0,2/1/2024,Employed,1,F,87101,Married,1,8,39,1,1,Corporate Auto,1,Corporate L3,5,3,Branch,1,Medsize,1,0
XM11175,Arizona,8092.47,No,Extended,1,College,1,2/1/2024,Unemployed,0,M,0,Single,0,35,120,0,6,Personal Auto,0,Personal L1,0,1,Web,0,Small,0,0
QU20310,Arizona,12484.08,No,Extended,1,High School or Below,0,2/1/2024,Employed,1,F,130991,Married,1,19,32,0,2,Corporate Auto,1,Corporate L3,5,3,Call Center,3,Small,0,0
RC11491,Oregon,14027.4,No,Extended,1,College,1,2/1/2024,Employed,1,F,39080,Married,1,9,77,0,3,Corporate Auto,1,Corporate L3,5,1,Call Center,3,Medsize,1,0
WL45773,California,3791.62,No,Basic,0,Doctor,4,2/1/2024,Employed,1,F,112721,Married,1,38,20,0,1,Special Auto,2,Special L2,7,2,Call Center,3,Medsize,1,0
SK79760,Washington,18569.98,No,Extended,1,Bachelor,2,2/1/2024,Medical Leave,2,M,20709,Divorced,2,16,63,0,2,Corporate Auto,1,Corporate L2,4,1,Branch,1,Medsize,1,0
YB70005,Oregon,13186.71,No,Extended,1,College,1,2/1/2024,Employed,1,M,48904,Married,1,9,113,0,8,Special Auto,2,Special L2,7,1,Branch,1,Large,2,0
HM41195,Arizona,7757.54,No,Extended,1,High School or Below,0,2/1/2024,Medical Leave,2,M,30923,Married,1,23,36,0,8,Personal Auto,0,Personal L3,2,4,Branch,1,Large,2,0
HH55884,Arizona,4719.45,No,Extended,1,College,1,2/1/2024,Disabled,4,M,13871,Single,0,14,11,0,1,Personal Auto,0,Personal L1,0,1,Agent,2,Medsize,1,0
UF44021,California,2846.47,No,Basic,0,Bachelor,2,2/1/2024,Unemployed,0,M,0,Single,0,11,123,0,1,Personal Auto,0,Personal L2,1,1,Agent,2,Medsize,1,0
AY18433,Washington,36966.81,No,Extended,1,High School or Below,0,2/1/2024,Employed,1,F,61389,Married,1,14,39,0,2,Special Auto,2,Special L2,7,4,Branch,1,Medsize,1,0
NG94479,Arizona,3687.55,No,Basic,0,High School or Below,0,2/1/2024,Employed,1,F,94289,Married,1,7,12,0,1,Corporate Auto,1,Corporate L1,3,2,Branch,1,Medsize,1,0
RT64920,Oregon,7931.3,No,Basic,0,Master,3,2/1/2024,Employed,1,M,75379,Married,1,11,117,0,7,Personal Auto,0,Personal L3,2,1,Web,0,Medsize,1,0
QX67584,Nevada,11672.78,Yes,Basic,0,High School or Below,0,2/1/2024,Employed,1,F,86569,Married,1,4,59,0,3,Personal Auto,0,Personal L3,2,2,Branch,1,Large,2,0
GV47847,California,5880.2,No,Basic,0,High School or Below,0,2/1/2024,Unemployed,0,M,0,Single,0,30,30,0,4,Personal Auto,0,Personal L2,1,4,Branch,1,Medsize,1,0
QF76244,Oregon,3936.13,No,Basic,0,Doctor,4,2/1/2024,Employed,1,F,112344,Married,1,8,57,0,1,Personal Auto,0,Personal L3,2,4,Agent,2,Medsize,1,0
PO80505,Nevada,5701.42,No,Basic,0,College,1,2/1/2024,Disabled,4,F,19130,Married,1,12,14,0,1,Personal Auto,0,Personal L3,2,1,Agent,2,Medsize,1,0
ZZ49347,Oregon,3499.79,Yes,Basic,0,High School or Below,0,2/1/2024,Employed,1,M,97768,Married,1,11,31,0,1,Personal Auto,0,Personal L3,2,2,Call Center,3,Small,0,0
GU60969,Arizona,3161.72,No,Basic,0,Bachelor,2,2/1/2024,Retired,3,M,26434,Single,0,3,127,0,1,Corporate Auto,1,Corporate L2,4,1,Agent,2,Large,2,0
YA71207,California,11756.18,No,Basic,0,High School or Below,0,2/1/2024,Employed,1,F,40622,Married,1,14,4,0,2,Corporate Auto,1,Corporate L3,5,2,Web,0,Large,2,0
OU88023,California,11422.09,No,Basic,0,High School or Below,0,2/1/2024,Unemployed,0,F,0,Single,0,18,58,0,4,Personal Auto,0,Personal L3,2,1,Agent,2,Large,2,0
CA29908,Oregon,25005.1,No,Basic,0,High School or Below,0,2/1/2024,Employed,1,M,88969,Married,1,5,132,0,2,Personal Auto,0,Personal L3,2,3,Agent,2,Medsize,1,0
OC39051,California,8314.44,No,Basic,0,College,1,2/1/2024,Unemployed,0,M,0,Single,0,27,39,2,2,Personal Auto,0,Personal L3,2,1,Agent,2,Medsize,1,0
FI75266,Oregon,10653.64,No,Basic,0,Bachelor,2,2/1/2024,Employed,1,M,38370,Married,1,7,85,1,2,Corporate Auto,1,Corporate L1,3,3,Agent,2,Large,2,0
TQ24692,Oregon,11713.54,No,Basic,0,High School or Below,0,2/1/2024,Employed,1,M,102889,Married,1,9,65,0,2,Special Auto,2,Special L2,7,2,Web,0,Medsize,1,0
UI73924,Oregon,3333.92,No,Basic,0,Bachelor,2,2/1/2024,Employed,1,F,74597,Married,1,0,104,3,1,Personal Auto,0,Personal L3,2,3,Agent,2,Medsize,1,0
PK66498,California,11871.25,No,Basic,0,High School or Below,0,2/1/2024,Employed,1,M,98411,Married,1,35,130,0,2,Personal Auto,0,Personal L3,2,1,Call Center,3,Medsize,1,0
LD95617,California,6521.73,No,Basic,0,Bachelor,2,2/1/2024,Unemployed,0,M,0,Divorced,2,4,86,0,3,Corporate Auto,1,Corporate L1,3,3,Agent,2,Large,2,0
PD66941,Arizona,6018.45,Yes,Basic,0,Bachelor,2,2/1/2024,Retired,3,M,23790,Divorced,2,1,49,1,3,Personal Auto,0,Personal L3,2,1,Agent,2,Medsize,1,0
DO18118,Oregon,14845.56,No,Basic,0,High School or Below,0,2/1/2024,Unemployed,0,F,0,Single,0,39,99,0,2,Personal Auto,0,Personal L2,1,3,Branch,1,Medsize,1,1
UH32376,Nevada,5450.69,No,Premium,2,Bachelor,2,2/1/2024,Medical Leave,2,M,29141,Married,1,8,7,0,1,Personal Auto,0,Personal L3,2,1,Branch,1,Small,0,1
YU72630,Arizona,3499.79,Yes,Basic,0,High School or Below,0,2/1/2024,Employed,1,M,97768,Married,1,11,31,0,1,Personal Auto,0,Personal L2,1,2,Call Center,3,Small,0,0
HF15113,Oregon,6592.79,No,Basic,0,Bachelor,2,2/1/2024,Disabled,4,F,25780,Divorced,2,23,7,0,3,Personal Auto,0,Personal L3,2,1,Web,0,Medsize,1,0
RW61528,Nevada,18787.86,No,Premium,2,College,1,2/1/2024,Employed,1,F,70771,Single,0,3,108,1,2,Corporate Auto,1,Corporate L1,3,1,Web,0,Medsize,1,0
ID58230,California,6790.06,No,Basic,0,College,1,2/1/2024,Employed,1,F,84066,Married,1,41,70,0,3,Personal Auto,0,Personal L3,2,4,Agent,2,Medsize,1,0
JM67025,Nevada,7060.63,No,Basic,0,High School or Below,0,2/1/2024,Employed,1,M,44051,Married,1,35,54,0,3,Personal Auto,0,Personal L2,1,1,Call Center,3,Medsize,1,0
DS46955,California,3941.61,No,Basic,0,Master,3,2/1/2024,Employed,1,F,55966,Married,1,15,26,0,1,Personal Auto,0,Personal L2,1,4,Branch,1,Medsize,1,0
WE88728,Arizona,9005.65,No,Premium,2,High School or Below,0,2/1/2024,Employed,1,F,76317,Married,1,46,32,3,1,Corporate Auto,1,Corporate L3,5,2,Web,0,Medsize,1,1
RA14734,Arizona,11672.78,Yes,Basic,0,High School or Below,0,2/1/2024,Employed,1,F,86569,Married,1,4,59,0,3,Personal Auto,0,Personal L3,2,2,Branch,1,Large,2,0
KT92231,Oregon,10403.14,No,Basic,0,Bachelor,2,2/1/2024,Unemployed,0,M,0,Single,0,20,85,0,8,Personal Auto,0,Personal L1,0,1,Agent,2,Medsize,1,1
XR75319,Arizona,6462.3,No,Basic,0,College,1,2/1/2024,Employed,1,M,61445,Married,1,19,45,0,9,Personal Auto,0,Personal L3,2,2,Call Center,3,Large,2,0
FW43809,Oregon,10809.99,Yes,Basic,0,High School or Below,0,2/1/2024,Unemployed,0,F,0,Divorced,2,16,126,0,3,Personal Auto,0,Personal L2,1,1,Web,0,Medsize,1,0
SO55284,Nevada,11672.78,Yes,Basic,0,High School or Below,0,2/1/2024,Employed,1,F,86569,Married,1,4,59,0,3,Personal Auto,0,Personal L1,0,2,Branch,1,Large,2,0
OY34553,Nevada,32832.87,No,Basic,0,Bachelor,2,2/1/2024,Employed,1,F,81298,Married,1,4,23,0,2,Personal Auto,0,Personal L1,0,3,Agent,2,Medsize,1,0
VZ43707,Nevada,11830.66,No,Extended,1,High School or Below,0,2/1/2024,Disabled,4,M,27178,Divorced,2,7,82,3,2,Corporate Auto,1,Corporate L3,5,1,Branch,1,Small,0,0
EW27959,California,10237.24,No,Basic,0,Bachelor,2,2/1/2024,Employed,1,F,60300,Single,0,34,72,0,2,Personal Auto,0,Personal L2,1,1,Web,0,Medsize,1,0
KF80571,Arizona,3049.37,No,Basic,0,High School or Below,0,2/1/2024,Unemployed,0,M,0,Single,0,11,63,0,1,Personal Auto,0,Personal L3,2,3,Agent,2,Medsize,1,0
IA78643,Washington,10809.99,Yes,Basic,0,High School or Below,0,2/1/2024,Unemployed,0,F,0,Divorced,2,16,126,0,3,Personal Auto,0,Personal L3,2,1,Web,0,Medsize,1,0
TN61016,California,11802.34,No,Basic,0,High School or Below,0,2/1/2024,Employed,1,F,50252,Divorced,2,11,31,0,2,Personal Auto,0,Personal L2,1,3,Agent,2,Small,0,0
JV38934,Washington,3043.44,No,Basic,0,Bachelor,2,2/1/2024,Unemployed,0,F,0,Single,0,4,128,1,1,Personal Auto,0,Personal L3,2,1,Branch,1,Medsize,1,1
HG60406,California,3808.96,No,Extended,1,College,1,2/1/2024,Unemployed,0,M,0,Single,0,28,105,0,1,Personal Auto,0,Personal L1,0,3,Call Center,3,Medsize,1,0
ED44765,Oregon,9946.33,No,Basic,0,High School or Below,0,2/1/2024,Employed,1,F,34179,Married,1,5,11,2,2,Personal Auto,0,Personal L2,1,2,Call Center,3,Small,0,0
HA56889,Nevada,5244.55,No,Basic,0,Bachelor,2,2/1/2024,Unemployed,0,F,0,Single,0,47,12,0,1,Personal Auto,0,Personal L3,2,1,Agent,2,Small,0,1
UN50538,Oregon,8633.72,No,Extended,1,Bachelor,2,2/1/2024,Employed,1,F,98100,Married,1,3,78,0,9,Personal Auto,0,Personal L1,0,1,Agent,2,Large,2,0
AX39008,Oregon,35253.04,No,Basic,0,Bachelor,2,2/1/2024,Employed,1,M,108552,Divorced,2,38,97,0,2,Personal Auto,0,Personal L3,2,3,Call Center,3,Medsize,1,0
XT58648,Arizona,11672.78,Yes,Basic,0,High School or Below,0,2/1/2024,Employed,1,F,86569,Married,1,4,59,0,3,Personal Auto,0,Personal L2,1,2,Branch,1,Large,2,0
KO73340,Oregon,3564.43,No,Basic,0,College,1,2/1/2024,Employed,1,M,104354,Married,1,15,96,0,1,Personal Auto,0,Personal L1,0,2,Branch,1,Medsize,1,0
JR84006,Washington,3313.38,No,Basic,0,High School or Below,0,2/1/2024,Employed,1,M,100742,Married,1,22,96,1,1,Personal Auto,0,Personal L2,1,2,Branch,1,Medsize,1,0
RZ50353,California,8428.24,No,Extended,1,High School or Below,0,2/1/2024,Employed,1,M,77941,Divorced,2,3,86,0,3,Personal Auto,0,Personal L2,1,4,Web,0,Medsize,1,0
KL27226,California,8656.7,No,Extended,1,Bachelor,2,2/1/2024,Employed,1,M,79348,Divorced,2,27,68,2,4,Personal Auto,0,Personal L3,2,3,Branch,1,Medsize,1,0
QU75179,California,9649.29,No,Extended,1,Bachelor,2,2/1/2024,Employed,1,M,118063,Married,1,41,119,0,6,Personal Auto,0,Personal L3,2,1,Call Center,3,Medsize,1,0
QG61936,California,6097.7,No,Extended,1,Master,3,2/1/2024,Unemployed,0,M,0,Married,1,39,12,0,1,Corporate Auto,1,Corporate L3,5,2,Call Center,3,Medsize,1,0
CJ63667,Oregon,42934.47,No,Basic,0,Master,3,2/1/2024,Disabled,4,F,34645,Married,1,27,120,0,2,Corporate Auto,1,Corporate L3,5,2,Branch,1,Medsize,1,0
GM88979,Oregon,6408.13,No,Premium,2,College,1,2/1/2024,Employed,1,F,72968,Married,1,7,20,0,1,Personal Auto,0,Personal L2,1,3,Call Center,3,Large,2,0
SG46572,California,40271.02,No,Basic,0,High School or Below,0,2/1/2024,Unemployed,0,F,0,Divorced,2,14,115,0,2,Personal Auto,0,Personal L3,2,2,Agent,2,Medsize,1,0
YB57848,Oregon,13404.13,No,Extended,1,Doctor,4,2/1/2024,Employed,1,F,102217,Single,0,3,43,0,1,Personal Auto,0,Personal L3,2,1,Branch,1,Medsize,1,0
NB86692,Nevada,3632.14,No,Basic,0,College,1,2/1/2024,Employed,1,F,81081,Married,1,32,16,0,1,Personal Auto,0,Personal L3,2,4,Web,0,Medsize,1,0
CR40615,Arizona,4193.75,No,Extended,1,Bachelor,2,2/1/2024,Disabled,4,M,29803,Single,0,41,72,0,1,Personal Auto,0,Personal L2,1,1,Web,0,Medsize,1,0
NE52009,California,53407.45,No,Basic,0,College,1,2/1/2024,Employed,1,M,81675,Married,1,36,124,0,2,Personal Auto,0,Personal L1,0,3,Branch,1,Small,0,1
DU68331,Oregon,9877.48,No,Basic,0,College,1,2/1/2024,Employed,1,F,41166,Married,1,20,76,1,2,Personal Auto,0,Personal L3,2,1,Branch,1,Medsize,1,0
UF36353,Oregon,14734.18,No,Extended,1,College,1,2/1/2024,Employed,1,M,96736,Married,1,4,119,0,8,Special Auto,2,Special L3,8,3,Branch,1,Medsize,1,0
YY12812,Nevada,11324.77,No,Basic,0,Bachelor,2,2/1/2024,Employed,1,F,117616,Married,1,18,117,0,2,Corporate Auto,1,Corporate L3,5,1,Agent,2,Large,2,0
CE17855,Oregon,4372.55,No,Extended,1,Master,3,2/1/2024,Employed,1,F,92806,Married,1,7,57,0,1,Personal Auto,0,Personal L3,2,4,Branch,1,Medsize,1,0
NW14895,Arizona,17392.21,No,Basic,0,Bachelor,2,2/1/2024,Employed,1,M,104583,Divorced,2,3,132,1,2,Personal Auto,0,Personal L2,1,1,Agent,2,Small,0,1
CK35310,Nevada,3833.42,No,Basic,0,High School or Below,0,2/1/2024,Employed,1,F,36562,Divorced,2,20,78,1,1,Personal Auto,0,Personal L1,0,2,Web,0,Small,0,0
NL75739,Arizona,10246.57,No,Basic,0,High School or Below,0,2/1/2024,Disabled,4,M,14006,Married,1,14,128,0,2,Personal Auto,0,Personal L3,2,1,Branch,1,Medsize,1,0
FW35631,Oregon,6567.11,No,Extended,1,Bachelor,2,2/1/2024,Employed,1,M,50498,Married,1,31,51,1,1,Corporate Auto,1,Corporate L3,5,3,Call Center,3,Small,0,1
UE13511,Oregon,3460.84,No,Basic,0,High School or Below,0,2/1/2024,Unemployed,0,F,0,Married,1,15,81,0,1,Corporate Auto,1,Corporate L1,3,1,Agent,2,Small,0,0
ZK58906,California,22396.11,No,Premium,2,Bachelor,2,2/1/2024,Employed,1,M,80209,Married,1,46,76,0,2,Personal Auto,0,Personal L3,2,1,Call Center,3,Medsize,1,0
PK35830,Oregon,16682.11,No,Basic,0,Bachelor,2,2/1/2024,Unemployed,0,M,0,Single,0,5,46,0,5,Personal Auto,0,Personal L2,1,1,Branch,1,Medsize,1,1
LX67597,Nevada,7715.67,No,Basic,0,Bachelor,2,2/1/2024,Employed,1,M,113647,Single,0,39,116,0,4,Personal Auto,0,Personal L1,0,1,Agent,2,Small,0,0
AJ69060,California,19252.23,No,Extended,1,College,1,2/1/2024,Unemployed,0,M,0,Married,1,3,41,0,2,Personal Auto,0,Personal L1,0,4,Branch,1,Medsize,1,0
GR32910,California,6985.83,No,Basic,0,College,1,2/1/2024,Employed,1,F,74642,Married,1,35,45,0,4,Personal Auto,0,Personal L3,2,2,Branch,1,Medsize,1,0
MZ89625,California,12505.29,No,Premium,2,Bachelor,2,2/1/2024,Employed,1,F,31559,Married,1,20,26,0,3,Personal Auto,0,Personal L3,2,2,Web,0,Medsize,1,0
PG20605,Arizona,12583.73,No,Basic,0,College,1,2/1/2024,Unemployed,0,M,0,Single,0,35,134,0,2,Personal Auto,0,Personal L3,2,3,Agent,2,Large,2,0
MQ46375,Oregon,20682.3,No,Basic,0,Bachelor,2,2/1/2024,Employed,1,M,49460,Married,1,38,70,0,3,Corporate Auto,1,Corporate L2,4,4,Branch,1,Medsize,1,1
IK64989,Washington,6018.45,Yes,Basic,0,Bachelor,2,2/1/2024,Retired,3,M,23790,Divorced,2,1,49,1,3,Personal Auto,0,Personal L2,1,1,Agent,2,Medsize,1,0
ID30085,Arizona,10809.99,Yes,Basic,0,High School or Below,0,2/1/2024,Unemployed,0,F,0,Divorced,2,16,126,0,3,Personal Auto,0,Personal L2,1,1,Web,0,Medsize,1,0
XN25550,Oregon,7216.02,No,Extended,1,College,1,2/1/2024,Employed,1,M,75021,Married,1,5,62,0,1,Personal Auto,0,Personal L2,1,4,Agent,2,Medsize,1,1
LF94282,Nevada,3894.26,No,Basic,0,Bachelor,2,2/1/2024,Employed,1,M,85641,Married,1,43,90,0,1,Personal Auto,0,Personal L2,1,2,Branch,1,Medsize,1,0
MZ84108,Arizona,13302.59,No,Extended,1,Bachelor,2,2/1/2024,Employed,1,M,59408,Single,0,24,35,0,4,Personal Auto,0,Personal L3,2,1,Branch,1,Medsize,1,0
UI62725,Oregon,7452.64,No,Basic,0,Bachelor,2,2/1/2024,Employed,1,M,127813,Divorced,2,36,19,0,3,Corporate Auto,1,Corporate L3,5,2,Agent,2,Medsize,1,0
JL95389,California,21003.9,No,Basic,0,Bachelor,2,2/1/2024,Employed,1,F,84945,Married,1,35,108,0,7,Corporate Auto,1,Corporate L3,5,1,Agent,2,Medsize,1,1
TT63451,California,28249.96,No,Basic,0,High School or Below,0,2/1/2024,Employed,1,F,59862,Married,1,32,81,0,2,Personal Auto,0,Personal L3,2,4,Branch,1,Medsize,1,0
IN28584,California,22276.44,No,Extended,1,Bachelor,2,2/1/2024,Employed,1,F,112788,Married,1,8,19,1,2,Personal Auto,0,Personal L2,1,1,Call Center,3,Medsize,1,0
WK55963,California,10976.38,No,Basic,0,College,1,2/1/2024,Employed,1,M,82399,Married,1,3,101,0,2,Corporate Auto,1,Corporate L3,5,3,Web,0,Medsize,1,0
WT65970,California,9732.27,No,Extended,1,High School or Below,0,2/1/2024,Unemployed,0,F,0,Single,0,0,72,0,5,Personal Auto,0,Personal L2,1,1,Agent,2,Medsize,1,0
KU85991,California,3499.79,Yes,Basic,0,High School or Below,0,2/1/2024,Employed,1,M,97768,Married,1,11,31,0,1,Corporate Auto,1,Corporate L3,5,2,Call Center,3,Small,0,0
HJ62427,California,4755.35,No,Extended,1,College,1,2/1/2024,Employed,1,F,122585,Married,1,1,128,0,1,Personal Auto,0,Personal L1,0,1,Agent,2,Medsize,1,0
SJ30138,California,5595.78,No,Basic,0,High School or Below,0,2/1/2024,Unemployed,0,M,0,Divorced,2,16,119,0,1,Corporate Auto,1,Corporate L3,5,1,Call Center,3,Medsize,1,0
AO77635,California,5407.72,No,Basic,0,College,1,2/1/2024,Employed,1,F,39132,Married,1,11,132,0,1,Personal Auto,0,Personal L2,1,3,Branch,1,Medsize,1,0
WN91223,California,14948.69,No,Extended,1,Master,3,2/1/2024,Employed,1,M,111789,Divorced,2,20,27,0,2,Personal Auto,0,Personal L3,2,3,Agent,2,Medsize,1,0
YP16210,California,7935.9,No,Basic,0,College,1,2/1/2024,Employed,1,F,34287,Married,1,31,3,0,3,Personal Auto,0,Personal L3,2,4,Branch,1,Large,2,0
SK67821,Oregon,6659.44,No,Basic,0,Bachelor,2,2/13/2011,Employed,1,F,50301,Married,1,26,57,0,8,Corporate Auto,1,Corporate L1,3,3,Web,0,Medsize,1,0
AP67935,California,10286.35,No,Basic,0,College,1,2/13/2011,Employed,1,M,87411,Married,1,32,80,0,2,Special Auto,2,Special L2,7,2,Branch,1,Medsize,1,0
FY56083,Oregon,6371.68,No,Basic,0,Bachelor,2,2/13/2011,Employed,1,M,50027,Married,1,7,65,1,6,Personal Auto,0,Personal L2,1,1,Agent,2,Small,0,0
FW91032,California,7936.89,No,Basic,0,High School or Below,0,2/13/2011,Employed,1,M,115907,Married,1,4,26,0,6,Corporate Auto,1,Corporate L2,4,4,Agent,2,Medsize,1,0
EN60878,Oregon,8347.2,No,Extended,1,Bachelor,2,2/13/2011,Disabled,4,M,32011,Single,0,3,27,0,3,Personal Auto,0,Personal L2,1,1,Branch,1,Medsize,1,0
BT30554,Arizona,13967.54,No,Extended,1,Bachelor,2,2/13/2011,Unemployed,0,F,0,Single,0,1,20,0,2,Personal Auto,0,Personal L3,2,1,Agent,2,Large,2,0
RZ27571,Washington,3639.55,No,Basic,0,Bachelor,2,2/13/2011,Employed,1,F,34484,Married,1,24,41,0,1,Personal Auto,0,Personal L3,2,1,Agent,2,Medsize,1,0
YB33445,Oregon,12126.85,No,Basic,0,College,1,2/13/2011,Employed,1,F,58712,Married,1,32,85,4,6,Corporate Auto,1,Corporate L1,3,1,Call Center,3,Medsize,1,0
WK88044,Arizona,11796.08,No,Basic,0,Bachelor,2,2/13/2011,Employed,1,M,82729,Married,1,9,22,0,7,Personal Auto,0,Personal L3,2,1,Agent,2,Medsize,1,0
KH24214,Oregon,24108.26,No,Basic,0,College,1,2/13/2011,Employed,1,M,74840,Married,1,7,105,1,2,Personal Auto,0,Personal L3,2,3,Agent,2,Medsize,1,0
DW29763,Arizona,7117.18,No,Basic,0,High School or Below,0,2/13/2011,Employed,1,M,44082,Married,1,5,34,0,9,Personal Auto,0,Personal L1,0,1,Agent,2,Large,2,0
VX39856,Arizona,4725.61,No,Extended,1,Doctor,4,2/13/2011,Employed,1,F,120687,Married,1,7,77,0,1,Personal Auto,0,Personal L3,2,4,Branch,1,Medsize,1,0
BV79904,California,10740.8,No,Basic,0,Master,3,2/13/2011,Employed,1,F,60504,Divorced,2,34,55,1,2,Personal Auto,0,Personal L3,2,1,Web,0,Medsize,1,0
XD85577,California,3837.06,No,Basic,0,Bachelor,2,2/13/2011,Employed,1,M,93713,Divorced,2,41,105,1,1,Personal Auto,0,Personal L1,0,1,Branch,1,Small,0,0
UH35128,Oregon,34839.54,Yes,Extended,1,College,1,2/13/2011,Employed,1,F,96134,Married,1,11,120,1,2,Personal Auto,0,Personal L2,1,1,Branch,1,Small,0,1
VL84149,Oregon,34839.54,Yes,Extended,1,College,1,2/13/2011,Employed,1,F,96134,Married,1,11,120,1,2,Corporate Auto,1,Corporate L2,4,1,Branch,1,Small,0,1
WS57286,Arizona,6334.42,No,Basic,0,College,1,2/13/2011,Unemployed,0,M,0,Married,1,27,18,0,4,Personal Auto,0,Personal L3,2,2,Agent,2,Medsize,1,0
VH45094,Arizona,9837.17,No,Basic,0,High School or Below,0,2/13/2011,Employed,1,M,88925,Married,1,28,54,1,2,Personal Auto,0,Personal L2,1,2,Branch,1,Large,2,0
TK40018,Oregon,7988.58,No,Premium,2,High School or Below,0,2/13/2011,Unemployed,0,M,0,Single,0,42,104,0,1,Personal Auto,0,Personal L3,2,4,Agent,2,Medsize,1,1
XY52165,Arizona,4077.57,No,Basic,0,College,1,2/13/2011,Employed,1,F,106057,Married,1,9,68,0,1,Personal Auto,0,Personal L1,0,1,Branch,1,Medsize,1,0
VW88911,Oregon,48525.36,No,Premium,2,High School or Below,0,2/13/2011,Unemployed,0,M,0,Single,0,45,74,0,2,Corporate Auto,1,Corporate L3,5,1,Branch,1,Large,2,1
MX76292,California,10403.15,No,Basic,0,Doctor,4,2/13/2011,Employed,1,F,64826,Married,1,20,127,0,2,Corporate Auto,1,Corporate L3,5,1,Agent,2,Medsize,1,0
RF72106,Washington,11361.12,No,Basic,0,College,1,2/13/2011,Unemployed,0,M,0,Single,0,11,132,0,2,Personal Auto,0,Personal L2,1,1,Branch,1,Small,0,0
SZ60450,California,4615.8,No,Extended,1,High School or Below,0,2/13/2011,Employed,1,M,54367,Married,1,11,86,0,1,Personal Auto,0,Personal L3,2,3,Agent,2,Medsize,1,0
QW17286,Washington,3750.74,No,Basic,0,Master,3,2/13/2011,Employed,1,F,89141,Married,1,45,26,1,1,Personal Auto,0,Personal L2,1,4,Web,0,Medsize,1,0
GB14456,Nevada,30155.17,No,Extended,1,High School or Below,0,2/13/2011,Unemployed,0,M,0,Single,0,12,58,0,2,Personal Auto,0,Personal L2,1,1,Branch,1,Large,2,1
AL78075,Oregon,5143.82,No,Premium,2,High School or Below,0,2/13/2011,Unemployed,0,M,0,Single,0,9,77,0,1,Personal Auto,0,Personal L2,1,2,Branch,1,Medsize,1,1
HR87252,California,12208.97,No,Basic,0,Bachelor,2,2/13/2011,Employed,1,F,131956,Divorced,2,14,86,0,5,Personal Auto,0,Personal L3,2,1,Branch,1,Medsize,1,0
GB66110,California,5970.25,No,Basic,0,Bachelor,2,2/13/2011,Unemployed,0,M,0,Single,0,14,131,0,3,Personal Auto,0,Personal L1,0,1,Branch,1,Small,0,0
UP36767,California,6147.64,No,Basic,0,College,1,2/13/2011,Employed,1,M,82436,Married,1,43,104,0,1,Personal Auto,0,Personal L3,2,3,Branch,1,Medsize,1,0
FD73388,Arizona,18543.78,Yes,Premium,2,Master,3,2/13/2011,Disabled,4,F,21844,Divorced,2,30,107,0,8,Personal Auto,0,Personal L3,2,1,Web,0,Medsize,1,1
MS94619,California,6900.26,No,Basic,0,High School or Below,0,2/13/2011,Employed,1,F,103205,Married,1,12,18,0,3,Personal Auto,0,Personal L3,2,3,Web,0,Medsize,1,0
HZ67642,California,11673.64,No,Basic,0,Bachelor,2,2/13/2011,Unemployed,0,M,0,Married,1,7,42,0,3,Personal Auto,0,Personal L1,0,4,Web,0,Small,0,0
ZP91150,Oregon,10725.71,No,Premium,2,College,1,2/13/2011,Unemployed,0,M,0,Single,0,14,131,0,9,Corporate Auto,1,Corporate L3,5,1,Web,0,Medsize,1,0
XZ23352,California,5183.66,No,Basic,0,High School or Below,0,2/13/2011,Unemployed,0,F,0,Single,0,39,51,0,1,Corporate Auto,1,Corporate L3,5,4,Call Center,3,Small,0,1
MV54498,California,7430.29,No,Basic,0,College,1,2/13/2011,Employed,1,F,80908,Single,0,22,104,1,3,Personal Auto,0,Personal L3,2,1,Branch,1,Medsize,1,0
LM79063,Arizona,9659.89,No,Extended,1,Doctor,4,2/13/2011,Employed,1,F,103283,Divorced,2,47,88,0,8,Personal Auto,0,Personal L3,2,2,Call Center,3,Small,0,0
MR33456,Washington,10926.76,No,Basic,0,High School or Below,0,2/13/2011,Employed,1,M,80783,Single,0,11,70,2,8,Personal Auto,0,Personal L2,1,2,Agent,2,Medsize,1,0
YN17362,California,3370.64,No,Basic,0,College,1,2/13/2011,Unemployed,0,M,0,Single,0,18,45,0,1,Corporate Auto,1,Corporate L3,5,1,Agent,2,Medsize,1,0
DE37110,California,6271.52,No,Basic,0,Master,3,2/13/2011,Employed,1,M,57418,Single,0,18,43,0,1,Personal Auto,0,Personal L3,2,1,Call Center,3,Medsize,1,0
XS97845,Oregon,5804.78,No,Premium,2,College,1,2/13/2011,Employed,1,M,59924,Divorced,2,14,100,1,1,Personal Auto,0,Personal L2,1,1,Call Center,3,Medsize,1,0
IP94270,Arizona,18543.78,Yes,Premium,2,Master,3,2/13/2011,Disabled,4,F,21844,Divorced,2,30,107,0,8,Personal Auto,0,Personal L2,1,1,Web,0,Medsize,1,1
HQ15974,Nevada,11154.89,No,Extended,1,College,1,2/13/2011,Unemployed,0,F,0,Married,1,5,69,1,2,Personal Auto,0,Personal L2,1,1,Agent,2,Medsize,1,0
QL45827,Washington,34839.54,Yes,Extended,1,College,1,2/13/2011,Employed,1,F,96134,Married,1,11,120,1,2,Personal Auto,0,Personal L1,0,1,Branch,1,Small,0,1
TC99043,California,18543.78,Yes,Premium,2,Master,3,2/13/2011,Disabled,4,F,21844,Divorced,2,30,107,0,8,Personal Auto,0,Personal L2,1,1,Web,0,Medsize,1,1
UG19550,California,29147.1,No,Basic,0,High School or Below,0,2/13/2011,Employed,1,M,84344,Divorced,2,9,101,0,2,Personal Auto,0,Personal L1,0,2,Agent,2,Medsize,1,0
BM39234,Oregon,6143.93,No,Basic,0,High School or Below,0,2/13/2011,Unemployed,0,M,0,Single,0,34,132,0,3,Personal Auto,0,Personal L1,0,1,Call Center,3,Medsize,1,0
IK12576,Oregon,5715.32,No,Premium,2,Bachelor,2,2/13/2011,Employed,1,F,129123,Single,0,15,41,0,1,Personal Auto,0,Personal L2,1,1,Agent,2,Medsize,1,0
LA34671,Arizona,10298.81,No,Extended,1,College,1,2/13/2011,Unemployed,0,M,0,Single,0,23,88,0,2,Personal Auto,0,Personal L3,2,1,Agent,2,Small,0,0
UF93434,Oregon,3440.33,No,Basic,0,College,1,2/13/2011,Employed,1,F,29768,Divorced,2,12,63,0,1,Personal Auto,0,Personal L3,2,3,Call Center,3,Medsize,1,0
MR56401,Oregon,3432.84,No,Basic,0,College,1,2/13/2011,Employed,1,F,50047,Married,1,1,1,0,1,Personal Auto,0,Personal L3,2,3,Call Center,3,Large,2,0
TJ51874,Washington,11553.35,No,Basic,0,High School or Below,0,2/13/2011,Medical Leave,2,M,18776,Married,1,16,100,2,8,Corporate Auto,1,Corporate L3,5,1,Web,0,Medsize,1,1
HY86417,Arizona,4932.5,No,Extended,1,College,1,2/13/2011,Employed,1,F,100070,Married,1,19,103,0,1,Corporate Auto,1,Corporate L3,5,2,Call Center,3,Medsize,1,0
DU66620,Nevada,6186.63,No,Basic,0,College,1,2/13/2011,Medical Leave,2,M,25738,Married,1,38,39,0,7,Personal Auto,0,Personal L2,1,4,Call Center,3,Medsize,1,0
MA43940,Oregon,12613.32,No,Basic,0,High School or Below,0,2/13/2011,Employed,1,M,102477,Married,1,31,104,0,3,Special Auto,2,Special L3,8,3,Branch,1,Medsize,1,0
XW63353,Oregon,9030.18,Yes,Extended,1,High School or Below,0,2/13/2011,Employed,1,M,76923,Married,1,45,95,0,7,Personal Auto,0,Personal L3,2,2,Agent,2,Medsize,1,0
DB91647,California,7852.56,No,Basic,0,College,1,2/13/2011,Employed,1,M,133973,Single,0,12,19,0,6,Personal Auto,0,Personal L2,1,4,Web,0,Small,0,0
HU75748,Arizona,9219.71,No,Basic,0,High School or Below,0,2/13/2011,Unemployed,0,F,0,Single,0,19,99,1,2,Personal Auto,0,Personal L2,1,3,Branch,1,Medsize,1,0
KX18446,Washington,9030.18,Yes,Extended,1,High School or Below,0,2/13/2011,Employed,1,M,76923,Married,1,45,95,0,7,Corporate Auto,1,Corporate L2,4,2,Agent,2,Medsize,1,0
LD98568,California,10596.32,No,Extended,1,College,1,2/13/2011,Employed,1,F,73482,Married,1,26,84,0,3,Personal Auto,0,Personal L3,2,1,Agent,2,Medsize,1,0
DS45844,California,5625.58,No,Basic,0,College,1,2/13/2011,Unemployed,0,M,0,Married,1,11,86,0,1,Corporate Auto,1,Corporate L3,5,3,Agent,2,Medsize,1,0
TL20040,Oregon,18886.29,No,Basic,0,College,1,2/13/2011,Employed,1,M,30178,Married,1,36,12,0,2,Personal Auto,0,Personal L1,0,1,Call Center,3,Small,0,1
VN73653,Oregon,8672.05,No,Basic,0,College,1,2/13/2011,Unemployed,0,M,0,Single,0,7,90,0,1,Corporate Auto,1,Corporate L2,4,3,Agent,2,Medsize,1,1
VV47792,California,34839.54,Yes,Extended,1,College,1,2/13/2011,Employed,1,F,96134,Married,1,11,120,1,2,Personal Auto,0,Personal L3,2,1,Branch,1,Small,0,1
MC30750,Oregon,18543.78,Yes,Premium,2,Master,3,2/13/2011,Disabled,4,F,21844,Divorced,2,30,107,0,8,Personal Auto,0,Personal L2,1,1,Web,0,Medsize,1,1
WA60547,California,16162.17,No,Premium,2,College,1,2/13/2011,Employed,1,F,86663,Divorced,2,0,36,4,6,Personal Auto,0,Personal L1,0,1,Branch,1,Medsize,1,0
MI95708,Arizona,17479.37,No,Premium,2,High School or Below,0,2/13/2011,Retired,3,F,20362,Married,1,34,19,0,2,Personal Auto,0,Personal L3,2,1,Call Center,3,Large,2,0
SD83603,Oregon,9007.37,No,Extended,1,College,1,2/13/2011,Employed,1,F,76721,Married,1,8,36,0,9,Personal Auto,0,Personal L1,0,2,Agent,2,Medsize,1,0
IA33339,Oregon,12512.71,No,Basic,0,Bachelor,2,2/13/2011,Employed,1,F,77020,Married,1,9,76,1,4,Corporate Auto,1,Corporate L3,5,3,Agent,2,Medsize,1,0
MO21402,Oregon,18543.78,Yes,Premium,2,Master,3,2/13/2011,Disabled,4,F,21844,Divorced,2,30,107,0,8,Personal Auto,0,Personal L3,2,1,Web,0,Medsize,1,1
EO38569,Washington,2963.65,No,Basic,0,High School or Below,0,2/13/2011,Unemployed,0,F,0,Single,0,41,39,1,1,Personal Auto,0,Personal L2,1,1,Web,0,Large,2,0
XA53408,Oregon,7531.01,No,Basic,0,College,1,2/13/2011,Employed,1,M,37471,Married,1,8,70,0,8,Corporate Auto,1,Corporate L3,5,1,Agent,2,Small,0,0
TK32843,California,10050.67,No,Premium,2,Bachelor,2,2/13/2011,Unemployed,0,M,0,Single,0,28,55,0,4,Personal Auto,0,Personal L2,1,1,Branch,1,Medsize,1,1
AH89786,Oregon,2935.05,No,Basic,0,High School or Below,0,2/13/2011,Retired,3,M,22946,Married,1,47,84,3,1,Personal Auto,0,Personal L1,0,2,Branch,1,Medsize,1,0
GN61665,Arizona,14761.9,No,Extended,1,Bachelor,2,2/13/2011,Employed,1,M,63680,Married,1,5,77,0,3,Corporate Auto,1,Corporate L3,5,3,Agent,2,Medsize,1,0
IK82336,Oregon,18919.04,No,Basic,0,College,1,2/13/2011,Employed,1,F,52674,Married,1,15,127,0,2,Personal Auto,0,Personal L2,1,3,Branch,1,Small,0,0
PX45824,Washington,6705.25,No,Basic,0,College,1,2/13/2011,Unemployed,0,M,0,Single,0,34,81,0,9,Personal Auto,0,Personal L2,1,1,Agent,2,Medsize,1,0
NG13451,Oregon,10655.31,No,Basic,0,High School or Below,0,2/13/2011,Employed,1,M,39440,Single,0,9,20,0,2,Personal Auto,0,Personal L2,1,2,Call Center,3,Small,0,0
II16403,California,10270.78,No,Basic,0,College,1,2/13/2011,Employed,1,F,42466,Single,0,7,82,0,1,Personal Auto,0,Personal L3,2,1,Branch,1,Medsize,1,0
YV88022,Washington,9030.18,Yes,Extended,1,High School or Below,0,2/13/2011,Employed,1,M,76923,Married,1,45,95,0,7,Personal Auto,0,Personal L2,1,2,Agent,2,Medsize,1,0
OA26316,Arizona,2998.84,No,Basic,0,College,1,2/13/2011,Unemployed,0,F,0,Single,0,34,41,0,1,Personal Auto,0,Personal L2,1,2,Call Center,3,Medsize,1,0
XO67536,California,3460.58,No,Basic,0,College,1,2/13/2011,Disabled,4,F,14661,Married,1,41,123,0,1,Personal Auto,0,Personal L3,2,2,Call Center,3,Medsize,1,0
DW11738,California,5726.21,No,Basic,0,Master,3,2/13/2011,Medical Leave,2,M,26776,Divorced,2,35,11,4,8,Personal Auto,0,Personal L3,2,1,Agent,2,Small,0,0
AM53473,Arizona,7859.41,No,Basic,0,Bachelor,2,2/13/2011,Employed,1,F,81117,Single,0,28,31,0,3,Special Auto,2,Special L3,8,1,Agent,2,Small,0,0
ZD65365,Oregon,3907.69,No,Basic,0,College,1,2/13/2011,Employed,1,F,38075,Married,1,8,16,0,1,Personal Auto,0,Personal L3,2,2,Branch,1,Medsize,1,0
MT97446,California,3573.73,No,Basic,0,Master,3,2/13/2011,Employed,1,F,35695,Married,1,43,27,0,1,Corporate Auto,1,Corporate L1,3,1,Agent,2,Medsize,1,0
YA78391,Oregon,7707.45,No,Extended,1,High School or Below,0,2/13/2011,Unemployed,0,M,0,Married,1,43,89,0,5,Personal Auto,0,Personal L2,1,3,Agent,2,Medsize,1,0
ZB69355,Oregon,5511.65,No,Basic,0,Bachelor,2,2/13/2011,Medical Leave,2,F,31328,Married,1,42,81,0,1,Personal Auto,0,Personal L3,2,1,Call Center,3,Large,2,0
DK69871,Nevada,32586.38,No,Basic,0,Master,3,2/13/2011,Employed,1,M,72483,Divorced,2,18,65,0,2,Personal Auto,0,Personal L3,2,1,Call Center,3,Medsize,1,0
OI80614,California,9030.18,Yes,Extended,1,High School or Below,0,2/13/2011,Employed,1,M,76923,Married,1,45,95,0,7,Personal Auto,0,Personal L3,2,2,Agent,2,Medsize,1,0
FI61059,Oregon,5820.41,No,Basic,0,College,1,2/13/2011,Unemployed,0,M,0,Single,0,0,96,1,3,Personal Auto,0,Personal L3,2,3,Call Center,3,Medsize,1,0
ZW79814,California,9030.18,Yes,Extended,1,High School or Below,0,2/13/2011,Employed,1,M,76923,Married,1,45,95,0,7,Personal Auto,0,Personal L1,0,2,Agent,2,Medsize,1,0
IJ28717,Oregon,43332.73,No,Basic,0,College,1,2/13/2011,Employed,1,M,42529,Married,1,23,100,3,2,Personal Auto,0,Personal L2,1,1,Agent,2,Medsize,1,0
II20035,Oregon,10059.5,No,Basic,0,High School or Below,0,2/13/2011,Medical Leave,2,F,35423,Married,1,15,53,0,2,Personal Auto,0,Personal L2,1,2,Web,0,Small,0,0
UT21323,California,17626.97,No,Basic,0,College,1,2/13/2011,Unemployed,0,M,0,Single,0,12,90,0,7,Personal Auto,0,Personal L3,2,3,Branch,1,Small,0,1
JQ95021,California,4571.35,No,Extended,1,College,1,2/13/2011,Employed,1,M,90786,Divorced,2,34,5,0,1,Special Auto,2,Special L1,6,3,Web,0,Medsize,1,0
GW43195,Oregon,34839.54,Yes,Extended,1,College,1,2/13/2011,Employed,1,F,96134,Married,1,11,120,1,2,Personal Auto,0,Personal L2,1,1,Branch,1,Small,0,1
DA26490,California,6642.66,No,Basic,0,Bachelor,2,2/13/2011,Employed,1,M,28844,Married,1,27,63,0,3,Personal Auto,0,Personal L2,1,4,Branch,1,Small,0,0
DM59806,California,4821.32,No,Extended,1,Doctor,4,2/13/2011,Employed,1,F,99702,Single,0,9,47,0,1,Personal Auto,0,Personal L3,2,2,Agent,2,Small,0,0
DD27563,Oregon,8562.34,No,Extended,1,High School or Below,0,2/13/2011,Employed,1,M,117027,Single,0,5,111,0,3,Personal Auto,0,Personal L3,2,1,Agent,2,Large,2,0
XC25965,Washington,19918.38,No,Extended,1,Bachelor,2,2/13/2011,Employed,1,F,35756,Single,0,24,7,1,2,Personal Auto,0,Personal L1,0,1,Agent,2,Medsize,1,0
VR66049,Washington,9030.18,Yes,Extended,1,High School or Below,0,2/13/2011,Employed,1,M,76923,Married,1,45,95,0,7,Corporate Auto,1,Corporate L3,5,2,Agent,2,Medsize,1,0
ZR56751,Washington,8440.69,No,Extended,1,Master,3,2/13/2011,Employed,1,F,125408,Married,1,7,3,0,7,Personal Auto,0,Personal L2,1,2,Call Center,3,Small,0,0
RQ94849,California,3223.61,No,Basic,0,College,1,2/13/2011,Unemployed,0,M,0,Single,0,31,119,0,1,Personal Auto,0,Personal L3,2,1,Web,0,Medsize,1,0
XV76553,Oregon,6107.07,No,Basic,0,High School or Below,0,2/13/2011,Employed,1,M,101162,Married,1,20,84,0,1,Corporate Auto,1,Corporate L3,5,2,Branch,1,Medsize,1,0
RN45606,Nevada,21903.13,No,Extended,1,High School or Below,0,2/13/2011,Employed,1,F,43448,Married,1,19,123,1,2,Personal Auto,0,Personal L2,1,1,Branch,1,Medsize,1,0
MW98508,Oregon,3900.27,No,Basic,0,College,1,2/13/2011,Employed,1,F,97301,Married,1,43,1,2,1,Special Auto,2,Special L3,8,2,Web,0,Medsize,1,0
MM50888,Arizona,4125.89,No,Extended,1,High School or Below,0,2/13/2011,Employed,1,F,46328,Married,1,8,43,2,1,Personal Auto,0,Personal L3,2,2,Web,0,Medsize,1,0
WX84274,Oregon,6669.17,No,Basic,0,Bachelor,2,2/13/2011,Unemployed,0,F,0,Single,0,14,115,0,3,Corporate Auto,1,Corporate L3,5,1,Agent,2,Small,0,0
FD36230,California,11396.25,No,Basic,0,High School or Below,0,2/13/2011,Employed,1,F,68581,Married,1,34,28,3,2,Personal Auto,0,Personal L2,1,2,Agent,2,Medsize,1,0
UO54843,California,7252.68,No,Basic,0,Bachelor,2,2/13/2011,Employed,1,M,94886,Married,1,22,89,0,3,Corporate Auto,1,Corporate L3,5,2,Web,0,Medsize,1,0
XO56170,California,3870.21,No,Basic,0,High School or Below,0,2/13/2011,Employed,1,F,118028,Divorced,2,36,57,0,1,Personal Auto,0,Personal L3,2,2,Agent,2,Medsize,1,0
ZA45956,California,18543.78,Yes,Premium,2,Master,3,2/13/2011,Disabled,4,F,21844,Divorced,2,30,107,0,8,Personal Auto,0,Personal L2,1,1,Web,0,Medsize,1,1
SF30642,California,12145.65,No,Basic,0,High School or Below,0,2/13/2011,Employed,1,M,67103,Married,1,18,128,0,3,Personal Auto,0,Personal L3,2,2,Call Center,3,Medsize,1,0
GU99037,Oregon,3311.52,No,Basic,0,College,1,2/14/2011,Employed,1,M,107862,Married,1,7,116,1,1,Corporate Auto,1,Corporate L1,3,4,Agent,2,Medsize,1,0
IX37561,Washington,6881.98,No,Basic,0,College,1,2/14/2011,Unemployed,0,F,0,Single,0,4,128,0,7,Personal Auto,0,Personal L3,2,3,Web,0,Medsize,1,0
CD88896,Nevada,3394.7,Yes,Basic,0,High School or Below,0,2/14/2011,Employed,1,F,59211,Single,0,20,78,0,1,Corporate Auto,1,Corporate L3,5,2,Agent,2,Medsize,1,0
UW32074,Oregon,6217.11,No,Basic,0,College,1,2/14/2011,Unemployed,0,F,0,Divorced,2,18,86,0,4,Corporate Auto,1,Corporate L3,5,1,Branch,1,Small,0,0
UF33451,Oregon,14821.78,No,Extended,1,Bachelor,2,2/14/2011,Employed,1,F,128016,Married,1,7,86,0,4,Personal Auto,0,Personal L3,2,1,Agent,2,Medsize,1,0
YL74732,California,5173.36,No,Basic,0,High School or Below,0,2/14/2011,Disabled,4,F,20509,Married,1,1,9,0,1,Personal Auto,0,Personal L2,1,4,Web,0,Medsize,1,0
UK52289,Arizona,3486.25,Yes,Basic,0,Bachelor,2,2/14/2011,Employed,1,F,103587,Married,1,3,92,0,1,Special Auto,2,Special L3,8,2,Agent,2,Medsize,1,0
ZH19885,Washington,3394.7,Yes,Basic,0,High School or Below,0,2/14/2011,Employed,1,F,59211,Single,0,20,78,0,1,Personal Auto,0,Personal L3,2,2,Agent,2,Medsize,1,0
CK19789,California,7947.7,No,Basic,0,Master,3,2/14/2011,Employed,1,F,84744,Married,1,26,77,0,9,Personal Auto,0,Personal L3,2,4,Branch,1,Medsize,1,0
GE82737,Nevada,7205.43,No,Extended,1,Bachelor,2,2/14/2011,Unemployed,0,F,0,Single,0,26,126,3,5,Personal Auto,0,Personal L3,2,1,Agent,2,Small,0,0
KN34250,Oregon,13782.05,Yes,Extended,1,College,1,2/14/2011,Employed,1,F,47901,Married,1,28,80,0,3,Corporate Auto,1,Corporate L2,4,1,Branch,1,Medsize,1,0
NL41409,Oregon,3518.38,No,Basic,0,Bachelor,2,2/14/2011,Employed,1,F,38501,Married,1,1,76,0,1,Personal Auto,0,Personal L3,2,2,Web,0,Large,2,0
HN95240,Arizona,6728.53,No,Basic,0,College,1,2/14/2011,Unemployed,0,F,0,Divorced,2,34,65,0,9,Corporate Auto,1,Corporate L1,3,1,Agent,2,Small,0,0
NG82219,Oregon,3486.25,Yes,Basic,0,Bachelor,2,2/14/2011,Employed,1,F,103587,Married,1,3,92,0,1,Personal Auto,0,Personal L3,2,2,Agent,2,Medsize,1,0
JY16280,California,3394.7,Yes,Basic,0,High School or Below,0,2/14/2011,Employed,1,F,59211,Single,0,20,78,0,1,Personal Auto,0,Personal L2,1,2,Agent,2,Medsize,1,0
HG33568,Arizona,10101.56,No,Basic,0,Master,3,2/14/2011,Employed,1,F,34649,Married,1,9,41,2,2,Personal Auto,0,Personal L3,2,4,Call Center,3,Medsize,1,0
FZ55002,Nevada,7047.38,No,Basic,0,Doctor,4,2/14/2011,Unemployed,0,F,0,Married,1,31,18,0,7,Personal Auto,0,Personal L3,2,4,Agent,2,Small,0,0
PT32230,California,10505.87,No,Basic,0,High School or Below,0,2/14/2011,Employed,1,F,94580,Married,1,1,131,0,1,Personal Auto,0,Personal L3,2,2,Agent,2,Medsize,1,0
LN55080,Oregon,23938.83,No,Basic,0,Bachelor,2,2/14/2011,Employed,1,F,56958,Married,1,3,58,1,2,Special Auto,2,Special L2,7,1,Call Center,3,Medsize,1,0
IF38438,Arizona,29055.98,No,Extended,1,High School or Below,0,2/14/2011,Employed,1,F,60338,Married,1,19,69,2,2,Personal Auto,0,Personal L2,1,1,Call Center,3,Medsize,1,0
PS69748,Washington,11768.02,Yes,Basic,0,College,1,2/14/2011,Employed,1,M,113192,Married,1,30,127,3,2,Personal Auto,0,Personal L3,2,2,Agent,2,Large,2,0
NA89685,Oregon,7757.3,No,Basic,0,College,1,2/14/2011,Employed,1,M,83687,Married,1,28,63,0,9,Personal Auto,0,Personal L3,2,1,Agent,2,Medsize,1,0
NB54665,Arizona,3394.7,Yes,Basic,0,High School or Below,0,2/14/2011,Employed,1,F,59211,Single,0,20,78,0,1,Corporate Auto,1,Corporate L1,3,2,Agent,2,Medsize,1,0
BU14748,Arizona,4885.23,No,Extended,1,High School or Below,0,2/14/2011,Employed,1,M,68519,Married,1,28,34,0,1,Personal Auto,0,Personal L3,2,4,Agent,2,Medsize,1,0
NL74789,California,9888.65,No,Premium,2,Bachelor,2,2/14/2011,Unemployed,0,F,0,Single,0,5,132,0,6,Special Auto,2,Special L2,7,1,Branch,1,Medsize,1,0
IF87079,Arizona,7831.52,No,Basic,0,Master,3,2/14/2011,Employed,1,F,66051,Divorced,2,1,69,0,9,Personal Auto,0,Personal L2,1,1,Agent,2,Medsize,1,0
MM45334,Oregon,11028.84,No,Basic,0,College,1,2/14/2011,Employed,1,F,55084,Single,0,11,26,3,2,Personal Auto,0,Personal L3,2,3,Call Center,3,Medsize,1,0
QF21045,Oregon,3692.98,No,Basic,0,College,1,2/14/2011,Employed,1,F,133927,Married,1,9,28,0,1,Personal Auto,0,Personal L2,1,2,Branch,1,Medsize,1,0
ZS22428,California,6637.38,No,Basic,0,Bachelor,2,2/14/2011,Employed,1,F,29574,Married,1,8,63,0,3,Personal Auto,0,Personal L3,2,2,Agent,2,Medsize,1,0
LC33025,Oregon,10689.75,No,Extended,1,College,1,2/14/2011,Employed,1,M,60342,Married,1,0,119,4,1,Personal Auto,0,Personal L2,1,1,Call Center,3,Medsize,1,1
KV99550,California,8795.19,No,Basic,0,High School or Below,0,2/14/2011,Unemployed,0,M,0,Married,1,16,101,1,2,Personal Auto,0,Personal L3,2,2,Agent,2,Small,0,0
HO50571,California,13782.05,Yes,Extended,1,College,1,2/14/2011,Employed,1,F,47901,Married,1,28,80,0,3,Personal Auto,0,Personal L3,2,1,Branch,1,Medsize,1,0
BH86846,Washington,27956.15,No,Basic,0,High School or Below,0,2/14/2011,Employed,1,M,124307,Married,1,16,92,1,2,Corporate Auto,1,Corporate L3,5,4,Agent,2,Medsize,1,0
EE99484,Washington,3394.7,Yes,Basic,0,High School or Below,0,2/14/2011,Employed,1,F,59211,Single,0,20,78,0,1,Corporate Auto,1,Corporate L3,5,2,Agent,2,Medsize,1,0
BL93659,California,7850.32,No,Extended,1,Bachelor,2,2/14/2011,Unemployed,0,M,0,Married,1,23,130,0,5,Personal Auto,0,Personal L2,1,1,Call Center,3,Medsize,1,0
PB21909,Oregon,13197.35,No,Extended,1,Bachelor,2,2/14/2011,Employed,1,M,75103,Single,0,47,132,0,7,Personal Auto,0,Personal L2,1,1,Agent,2,Medsize,1,0
VE64781,Arizona,3951.55,No,Basic,0,Bachelor,2,2/14/2011,Employed,1,F,102175,Married,1,47,63,0,1,Personal Auto,0,Personal L3,2,2,Agent,2,Small,0,0
ZW19492,Oregon,3246.64,No,Basic,0,Bachelor,2,2/14/2011,Employed,1,M,85664,Divorced,2,35,96,0,1,Personal Auto,0,Personal L3,2,1,Branch,1,Medsize,1,0
SK12432,Arizona,3224.28,No,Basic,0,Bachelor,2,2/14/2011,Unemployed,0,M,0,Single,0,16,113,0,1,Personal Auto,0,Personal L1,0,2,Web,0,Medsize,1,0
NE22677,California,17659.06,No,Extended,1,College,1,2/14/2011,Unemployed,0,M,0,Divorced,2,16,78,0,2,Special Auto,2,Special L2,7,1,Web,0,Small,0,0
OM63954,California,12507.16,No,Premium,2,Bachelor,2,2/14/2011,Employed,1,F,75380,Single,0,22,47,0,9,Personal Auto,0,Personal L1,0,2,Agent,2,Medsize,1,1
WV53081,Arizona,3507.12,No,Basic,0,College,1,2/14/2011,Employed,1,F,66566,Married,1,9,131,0,1,Corporate Auto,1,Corporate L1,3,3,Agent,2,Medsize,1,0
XQ14689,Nevada,5751.96,No,Basic,0,College,1,2/14/2011,Unemployed,0,M,0,Single,0,1,99,0,3,Personal Auto,0,Personal L3,2,1,Agent,2,Small,0,0
HL33607,Washington,11768.02,Yes,Basic,0,College,1,2/14/2011,Employed,1,M,113192,Married,1,30,127,3,2,Personal Auto,0,Personal L2,1,2,Agent,2,Large,2,0
JD11661,Oregon,10162.93,No,Basic,0,College,1,2/14/2011,Unemployed,0,F,0,Single,0,0,59,0,7,Personal Auto,0,Personal L2,1,2,Agent,2,Medsize,1,0
LW80918,Oregon,11682.31,No,Basic,0,Doctor,4,2/14/2011,Employed,1,M,94100,Married,1,34,124,0,2,Personal Auto,0,Personal L3,2,4,Agent,2,Medsize,1,0
YK23193,Nevada,8177.05,Yes,Extended,1,Bachelor,2,2/14/2011,Retired,3,M,37369,Married,1,18,84,0,9,Personal Auto,0,Personal L3,2,2,Agent,2,Medsize,1,0
ZF73834,California,3486.25,Yes,Basic,0,Bachelor,2,2/14/2011,Employed,1,F,103587,Married,1,3,92,0,1,Personal Auto,0,Personal L3,2,2,Agent,2,Medsize,1,0
UQ16798,Arizona,13782.05,Yes,Extended,1,College,1,2/14/2011,Employed,1,F,47901,Married,1,28,80,0,3,Personal Auto,0,Personal L2,1,1,Branch,1,Medsize,1,0
VW13019,Nevada,6621.61,Yes,Extended,1,College,1,2/14/2011,Retired,3,F,17418,Divorced,2,4,69,0,1,Corporate Auto,1,Corporate L2,4,1,Agent,2,Medsize,1,0
ZT18953,Oregon,11045.32,No,Basic,0,Bachelor,2,2/14/2011,Unemployed,0,F,0,Married,1,34,126,0,4,Corporate Auto,1,Corporate L3,5,1,Branch,1,Medsize,1,0
DB17162,Arizona,7240.6,No,Basic,0,High School or Below,0,2/14/2011,Employed,1,M,86837,Married,1,9,90,0,3,Personal Auto,0,Personal L2,1,3,Branch,1,Small,0,0
MS87381,California,32219.31,No,Extended,1,High School or Below,0,2/14/2011,Unemployed,0,F,0,Married,1,36,126,1,2,Personal Auto,0,Personal L2,1,3,Branch,1,Medsize,1,0
OV87950,California,3830.17,No,Basic,0,College,1,2/14/2011,Employed,1,M,39477,Married,1,35,31,0,1,Personal Auto,0,Personal L1,0,3,Branch,1,Large,2,0
OD85990,Oregon,5351.6,No,Basic,0,Bachelor,2,2/14/2011,Disabled,4,F,31690,Divorced,2,7,28,0,1,Corporate Auto,1,Corporate L3,5,1,Branch,1,Medsize,1,0
OI48534,California,3533.2,No,Basic,0,High School or Below,0,2/14/2011,Employed,1,F,132756,Single,0,18,45,0,1,Personal Auto,0,Personal L1,0,3,Web,0,Medsize,1,0
RH72839,Nevada,6303.46,Yes,Premium,2,High School or Below,0,2/14/2011,Employed,1,F,102812,Married,1,20,108,0,1,Personal Auto,0,Personal L1,0,2,Call Center,3,Small,0,0
UN52560,Arizona,8476.33,No,Extended,1,Bachelor,2,2/14/2011,Employed,1,M,64353,Married,1,22,113,0,3,Personal Auto,0,Personal L3,2,2,Branch,1,Small,0,0
OT94107,Oregon,4288.77,No,Extended,1,Bachelor,2,2/14/2011,Employed,1,F,47994,Single,0,45,70,1,1,Personal Auto,0,Personal L2,1,2,Branch,1,Small,0,0
DD22139,Washington,10615.09,No,Basic,0,College,1,2/14/2011,Unemployed,0,F,0,Divorced,2,12,38,0,2,Corporate Auto,1,Corporate L3,5,1,Branch,1,Small,0,0
GY99495,Oregon,8332.73,No,Extended,1,Master,3,2/14/2011,Unemployed,0,M,0,Divorced,2,8,126,0,7,Corporate Auto,1,Corporate L3,5,1,Web,0,Medsize,1,0
DJ11965,California,6621.61,Yes,Extended,1,College,1,2/14/2011,Retired,3,F,17418,Divorced,2,4,69,0,1,Personal Auto,0,Personal L3,2,1,Agent,2,Medsize,1,0
YY71144,Oregon,11768.02,Yes,Basic,0,College,1,2/14/2011,Employed,1,M,113192,Married,1,30,127,3,2,Personal Auto,0,Personal L1,0,2,Agent,2,Large,2,0
KG23128,Oregon,8177.05,Yes,Extended,1,Bachelor,2,2/14/2011,Retired,3,M,37369,Married,1,18,84,0,9,Personal Auto,0,Personal L3,2,2,Agent,2,Medsize,1,0
VH77056,Arizona,3305.83,No,Basic,0,Bachelor,2,2/14/2011,Employed,1,F,54888,Married,1,32,107,1,1,Personal Auto,0,Personal L2,1,3,Call Center,3,Medsize,1,0
CX65318,Arizona,23517.76,No,Extended,1,Master,3,2/14/2011,Employed,1,M,42845,Married,1,23,3,0,3,Personal Auto,0,Personal L2,1,1,Agent,2,Medsize,1,1
UV64489,Arizona,11767.1,No,Basic,0,Bachelor,2,2/14/2011,Employed,1,F,38803,Single,0,12,18,0,3,Personal Auto,0,Personal L3,2,3,Call Center,3,Medsize,1,0
EO77382,Arizona,11979.26,No,Premium,2,Bachelor,2,2/14/2011,Employed,1,F,72229,Single,0,4,58,0,7,Personal Auto,0,Personal L1,0,1,Agent,2,Medsize,1,0
SK32629,California,6621.61,Yes,Extended,1,College,1,2/14/2011,Retired,3,F,17418,Divorced,2,4,69,0,1,Personal Auto,0,Personal L3,2,1,Agent,2,Medsize,1,0
OW33876,Washington,3343.25,No,Basic,0,College,1,2/14/2011,Employed,1,F,64689,Married,1,3,69,0,1,Corporate Auto,1,Corporate L3,5,2,Call Center,3,Medsize,1,0
OP67672,Washington,12257.76,No,Basic,0,Master,3,2/14/2011,Employed,1,F,27392,Married,1,8,101,0,3,Personal Auto,0,Personal L2,1,4,Agent,2,Medsize,1,1
JR26812,Nevada,16903.32,No,Extended,1,College,1,2/14/2011,Unemployed,0,M,0,Single,0,5,80,0,2,Personal Auto,0,Personal L3,2,3,Branch,1,Medsize,1,1
XU49878,Washington,7285.02,No,Basic,0,Bachelor,2,2/14/2011,Employed,1,M,83753,Married,1,11,41,1,8,Personal Auto,0,Personal L2,1,3,Call Center,3,Medsize,1,0
NN87570,Oregon,8177.05,Yes,Extended,1,Bachelor,2,2/14/2011,Retired,3,M,37369,Married,1,18,84,0,9,Corporate Auto,1,Corporate L3,5,2,Agent,2,Medsize,1,0
HD32695,Arizona,6004.02,No,Premium,2,Bachelor,2,2/14/2011,Disabled,4,F,17723,Married,1,15,28,0,1,Personal Auto,0,Personal L1,0,4,Call Center,3,Medsize,1,1
MH43755,Arizona,18739.4,No,Premium,2,College,1,2/14/2011,Disabled,4,F,24247,Married,1,38,69,0,3,Personal Auto,0,Personal L2,1,2,Agent,2,Medsize,1,0
TW62773,Washington,9409.34,No,Extended,1,High School or Below,0,2/14/2011,Disabled,4,F,37265,Married,1,27,61,1,9,Corporate Auto,1,Corporate L3,5,2,Agent,2,Medsize,1,0
UQ82778,Oregon,6130.34,No,Basic,0,High School or Below,0,2/14/2011,Unemployed,0,F,0,Divorced,2,19,5,0,3,Personal Auto,0,Personal L1,0,2,Agent,2,Medsize,1,0
GL82358,Nevada,3394.7,Yes,Basic,0,High School or Below,0,2/14/2011,Employed,1,F,59211,Single,0,20,78,0,1,Corporate Auto,1,Corporate L3,5,2,Agent,2,Medsize,1,0
BR44176,California,6303.46,Yes,Premium,2,High School or Below,0,2/14/2011,Employed,1,F,102812,Married,1,20,108,0,1,Personal Auto,0,Personal L3,2,2,Call Center,3,Small,0,0
DH99299,California,11768.02,Yes,Basic,0,College,1,2/14/2011,Employed,1,M,113192,Married,1,30,127,3,2,Personal Auto,0,Personal L2,1,2,Agent,2,Large,2,0
NE16405,California,3486.25,Yes,Basic,0,Bachelor,2,2/14/2011,Employed,1,F,103587,Married,1,3,92,0,1,Personal Auto,0,Personal L2,1,2,Agent,2,Medsize,1,0
QG22665,Arizona,6750.84,No,Basic,0,College,1,2/14/2011,Employed,1,M,59026,Married,1,42,82,3,7,Personal Auto,0,Personal L3,2,2,Agent,2,Small,0,0
KA98111,Washington,3392.71,No,Basic,0,Bachelor,2,2/14/2011,Employed,1,M,30341,Married,1,34,54,1,1,Personal Auto,0,Personal L3,2,2,Agent,2,Large,2,0
WH56217,Washington,12052.21,No,Basic,0,College,1,2/14/2011,Medical Leave,2,M,39334,Divorced,2,22,97,0,9,Corporate Auto,1,Corporate L1,3,1,Agent,2,Large,2,0
MR84659,Oregon,13782.05,Yes,Extended,1,College,1,2/14/2011,Employed,1,F,47901,Married,1,28,80,0,3,Personal Auto,0,Personal L3,2,1,Branch,1,Medsize,1,0
CA22248,Oregon,3382.32,No,Basic,0,Master,3,2/14/2011,Employed,1,F,81737,Single,0,28,96,0,1,Personal Auto,0,Personal L3,2,2,Branch,1,Medsize,1,0
ZW33889,California,3344.91,No,Basic,0,Bachelor,2,2/14/2011,Employed,1,F,59778,Married,1,34,4,0,1,Corporate Auto,1,Corporate L3,5,4,Call Center,3,Medsize,1,0
WV57524,Oregon,13782.05,Yes,Extended,1,College,1,2/14/2011,Employed,1,F,47901,Married,1,28,80,0,3,Personal Auto,0,Personal L1,0,1,Branch,1,Medsize,1,0
FS56709,California,3880,No,Basic,0,Doctor,4,2/14/2011,Employed,1,M,59513,Married,1,35,117,0,1,Personal Auto,0,Personal L2,1,3,Agent,2,Large,2,0
FD21881,Oregon,4065.88,No,Extended,1,College,1,2/14/2011,Employed,1,M,105181,Divorced,2,7,54,0,1,Personal Auto,0,Personal L3,2,4,Agent,2,Small,0,0
No59551,California,6621.61,Yes,Extended,1,College,1,2/14/2011,Retired,3,F,17418,Divorced,2,4,69,0,1,Personal Auto,0,Personal L3,2,1,Agent,2,Medsize,1,0
VH51235,Arizona,4182.19,No,Extended,1,Bachelor,2,2/14/2011,Unemployed,0,F,0,Single,0,22,80,0,1,Personal Auto,0,Personal L2,1,3,Web,0,Medsize,1,0
HL97125,Nevada,6303.46,Yes,Premium,2,High School or Below,0,2/14/2011,Employed,1,F,102812,Married,1,20,108,0,1,Personal Auto,0,Personal L1,0,2,Call Center,3,Small,0,0
UX94928,Arizona,14244.05,No,Basic,0,High School or Below,0,2/14/2011,Employed,1,M,68770,Single,0,23,62,0,2,Personal Auto,0,Personal L2,1,4,Agent,2,Small,0,0
WO80705,Arizona,3855.5,No,Basic,0,Bachelor,2,2/14/2011,Employed,1,F,68496,Divorced,2,15,65,0,1,Personal Auto,0,Personal L1,0,3,Agent,2,Large,2,0
AH41449,Nevada,10674.63,No,Basic,0,College,1,2/14/2011,Employed,1,M,33299,Married,1,43,69,0,3,Personal Auto,0,Personal L2,1,3,Branch,1,Medsize,1,0
KE63160,Oregon,8177.05,Yes,Extended,1,Bachelor,2,2/14/2011,Retired,3,M,37369,Married,1,18,84,0,9,Personal Auto,0,Personal L3,2,2,Agent,2,Medsize,1,0
UH59257,Washington,10180.23,No,Extended,1,Doctor,4,2/14/2011,Employed,1,M,83330,Married,1,45,41,2,4,Personal Auto,0,Personal L3,2,2,Agent,2,Medsize,1,0
FU77365,California,12482.4,No,Basic,0,Bachelor,2,2/14/2011,Employed,1,F,54043,Married,1,1,68,2,7,Personal Auto,0,Personal L3,2,1,Web,0,Medsize,1,0
ZW76597,California,7116.35,No,Basic,0,Bachelor,2,2/14/2011,Retired,3,F,17840,Married,1,41,23,1,3,Corporate Auto,1,Corporate L3,5,1,Branch,1,Small,0,0
UG35090,California,8161.59,No,Extended,1,College,1,2/14/2011,Employed,1,F,111239,Single,0,24,20,3,9,Personal Auto,0,Personal L3,2,2,Agent,2,Medsize,1,0
SW42446,California,14284.72,No,Extended,1,College,1,2/14/2011,Employed,1,F,57393,Married,1,0,59,0,3,Corporate Auto,1,Corporate L3,5,1,Agent,2,Small,0,0
HO81102,Washington,6406,No,Basic,0,High School or Below,0,2/14/2011,Employed,1,M,68241,Divorced,2,3,99,0,7,Personal Auto,0,Personal L3,2,1,Agent,2,Medsize,1,0
QI21338,Oregon,6303.46,Yes,Premium,2,High School or Below,0,2/14/2011,Employed,1,F,102812,Married,1,20,108,0,1,Personal Auto,0,Personal L3,2,2,Call Center,3,Small,0,0
TU27017,California,8944.14,No,Extended,1,Bachelor,2,2/14/2011,Employed,1,M,55971,Married,1,1,73,0,4,Personal Auto,0,Personal L3,2,3,Branch,1,Medsize,1,0
WW16329,Oregon,13782.05,Yes,Extended,1,College,1,2/14/2011,Employed,1,F,47901,Married,1,28,80,0,3,Corporate Auto,1,Corporate L1,3,1,Branch,1,Medsize,1,0
NM18924,Oregon,40887.03,No,Basic,0,High School or Below,0,2/14/2011,Disabled,4,F,37242,Divorced,2,19,46,1,2,Corporate Auto,1,Corporate L3,5,1,Call Center,3,Medsize,1,0
LV94312,Oregon,6657.53,No,Basic,0,College,1,2/14/2011,Employed,1,M,45333,Married,1,23,104,0,3,Corporate Auto,1,Corporate L3,5,1,Agent,2,Medsize,1,0
RE73564,Oregon,15570.19,No,Extended,1,Bachelor,2,2/14/2011,Employed,1,F,55482,Married,1,4,20,0,2,Personal Auto,0,Personal L1,0,1,Branch,1,Medsize,1,0
MX93376,California,9333.31,No,Basic,0,College,1,2/14/2011,Retired,3,F,36064,Divorced,2,23,9,1,2,Personal Auto,0,Personal L1,0,3,Call Center,3,Small,0,0
RJ68578,Oregon,10949.45,No,Basic,0,High School or Below,0,2/14/2011,Employed,1,M,103787,Married,1,27,59,0,5,Corporate Auto,1,Corporate L3,5,2,Web,0,Large,2,0
TF80571,California,8927.03,No,Premium,2,High School or Below,0,2/14/2011,Employed,1,M,38869,Single,0,46,27,3,1,Corporate Auto,1,Corporate L1,3,4,Web,0,Small,0,1
GM37281,California,3486.25,Yes,Basic,0,Bachelor,2,2/14/2011,Employed,1,F,103587,Married,1,3,92,0,1,Personal Auto,0,Personal L3,2,2,Agent,2,Medsize,1,0
WX46704,California,21748.17,No,Basic,0,High School or Below,0,2/14/2011,Unemployed,0,F,0,Married,1,16,57,0,2,Personal Auto,0,Personal L3,2,3,Call Center,3,Small,0,0
JX93039,Washington,6592.5,No,Extended,1,College,1,2/14/2011,Employed,1,F,54231,Married,1,18,31,0,1,Personal Auto,0,Personal L1,0,2,Call Center,3,Medsize,1,0
IZ50034,Washington,10884.44,No,Basic,0,College,1,2/14/2011,Employed,1,M,56867,Married,1,4,105,0,6,Personal Auto,0,Personal L2,1,4,Branch,1,Medsize,1,0
WJ20394,Nevada,7007.91,No,Premium,2,High School or Below,0,2/14/2011,Unemployed,0,M,0,Married,1,9,43,0,1,Corporate Auto,1,Corporate L2,4,4,Web,0,Medsize,1,0
YB58105,California,14668.91,No,Premium,2,High School or Below,0,2/14/2011,Unemployed,0,M,0,Single,0,36,65,1,2,Corporate Auto,1,Corporate L1,3,1,Agent,2,Large,2,1
OP70207,Oregon,14184.29,No,Extended,1,College,1,2/14/2011,Employed,1,M,51211,Divorced,2,3,78,1,8,Personal Auto,0,Personal L3,2,1,Call Center,3,Medsize,1,0
RL65736,Oregon,8470.5,No,Extended,1,High School or Below,0,2/14/2011,Medical Leave,2,F,18444,Single,0,39,50,0,3,Personal Auto,0,Personal L1,0,1,Agent,2,Small,0,0
FL22732,Oregon,9965.19,No,Basic,0,Bachelor,2,2/14/2011,Employed,1,M,86820,Married,1,28,107,0,2,Personal Auto,0,Personal L2,1,4,Agent,2,Medsize,1,0
JD75068,Oregon,3677.75,No,Basic,0,College,1,2/14/2011,Unemployed,0,F,0,Married,1,28,95,0,1,Corporate Auto,1,Corporate L3,5,1,Agent,2,Medsize,1,0
CP76842,Nevada,4526.38,No,Extended,1,College,1,2/14/2011,Employed,1,F,128841,Married,1,34,103,0,1,Corporate Auto,1,Corporate L3,5,2,Call Center,3,Medsize,1,0
MH24522,California,10442.88,No,Basic,0,College,1,2/14/2011,Unemployed,0,M,0,Married,1,15,46,0,3,Personal Auto,0,Personal L2,1,1,Call Center,3,Small,0,0
TD78032,Washington,3113.68,No,Basic,0,High School or Below,0,2/14/2011,Unemployed,0,M,0,Single,0,26,95,0,1,Corporate Auto,1,Corporate L1,3,4,Call Center,3,Medsize,1,0
YA70612,Oregon,12099.77,No,Basic,0,Bachelor,2,2/14/2011,Employed,1,M,132197,Married,1,5,35,0,2,Personal Auto,0,Personal L2,1,1,Branch,1,Medsize,1,0
ZM45168,Oregon,3237.78,No,Basic,0,College,1,2/14/2011,Disabled,4,M,19333,Single,0,27,97,0,1,Personal Auto,0,Personal L2,1,1,Branch,1,Medsize,1,0
JX52708,California,6150.69,No,Basic,0,Bachelor,2,2/14/2011,Medical Leave,2,M,34583,Divorced,2,30,4,0,3,Personal Auto,0,Personal L3,2,2,Call Center,3,Medsize,1,0
IR29181,California,12603.77,No,Premium,2,High School or Below,0,2/14/2011,Employed,1,M,61104,Married,1,34,43,0,7,Corporate Auto,1,Corporate L2,4,1,Branch,1,Small,0,1
VX94337,California,11890.27,No,Basic,0,High School or Below,0,2/14/2011,Employed,1,M,80679,Divorced,2,36,123,0,3,Corporate Auto,1,Corporate L3,5,3,Call Center,3,Medsize,1,0
XB71208,California,3692.88,No,Basic,0,College,1,2/14/2011,Employed,1,F,130024,Single,0,3,103,0,1,Personal Auto,0,Personal L3,2,2,Agent,2,Medsize,1,0
IW72280,California,6797.3,No,Basic,0,Doctor,4,2/14/2011,Employed,1,F,50497,Married,1,11,134,3,4,Corporate Auto,1,Corporate L2,4,2,Branch,1,Medsize,1,0
KK61203,California,5311.03,No,Premium,2,High School or Below,0,2/14/2011,Medical Leave,2,M,28242,Married,1,34,119,0,1,Personal Auto,0,Personal L2,1,1,Web,0,Medsize,1,0
OI44122,California,11941,No,Basic,0,Bachelor,2,2/14/2011,Employed,1,M,61560,Married,1,8,130,0,3,Personal Auto,0,Personal L2,1,1,Agent,2,Medsize,1,0
YM44855,California,8870.81,No,Premium,2,Master,3,2/14/2011,Employed,1,F,71484,Single,0,4,58,1,1,Personal Auto,0,Personal L1,0,1,Branch,1,Small,0,0
DF86803,California,7166.39,No,Basic,0,High School or Below,0,2/14/2011,Unemployed,0,M,0,Single,0,12,58,0,3,Corporate Auto,1,Corporate L3,5,1,Agent,2,Medsize,1,0
PG90331,California,25158.47,No,Basic,0,College,1,2/14/2011,Disabled,4,M,15736,Married,1,26,11,0,2,Personal Auto,0,Personal L2,1,3,Agent,2,Medsize,1,0
ZC97968,California,3694.08,No,Basic,0,College,1,2/14/2011,Disabled,4,M,23670,Married,1,14,1,0,1,Personal Auto,0,Personal L3,2,1,Agent,2,Medsize,1,0
CO91673,California,6138.88,No,Basic,0,Bachelor,2,2/14/2011,Medical Leave,2,F,39192,Married,1,9,26,2,3,Personal Auto,0,Personal L2,1,2,Agent,2,Medsize,1,0
Y167826,California,3525.98,No,Extended,1,College,1,2/14/2011,Unemployed,0,M,0,Single,0,4,122,0,1,Corporate Auto,1,Corporate L3,5,4,Call Center,3,Medsize,1,0
XW13033,Nevada,10812.79,No,Basic,0,College,1,2/15/2011,Employed,1,M,28297,Married,1,27,45,0,2,Personal Auto,0,Personal L1,0,2,Agent,2,Medsize,1,0
KH48895,Arizona,11306.73,No,Basic,0,Master,3,2/15/2011,Medical Leave,2,F,24003,Married,1,16,24,0,9,Personal Auto,0,Personal L3,2,1,Branch,1,Medsize,1,0
JI70886,California,9841.59,No,Basic,0,High School or Below,0,2/15/2011,Unemployed,0,M,0,Married,1,15,95,1,3,Corporate Auto,1,Corporate L2,4,1,Agent,2,Medsize,1,0
RO73268,California,4334.94,No,Extended,1,Bachelor,2,2/15/2011,Disabled,4,M,21963,Divorced,2,8,113,0,1,Corporate Auto,1,Corporate L2,4,3,Agent,2,Medsize,1,0
XW90265,Arizona,7794.25,No,Basic,0,Bachelor,2,2/15/2011,Employed,1,F,110263,Married,1,28,116,0,8,Personal Auto,0,Personal L2,1,1,Agent,2,Small,0,0
EZ30498,Oregon,11657.79,No,Basic,0,Bachelor,2,2/15/2011,Medical Leave,2,M,17724,Married,1,20,126,0,6,Personal Auto,0,Personal L3,2,1,Web,0,Medsize,1,0
TI92884,Arizona,17040.82,No,Basic,0,Bachelor,2,2/15/2011,Employed,1,M,83489,Divorced,2,26,100,0,2,Personal Auto,0,Personal L2,1,1,Call Center,3,Small,0,0
PX44289,Arizona,7398.14,No,Basic,0,College,1,2/15/2011,Employed,1,M,79179,Single,0,8,128,0,3,Personal Auto,0,Personal L2,1,4,Call Center,3,Medsize,1,0
DF66914,Arizona,43506.56,No,Basic,0,Bachelor,2,2/15/2011,Employed,1,F,61197,Married,1,0,11,0,2,Personal Auto,0,Personal L1,0,2,Agent,2,Medsize,1,0
UO86707,Washington,9684.78,No,Basic,0,Bachelor,2,2/15/2011,Employed,1,M,101543,Single,0,16,63,1,2,Personal Auto,0,Personal L3,2,3,Branch,1,Medsize,1,0
LE26899,California,6514.43,No,Basic,0,Doctor,4,2/15/2011,Unemployed,0,M,0,Married,1,11,36,0,9,Personal Auto,0,Personal L2,1,3,Branch,1,Medsize,1,0
TA58285,Oregon,7135.99,No,Basic,0,High School or Below,0,2/15/2011,Unemployed,0,M,0,Married,1,1,59,0,4,Personal Auto,0,Personal L1,0,2,Branch,1,Small,0,0
VJ44100,California,12315.95,No,Basic,0,Master,3,2/15/2011,Employed,1,M,122585,Married,1,39,90,0,5,Personal Auto,0,Personal L1,0,2,Call Center,3,Small,0,0
TY74870,California,3416.36,No,Basic,0,Master,3,2/15/2011,Medical Leave,2,F,33943,Divorced,2,46,51,0,1,Corporate Auto,1,Corporate L2,4,1,Branch,1,Medsize,1,0
UM69933,Nevada,3360.61,No,Basic,0,College,1,2/15/2011,Employed,1,M,62169,Married,1,22,46,0,1,Personal Auto,0,Personal L1,0,3,Branch,1,Large,2,0
KD63998,California,3610.89,Yes,Basic,0,College,1,2/15/2011,Employed,1,M,76062,Single,0,16,120,0,1,Personal Auto,0,Personal L2,1,2,Call Center,3,Small,0,0
OF47250,California,11663.32,No,Basic,0,Doctor,4,2/15/2011,Employed,1,F,124705,Divorced,2,22,12,1,3,Personal Auto,0,Personal L2,1,2,Call Center,3,Medsize,1,0
YU35386,Arizona,7560.01,No,Basic,0,Bachelor,2,2/15/2011,Employed,1,F,85888,Married,1,11,65,0,5,Personal Auto,0,Personal L3,2,4,Call Center,3,Medsize,1,0
GD59796,Nevada,31358.12,No,Premium,2,College,1,2/15/2011,Employed,1,F,71878,Single,0,35,130,3,2,Personal Auto,0,Personal L3,2,1,Agent,2,Small,0,0
TP87527,California,3229.38,No,Basic,0,High School or Below,0,2/15/2011,Unemployed,0,F,0,Divorced,2,15,84,0,1,Corporate Auto,1,Corporate L3,5,1,Branch,1,Large,2,0
GQ46925,Arizona,7859.27,No,Premium,2,High School or Below,0,2/15/2011,Employed,1,M,104710,Married,1,47,78,0,1,Personal Auto,0,Personal L1,0,4,Call Center,3,Medsize,1,0
EY89842,Arizona,5691.86,No,Basic,0,Bachelor,2,2/15/2011,Unemployed,0,M,0,Single,0,4,95,0,1,Corporate Auto,1,Corporate L3,5,1,Call Center,3,Medsize,1,1
JB51220,Oregon,14735.73,No,Premium,2,High School or Below,0,2/15/2011,Unemployed,0,F,0,Single,0,12,84,1,8,Corporate Auto,1,Corporate L2,4,1,Call Center,3,Medsize,1,1
PB60303,Oregon,24421.22,No,Extended,1,Master,3,2/15/2011,Employed,1,F,92567,Married,1,7,38,1,6,Personal Auto,0,Personal L3,2,4,Branch,1,Medsize,1,1
IA31850,Arizona,6175.64,No,Basic,0,College,1,2/15/2011,Unemployed,0,F,0,Single,0,4,7,0,6,Personal Auto,0,Personal L1,0,1,Agent,2,Small,0,0
TM13955,Washington,4040.58,No,Extended,1,Master,3,2/15/2011,Unemployed,0,M,0,Married,1,38,131,0,1,Corporate Auto,1,Corporate L3,5,1,Branch,1,Medsize,1,0
MR60878,Oregon,21279.42,No,Basic,0,Bachelor,2,2/15/2011,Employed,1,F,59889,Married,1,20,101,0,2,Corporate Auto,1,Corporate L3,5,2,Call Center,3,Small,0,0
HH80006,Oregon,4455.92,No,Extended,1,High School or Below,0,2/15/2011,Unemployed,0,F,0,Single,0,4,12,0,1,Personal Auto,0,Personal L1,0,1,Web,0,Small,0,0
XF94149,California,5518.14,No,Basic,0,College,1,2/15/2011,Employed,1,M,32566,Married,1,9,82,0,1,Personal Auto,0,Personal L3,2,4,Branch,1,Medsize,1,1
AY98473,Arizona,32652.29,No,Basic,0,College,1,2/15/2011,Employed,1,F,44535,Married,1,34,16,0,2,Personal Auto,0,Personal L3,2,2,Web,0,Small,0,0
QB15706,Washington,23339.55,No,Premium,2,College,1,2/15/2011,Unemployed,0,F,0,Married,1,4,14,0,2,Special Auto,2,Special L3,8,3,Agent,2,Small,0,1
RN56430,Nevada,7349.08,No,Basic,0,High School or Below,0,2/15/2011,Employed,1,F,55956,Married,1,22,130,1,3,Personal Auto,0,Personal L1,0,3,Branch,1,Medsize,1,0
LJ64287,Nevada,5665.48,No,Basic,0,High School or Below,0,2/15/2011,Unemployed,0,M,0,Single,0,47,101,1,7,Personal Auto,0,Personal L1,0,3,Call Center,3,Medsize,1,1
BU81591,California,13707.75,No,Extended,1,College,1,2/15/2011,Unemployed,0,M,0,Married,1,45,101,0,2,Corporate Auto,1,Corporate L1,3,1,Call Center,3,Large,2,0
UM27359,Arizona,10158.59,No,Basic,0,Bachelor,2,2/15/2011,Employed,1,M,66866,Married,1,11,86,0,2,Personal Auto,0,Personal L1,0,2,Web,0,Medsize,1,0
WX87964,Washington,6662.51,No,Basic,0,High School or Below,0,2/15/2011,Employed,1,M,39906,Married,1,28,120,0,7,Personal Auto,0,Personal L3,2,1,Agent,2,Medsize,1,0
JA12995,Oregon,3139.1,No,Basic,0,College,1,2/15/2011,Unemployed,0,F,0,Married,1,8,101,0,1,Personal Auto,0,Personal L3,2,3,Agent,2,Medsize,1,0
WY31530,Oregon,3351.94,No,Basic,0,Doctor,4,2/15/2011,Unemployed,0,M,0,Married,1,28,99,0,1,Personal Auto,0,Personal L2,1,2,Branch,1,Medsize,1,0
XQ44462,Oregon,3610.89,Yes,Basic,0,College,1,2/15/2011,Employed,1,M,76062,Single,0,16,120,0,1,Corporate Auto,1,Corporate L2,4,2,Call Center,3,Small,0,0
QJ65472,California,39464.14,No,Premium,2,High School or Below,0,2/15/2011,Medical Leave,2,M,38628,Single,0,23,11,0,2,Personal Auto,0,Personal L2,1,1,Agent,2,Small,0,1
TM13510,Arizona,3494.96,No,Basic,0,Doctor,4,2/15/2011,Employed,1,M,62327,Married,1,1,9,0,1,Personal Auto,0,Personal L2,1,2,Agent,2,Medsize,1,0
ZC32761,Arizona,11384.86,No,Basic,0,Bachelor,2,2/15/2011,Employed,1,M,78247,Divorced,2,36,86,0,2,Personal Auto,0,Personal L3,2,1,Agent,2,Large,2,0
VW34309,Oregon,7974.37,No,Basic,0,Bachelor,2,2/15/2011,Employed,1,F,58644,Married,1,18,70,0,7,Personal Auto,0,Personal L3,2,1,Branch,1,Medsize,1,0
GT18023,California,15230.06,No,Extended,1,High School or Below,0,2/15/2011,Employed,1,F,116363,Married,1,16,14,0,3,Special Auto,2,Special L2,7,1,Agent,2,Medsize,1,0
WJ57919,California,3610.89,Yes,Basic,0,College,1,2/15/2011,Employed,1,M,76062,Single,0,16,120,0,1,Special Auto,2,Special L3,8,2,Call Center,3,Small,0,0
FV62588,Oregon,33706.47,No,Basic,0,High School or Below,0,2/15/2011,Employed,1,M,90214,Married,1,15,63,0,2,Personal Auto,0,Personal L3,2,4,Agent,2,Medsize,1,0
UP80657,Washington,3610.89,Yes,Basic,0,College,1,2/15/2011,Employed,1,M,76062,Single,0,16,120,0,1,Corporate Auto,1,Corporate L3,5,2,Call Center,3,Small,0,0
DV51398,California,11916.76,No,Extended,1,High School or Below,0,2/15/2011,Unemployed,0,M,0,Single,0,47,51,1,3,Personal Auto,0,Personal L3,2,2,Branch,1,Medsize,1,1
YK32760,Oregon,3377.98,No,Basic,0,High School or Below,0,2/15/2011,Unemployed,0,M,0,Divorced,2,35,128,1,1,Corporate Auto,1,Corporate L1,3,1,Agent,2,Medsize,1,0
QV89791,California,11443.69,No,Premium,2,High School or Below,0,2/15/2011,Employed,1,F,74543,Married,1,12,12,2,9,Personal Auto,0,Personal L3,2,1,Branch,1,Medsize,1,0
NI18835,California,3952.44,No,Basic,0,Bachelor,2,2/15/2011,Employed,1,M,70188,Married,1,5,128,0,1,Personal Auto,0,Personal L3,2,2,Web,0,Medsize,1,0
OF49789,Oregon,6914.48,No,Extended,1,College,1,2/15/2011,Employed,1,F,77167,Married,1,27,124,0,1,Personal Auto,0,Personal L1,0,1,Agent,2,Medsize,1,0
TH96263,Nevada,13879.09,No,Extended,1,High School or Below,0,2/15/2011,Employed,1,F,99442,Married,1,46,63,0,3,Personal Auto,0,Personal L3,2,2,Call Center,3,Medsize,1,0
MQ79612,California,11796.7,No,Basic,0,Doctor,4,2/15/2011,Employed,1,M,124052,Married,1,41,38,0,7,Personal Auto,0,Personal L2,1,3,Agent,2,Small,0,0
QC28119,Oregon,10370.09,No,Basic,0,High School or Below,0,2/15/2011,Employed,1,M,121558,Married,1,16,28,0,2,Personal Auto,0,Personal L3,2,2,Branch,1,Medsize,1,0
QU58523,Arizona,7822.82,No,Basic,0,Master,3,2/15/2011,Employed,1,M,71522,Divorced,2,19,72,0,4,Personal Auto,0,Personal L2,1,1,Agent,2,Small,0,0
RL64888,California,3471.2,No,Basic,0,College,1,2/15/2011,Employed,1,F,40091,Married,1,0,78,4,1,Personal Auto,0,Personal L2,1,4,Agent,2,Medsize,1,0
FB68802,Arizona,5433.88,No,Basic,0,College,1,2/15/2011,Unemployed,0,M,0,Married,1,39,73,2,1,Personal Auto,0,Personal L3,2,3,Agent,2,Small,0,0
CO53249,Arizona,11351.23,No,Basic,0,College,1,2/15/2011,Employed,1,M,111780,Married,1,16,127,0,2,Corporate Auto,1,Corporate L3,5,1,Agent,2,Medsize,1,0
EV14053,California,9848.7,No,Extended,1,High School or Below,0,2/15/2011,Employed,1,F,45984,Married,1,31,69,0,3,Corporate Auto,1,Corporate L3,5,3,Agent,2,Medsize,1,0
IR78670,California,11770.82,No,Premium,2,Bachelor,2,2/15/2011,Unemployed,0,M,0,Married,1,9,99,1,7,Personal Auto,0,Personal L3,2,2,Branch,1,Large,2,0
GF68713,Oregon,4330.08,No,Extended,1,Bachelor,2,2/15/2011,Employed,1,M,33338,Married,1,0,119,0,1,Personal Auto,0,Personal L3,2,3,Web,0,Large,2,0
TI58610,Arizona,4045.8,No,Basic,0,Master,3,2/15/2011,Employed,1,F,69119,Divorced,2,26,70,0,1,Corporate Auto,1,Corporate L2,4,1,Branch,1,Small,0,0
RE63028,Nevada,8756.25,No,Extended,1,High School or Below,0,2/15/2011,Employed,1,F,117734,Single,0,4,35,0,9,Personal Auto,0,Personal L2,1,3,Call Center,3,Medsize,1,0
KL83882,Nevada,8963.09,No,Extended,1,Bachelor,2,2/15/2011,Employed,1,F,98092,Married,1,23,28,1,4,Personal Auto,0,Personal L3,2,1,Branch,1,Small,0,0
HZ64168,California,54595.03,No,Extended,1,Bachelor,2,2/15/2011,Unemployed,0,M,0,Single,0,31,80,0,2,Personal Auto,0,Personal L3,2,1,Call Center,3,Medsize,1,1
JH30819,California,34660.1,No,Basic,0,Bachelor,2,2/15/2011,Employed,1,F,89843,Married,1,7,0,1,2,Corporate Auto,1,Corporate L3,5,1,Agent,2,Medsize,1,0
QW44027,Oregon,30830.14,No,Premium,2,College,1,2/15/2011,Employed,1,M,120668,Married,1,36,95,0,4,Corporate Auto,1,Corporate L2,4,2,Web,0,Large,2,1
MP16820,Arizona,3808.49,No,Basic,0,College,1,2/15/2011,Employed,1,M,94563,Married,1,8,50,0,1,Personal Auto,0,Personal L1,0,2,Web,0,Medsize,1,0
OI92280,Oregon,11378.44,No,Basic,0,College,1,2/15/2011,Disabled,4,F,16443,Single,0,23,84,0,3,Corporate Auto,1,Corporate L3,5,1,Agent,2,Medsize,1,0
RE95629,California,3132.7,No,Basic,0,College,1,2/15/2011,Unemployed,0,F,0,Married,1,24,103,0,1,Personal Auto,0,Personal L3,2,2,Agent,2,Medsize,1,0
VV81837,Oregon,6653.68,No,Extended,1,High School or Below,0,2/15/2011,Employed,1,M,70884,Married,1,31,74,0,1,Personal Auto,0,Personal L3,2,1,Agent,2,Medsize,1,0
CT11176,California,3530.66,No,Basic,0,Bachelor,2,2/15/2011,Employed,1,F,33634,Married,1,8,122,0,1,Personal Auto,0,Personal L3,2,2,Web,0,Medsize,1,0
QV83172,Nevada,56504.48,No,Extended,1,High School or Below,0,2/15/2011,Employed,1,M,38220,Married,1,9,95,0,2,Personal Auto,0,Personal L3,2,4,Branch,1,Medsize,1,0
LO14518,California,8608.62,No,Extended,1,Bachelor,2,2/15/2011,Employed,1,M,37577,Divorced,2,24,62,0,3,Personal Auto,0,Personal L1,0,1,Branch,1,Medsize,1,0
TE35954,Arizona,3610.89,Yes,Basic,0,College,1,2/15/2011,Employed,1,M,76062,Single,0,16,120,0,1,Personal Auto,0,Personal L2,1,2,Call Center,3,Small,0,0
OJ77448,Arizona,11758.29,No,Basic,0,Bachelor,2,2/15/2011,Employed,1,F,115000,Married,1,35,123,0,5,Corporate Auto,1,Corporate L3,5,1,Agent,2,Small,0,0
PK24825,Oregon,4445.88,No,Extended,1,College,1,2/15/2011,Unemployed,0,F,0,Single,0,4,54,0,1,Corporate Auto,1,Corporate L1,3,3,Call Center,3,Large,2,0
HI16472,Arizona,11280.54,No,Basic,0,College,1,2/15/2011,Employed,1,F,31949,Married,1,9,103,0,9,Personal Auto,0,Personal L3,2,1,Agent,2,Medsize,1,0
YD45660,Arizona,12718.3,No,Basic,0,Bachelor,2,2/15/2011,Employed,1,F,63515,Married,1,0,50,0,3,Personal Auto,0,Personal L3,2,4,Call Center,3,Medsize,1,0
UR36951,Oregon,7005.54,No,Extended,1,Bachelor,2,2/15/2011,Employed,1,M,110924,Single,0,12,58,3,1,Personal Auto,0,Personal L2,1,4,Agent,2,Medsize,1,0
JU87932,Oregon,3905.97,No,Basic,0,Bachelor,2,2/15/2011,Employed,1,F,41048,Married,1,39,126,0,1,Personal Auto,0,Personal L3,2,1,Web,0,Medsize,1,0
UQ63751,Arizona,9028.25,No,Extended,1,Bachelor,2,2/15/2011,Employed,1,F,32092,Married,1,26,34,0,4,Personal Auto,0,Personal L3,2,2,Agent,2,Medsize,1,0
MC73302,Oregon,7439.89,No,Basic,0,Bachelor,2,2/15/2011,Employed,1,F,48960,Married,1,28,1,0,8,Personal Auto,0,Personal L1,0,1,Agent,2,Medsize,1,0
VK44934,California,11978.82,No,Basic,0,College,1,2/15/2011,Employed,1,M,38553,Married,1,19,50,4,3,Personal Auto,0,Personal L2,1,3,Agent,2,Large,2,1
BS90503,Washington,7283.37,No,Basic,0,Bachelor,2,2/15/2011,Employed,1,F,116964,Married,1,3,34,0,5,Personal Auto,0,Personal L1,0,2,Web,0,Medsize,1,0
ZO20633,Oregon,3492.6,No,Basic,0,High School or Below,0,2/15/2011,Employed,1,F,37612,Married,1,30,90,0,1,Corporate Auto,1,Corporate L2,4,3,Branch,1,Medsize,1,0
VH62312,Nevada,3610.89,Yes,Basic,0,College,1,2/15/2011,Employed,1,M,76062,Single,0,16,120,0,1,Corporate Auto,1,Corporate L2,4,2,Call Center,3,Small,0,0
OI74902,California,10773.41,No,Basic,0,College,1,2/15/2011,Retired,3,F,21101,Divorced,2,11,81,1,3,Personal Auto,0,Personal L1,0,1,Web,0,Medsize,1,0
MF87270,California,3985.98,No,Basic,0,High School or Below,0,2/15/2011,Employed,1,F,77285,Married,1,42,23,0,1,Personal Auto,0,Personal L3,2,2,Call Center,3,Small,0,0
GH98275,California,6305.79,No,Basic,0,College,1,2/15/2011,Unemployed,0,F,0,Divorced,2,34,120,0,4,Corporate Auto,1,Corporate L2,4,2,Call Center,3,Medsize,1,0
ZC97171,Arizona,10297.03,No,Extended,1,High School or Below,0,2/15/2011,Employed,1,F,81647,Single,0,1,59,0,3,Personal Auto,0,Personal L3,2,3,Call Center,3,Medsize,1,0
PE59735,Oregon,30985.29,No,Extended,1,High School or Below,0,2/15/2011,Disabled,4,F,27042,Married,1,5,112,0,2,Personal Auto,0,Personal L3,2,1,Branch,1,Medsize,1,0
CL38926,Oregon,9717.86,No,Basic,0,Bachelor,2,2/15/2011,Medical Leave,2,M,14118,Single,0,15,39,0,4,Corporate Auto,1,Corporate L3,5,2,Call Center,3,Medsize,1,0
JW33458,California,7735.3,No,Basic,0,Master,3,2/15/2011,Employed,1,F,124543,Married,1,9,127,0,7,Corporate Auto,1,Corporate L3,5,3,Call Center,3,Medsize,1,0
OH23893,California,12306.02,No,Basic,0,Bachelor,2,2/15/2011,Employed,1,F,93944,Married,1,26,61,0,6,Personal Auto,0,Personal L1,0,1,Branch,1,Medsize,1,0
TI48450,California,10730.54,No,Basic,0,College,1,2/15/2011,Employed,1,M,32287,Married,1,45,116,0,2,Corporate Auto,1,Corporate L3,5,4,Call Center,3,Medsize,1,0
XS56253,California,8910.65,No,Basic,0,Bachelor,2,2/15/2011,Unemployed,0,M,0,Single,0,24,128,3,7,Personal Auto,0,Personal L3,2,1,Agent,2,Medsize,1,1
MF59279,California,5701.02,No,Basic,0,Bachelor,2,2/15/2011,Unemployed,0,M,0,Single,0,35,105,0,7,Personal Auto,0,Personal L1,0,1,Agent,2,Small,0,0
PF78020,California,7525.74,No,Basic,0,College,1,2/15/2011,Employed,1,M,27101,Married,1,0,38,0,3,Personal Auto,0,Personal L2,1,1,Agent,2,Small,0,0
CP93345,California,3858.29,No,Basic,0,Bachelor,2,2/15/2011,Employed,1,F,115155,Divorced,2,11,53,2,1,Corporate Auto,1,Corporate L3,5,2,Call Center,3,Large,2,0
NZ30757,California,6482.24,No,Basic,0,Bachelor,2,2/16/2011,Medical Leave,2,M,24444,Married,1,39,15,0,8,Personal Auto,0,Personal L2,1,1,Agent,2,Medsize,1,0
EV68375,California,5846.02,Yes,Premium,2,College,1,2/16/2011,Employed,1,M,81641,Married,1,12,24,0,1,Personal Auto,0,Personal L3,2,2,Branch,1,Medsize,1,0
YV64727,Washington,9034.39,No,Premium,2,High School or Below,0,2/16/2011,Employed,1,M,85348,Married,1,38,66,0,1,Corporate Auto,1,Corporate L3,5,3,Agent,2,Medsize,1,1
ZW25874,Oregon,3404.1,No,Basic,0,Bachelor,2,2/16/2011,Employed,1,M,72499,Single,0,4,61,2,1,Special Auto,2,Special L3,8,1,Branch,1,Medsize,1,0
AO87348,Washington,2768.34,No,Basic,0,College,1,2/16/2011,Unemployed,0,M,0,Single,0,24,35,0,1,Personal Auto,0,Personal L3,2,2,Agent,2,Small,0,0
OA57352,Arizona,8469.78,Yes,Extended,1,College,1,2/16/2011,Retired,3,F,25079,Divorced,2,28,103,0,6,Personal Auto,0,Personal L2,1,1,Branch,1,Medsize,1,0
SK97780,California,13649.55,No,Extended,1,Bachelor,2,2/16/2011,Medical Leave,2,F,21265,Married,1,36,50,0,2,Corporate Auto,1,Corporate L3,5,1,Branch,1,Large,2,0
ZN47335,California,13982.64,No,Extended,1,College,1,2/16/2011,Employed,1,M,92217,Divorced,2,5,90,0,9,Corporate Auto,1,Corporate L3,5,1,Web,0,Small,0,0
XP64922,Oregon,4015.33,No,Basic,0,College,1,2/16/2011,Employed,1,F,31500,Married,1,11,58,0,1,Corporate Auto,1,Corporate L3,5,4,Agent,2,Medsize,1,0
GI68556,California,20449.71,No,Basic,0,Bachelor,2,2/16/2011,Employed,1,F,55461,Married,1,31,127,0,2,Personal Auto,0,Personal L2,1,3,Web,0,Medsize,1,0
BZ12077,Oregon,5835.02,No,Basic,0,High School or Below,0,2/16/2011,Unemployed,0,F,0,Divorced,2,0,50,0,1,Personal Auto,0,Personal L3,2,2,Agent,2,Medsize,1,0
WR45726,Arizona,15275.53,Yes,Premium,2,Bachelor,2,2/16/2011,Disabled,4,F,16045,Divorced,2,24,53,0,2,Special Auto,2,Special L1,6,1,Agent,2,Medsize,1,0
JP94676,Oregon,12721.02,No,Basic,0,Bachelor,2,2/16/2011,Employed,1,F,46055,Married,1,8,99,0,6,Personal Auto,0,Personal L2,1,1,Agent,2,Medsize,1,0
IW54795,California,14785.38,No,Extended,1,College,1,2/16/2011,Medical Leave,2,M,32060,Married,1,0,32,0,2,Personal Auto,0,Personal L2,1,2,Agent,2,Large,2,0
PS30217,California,13346.99,No,Extended,1,Bachelor,2,2/16/2011,Employed,1,F,60503,Married,1,31,120,0,2,Personal Auto,0,Personal L2,1,1,Agent,2,Small,0,0
GC17585,Arizona,18188.8,No,Basic,0,Bachelor,2,2/16/2011,Employed,1,M,34158,Married,1,18,22,1,2,Personal Auto,0,Personal L1,0,2,Branch,1,Medsize,1,0
LP82042,Oregon,7216.67,No,Basic,0,Bachelor,2,2/16/2011,Employed,1,M,73802,Married,1,4,55,1,6,Personal Auto,0,Personal L3,2,1,Call Center,3,Medsize,1,0
DT35588,Oregon,5846.02,Yes,Premium,2,College,1,2/16/2011,Employed,1,M,81641,Married,1,12,24,0,1,Personal Auto,0,Personal L1,0,2,Branch,1,Medsize,1,0
OY94707,California,4873.23,No,Extended,1,College,1,2/16/2011,Employed,1,M,78701,Married,1,26,127,5,1,Special Auto,2,Special L3,8,1,Agent,2,Small,0,0
CA56041,Nevada,12312.09,No,Basic,0,College,1,2/16/2011,Employed,1,F,86235,Married,1,43,63,0,9,Personal Auto,0,Personal L3,2,3,Call Center,3,Small,0,0
UV80201,Oregon,11320.09,No,Basic,0,Bachelor,2,2/16/2011,Unemployed,0,F,0,Single,0,0,47,0,7,Personal Auto,0,Personal L3,2,1,Call Center,3,Medsize,1,0
ES16126,California,5846.02,Yes,Premium,2,College,1,2/16/2011,Employed,1,M,81641,Married,1,12,24,0,1,Personal Auto,0,Personal L1,0,2,Branch,1,Medsize,1,0
No36572,Oregon,6187.19,No,Premium,2,High School or Below,0,2/16/2011,Employed,1,M,30683,Married,1,38,109,0,1,Personal Auto,0,Personal L2,1,2,Call Center,3,Large,2,0
HJ19927,Nevada,7151.8,No,Basic,0,Master,3,2/16/2011,Medical Leave,2,M,19946,Married,1,15,59,0,5,Personal Auto,0,Personal L3,2,3,Agent,2,Medsize,1,0
GL69461,Oregon,3548.43,No,Basic,0,College,1,2/16/2011,Employed,1,F,134947,Married,1,8,73,2,1,Personal Auto,0,Personal L1,0,3,Agent,2,Medsize,1,0
No50634,Oregon,5846.02,Yes,Premium,2,College,1,2/16/2011,Employed,1,M,81641,Married,1,12,24,0,1,Personal Auto,0,Personal L3,2,2,Branch,1,Medsize,1,0
RC72799,Oregon,3833.74,No,Basic,0,College,1,2/16/2011,Employed,1,F,44890,Married,1,27,5,0,1,Personal Auto,0,Personal L2,1,2,Agent,2,Medsize,1,0
SH75038,California,8074.87,No,Basic,0,Bachelor,2,2/16/2011,Employed,1,F,119776,Divorced,2,16,127,0,8,Personal Auto,0,Personal L2,1,1,Agent,2,Medsize,1,0
ZC69696,Arizona,47844.19,No,Basic,0,College,1,2/16/2011,Employed,1,F,100656,Divorced,2,42,27,0,2,Personal Auto,0,Personal L3,2,1,Branch,1,Medsize,1,0
KS12294,California,21591.91,No,Premium,2,Bachelor,2,2/16/2011,Unemployed,0,M,0,Single,0,26,101,0,2,Personal Auto,0,Personal L3,2,1,Web,0,Medsize,1,1
EM85557,Washington,10828.44,No,Basic,0,College,1,2/16/2011,Employed,1,F,73294,Married,1,5,35,0,2,Personal Auto,0,Personal L1,0,1,Agent,2,Small,0,0
RS92763,Oregon,10108.46,No,Basic,0,College,1,2/16/2011,Unemployed,0,F,0,Single,0,20,95,0,2,Personal Auto,0,Personal L2,1,2,Branch,1,Medsize,1,0
EC18611,Nevada,4593.23,No,Extended,1,High School or Below,0,2/16/2011,Unemployed,0,M,0,Single,0,22,27,0,1,Personal Auto,0,Personal L2,1,1,Agent,2,Medsize,1,0
QN30162,Oregon,15275.53,Yes,Premium,2,Bachelor,2,2/16/2011,Disabled,4,F,16045,Divorced,2,24,53,0,2,Special Auto,2,Special L2,7,1,Agent,2,Medsize,1,0
IO63361,Arizona,6588.96,No,Extended,1,College,1,2/16/2011,Employed,1,M,71306,Divorced,2,22,120,0,1,Personal Auto,0,Personal L1,0,1,Branch,1,Medsize,1,0
HN60464,California,8242.83,No,Extended,1,Bachelor,2,2/16/2011,Unemployed,0,M,0,Married,1,0,77,0,5,Personal Auto,0,Personal L2,1,3,Branch,1,Medsize,1,0
MM62953,Arizona,7586.8,No,Basic,0,High School or Below,0,2/16/2011,Employed,1,M,89937,Married,1,18,101,0,7,Personal Auto,0,Personal L3,2,3,Agent,2,Medsize,1,0
NY93341,Arizona,12310.55,No,Basic,0,High School or Below,0,2/16/2011,Employed,1,F,45741,Married,1,30,53,0,6,Personal Auto,0,Personal L2,1,3,Branch,1,Medsize,1,0
NU25698,Oregon,18894.18,No,Extended,1,High School or Below,0,2/16/2011,Employed,1,F,65131,Married,1,22,28,3,2,Personal Auto,0,Personal L3,2,1,Agent,2,Medsize,1,0
SE86346,Nevada,10490.87,No,Basic,0,College,1,2/16/2011,Employed,1,F,78930,Married,1,41,122,0,2,Corporate Auto,1,Corporate L3,5,2,Web,0,Small,0,0
KP26590,Nevada,5131.73,No,Extended,1,Bachelor,2,2/16/2011,Employed,1,F,54693,Married,1,28,50,1,1,Personal Auto,0,Personal L2,1,1,Branch,1,Large,2,0
JS12902,Oregon,5566,No,Basic,0,High School or Below,0,2/16/2011,Medical Leave,2,F,33388,Married,1,24,59,0,1,Corporate Auto,1,Corporate L3,5,3,Branch,1,Medsize,1,0
LW91009,Washington,6740.44,No,Basic,0,College,1,2/16/2011,Disabled,4,M,32897,Divorced,2,46,73,1,3,Personal Auto,0,Personal L3,2,1,Agent,2,Medsize,1,0
LO98108,Oregon,3005.9,No,Basic,0,Bachelor,2,2/16/2011,Unemployed,0,M,0,Married,1,26,35,0,1,Personal Auto,0,Personal L3,2,2,Branch,1,Large,2,0
MR77933,Arizona,15275.53,Yes,Premium,2,Bachelor,2,2/16/2011,Disabled,4,F,16045,Divorced,2,24,53,0,2,Personal Auto,0,Personal L2,1,1,Agent,2,Medsize,1,0
KP10993,California,8469.78,Yes,Extended,1,College,1,2/16/2011,Retired,3,F,25079,Divorced,2,28,103,0,6,Personal Auto,0,Personal L3,2,1,Branch,1,Medsize,1,0
WE52840,Arizona,9521.96,No,Extended,1,College,1,2/16/2011,Employed,1,F,71526,Divorced,2,11,73,0,3,Corporate Auto,1,Corporate L3,5,1,Call Center,3,Medsize,1,0
TK22471,Oregon,9822.49,No,Basic,0,College,1,2/16/2011,Employed,1,M,37778,Married,1,9,69,1,2,Personal Auto,0,Personal L3,2,3,Call Center,3,Medsize,1,0
LO17461,Arizona,3895.75,No,Basic,0,High School or Below,0,2/16/2011,Employed,1,F,48133,Married,1,23,26,0,1,Personal Auto,0,Personal L1,0,2,Branch,1,Small,0,0
SN49269,Oregon,10547.4,No,Basic,0,High School or Below,0,2/16/2011,Employed,1,M,97677,Divorced,2,36,20,0,2,Personal Auto,0,Personal L2,1,2,Web,0,Small,0,0
FD20455,California,8825.02,No,Basic,0,Bachelor,2,2/16/2011,Unemployed,0,M,0,Single,0,30,32,0,3,Personal Auto,0,Personal L3,2,2,Web,0,Medsize,1,0
IX67925,California,3164.71,No,Basic,0,Bachelor,2,2/16/2011,Unemployed,0,M,0,Single,0,18,57,1,1,Personal Auto,0,Personal L2,1,4,Branch,1,Medsize,1,0
YK88644,Nevada,4549.6,No,Extended,1,Master,3,2/16/2011,Unemployed,0,M,0,Divorced,2,19,20,1,1,Personal Auto,0,Personal L3,2,1,Branch,1,Medsize,1,0
WW67905,Oregon,5537.97,No,Basic,0,High School or Below,0,2/16/2011,Unemployed,0,M,0,Married,1,42,28,0,1,Corporate Auto,1,Corporate L2,4,3,Agent,2,Small,0,0
OB69329,California,8469.78,Yes,Extended,1,College,1,2/16/2011,Retired,3,F,25079,Divorced,2,28,103,0,6,Personal Auto,0,Personal L2,1,1,Branch,1,Medsize,1,0
LW57693,Oregon,7562.27,No,Basic,0,College,1,2/16/2011,Disabled,4,F,16092,Married,1,27,36,0,7,Personal Auto,0,Personal L3,2,1,Call Center,3,Medsize,1,0
OE88763,California,15275.53,Yes,Premium,2,Bachelor,2,2/16/2011,Disabled,4,F,16045,Divorced,2,24,53,0,2,Corporate Auto,1,Corporate L2,4,1,Agent,2,Medsize,1,0
XI79589,California,6039.74,No,Extended,1,High School or Below,0,2/16/2011,Unemployed,0,F,0,Divorced,2,3,113,0,1,Personal Auto,0,Personal L1,0,1,Branch,1,Medsize,1,0
JF16295,Oregon,10189.48,No,Premium,2,High School or Below,0,2/16/2011,Unemployed,0,F,0,Married,1,46,50,0,3,Personal Auto,0,Personal L2,1,3,Agent,2,Medsize,1,0
VP91482,Oregon,4879.01,No,Basic,0,Bachelor,2,2/16/2011,Unemployed,0,M,0,Single,0,47,103,0,1,Personal Auto,0,Personal L2,1,1,Agent,2,Medsize,1,1
RQ16234,Arizona,13280.64,No,Extended,1,High School or Below,0,2/16/2011,Employed,1,F,74384,Divorced,2,45,116,0,3,Corporate Auto,1,Corporate L3,5,2,Branch,1,Medsize,1,0
VT87641,Washington,8973.11,No,Extended,1,Bachelor,2,2/16/2011,Employed,1,F,129350,Married,1,8,128,0,3,Personal Auto,0,Personal L2,1,3,Call Center,3,Small,0,0
AM36670,California,6747,No,Basic,0,College,1,2/16/2011,Employed,1,F,74016,Single,0,23,119,0,3,Personal Auto,0,Personal L3,2,1,Branch,1,Large,2,0
AM94127,Oregon,6962.82,No,Basic,0,College,1,2/16/2011,Employed,1,M,125959,Single,0,15,130,0,5,Corporate Auto,1,Corporate L3,5,1,Branch,1,Medsize,1,0
KE61355,Oregon,7118.15,No,Basic,0,High School or Below,0,2/16/2011,Employed,1,F,81351,Married,1,19,113,0,3,Corporate Auto,1,Corporate L1,3,2,Web,0,Medsize,1,0
EV46476,California,10913.84,No,Basic,0,Bachelor,2,2/16/2011,Disabled,4,M,27228,Married,1,47,109,1,3,Personal Auto,0,Personal L3,2,1,Web,0,Small,0,0
EB30823,California,26552.97,No,Basic,0,College,1,2/16/2011,Unemployed,0,M,0,Single,0,27,74,1,2,Personal Auto,0,Personal L2,1,1,Call Center,3,Medsize,1,0
LA16827,Arizona,7334.36,No,Extended,1,Master,3,2/16/2011,Employed,1,M,67391,Married,1,36,7,0,1,Personal Auto,0,Personal L2,1,3,Branch,1,Medsize,1,0
TB46243,Arizona,11736.43,No,Basic,0,High School or Below,0,2/16/2011,Employed,1,M,119197,Married,1,0,68,0,6,Personal Auto,0,Personal L2,1,1,Call Center,3,Small,0,0
ZF64287,California,17659.77,No,Basic,0,High School or Below,0,2/16/2011,Employed,1,M,121430,Divorced,2,23,72,1,2,Special Auto,2,Special L2,7,2,Agent,2,Medsize,1,0
TY86306,California,3153.99,No,Basic,0,College,1,2/16/2011,Disabled,4,F,29111,Married,1,15,82,0,1,Corporate Auto,1,Corporate L3,5,2,Call Center,3,Large,2,0
IN10489,Nevada,6783.45,No,Basic,0,Master,3,2/16/2011,Employed,1,F,106342,Married,1,12,63,0,8,Personal Auto,0,Personal L3,2,2,Branch,1,Small,0,0
UC69263,California,11253.71,No,Basic,0,Bachelor,2,2/16/2011,Unemployed,0,M,0,Single,0,14,68,2,2,Personal Auto,0,Personal L3,2,3,Agent,2,Medsize,1,0
OW84481,Nevada,3612.02,No,Basic,0,High School or Below,0,2/16/2011,Employed,1,M,91580,Married,1,26,23,4,1,Personal Auto,0,Personal L3,2,2,Agent,2,Medsize,1,0
YN61339,Oregon,5846.02,Yes,Premium,2,College,1,2/16/2011,Employed,1,M,81641,Married,1,12,24,0,1,Personal Auto,0,Personal L1,0,2,Branch,1,Medsize,1,0
FE82005,Oregon,3165.93,No,Basic,0,Bachelor,2,2/16/2011,Medical Leave,2,F,35510,Single,0,30,126,0,1,Personal Auto,0,Personal L3,2,1,Call Center,3,Medsize,1,0
EU78163,California,6469.89,No,Basic,0,College,1,2/16/2011,Disabled,4,F,27244,Married,1,11,89,2,3,Personal Auto,0,Personal L2,1,1,Agent,2,Medsize,1,0
BM55732,Nevada,11255.21,No,Basic,0,High School or Below,0,2/16/2011,Employed,1,F,100521,Married,1,4,34,0,2,Corporate Auto,1,Corporate L2,4,4,Web,0,Medsize,1,0
QA69109,Arizona,7362.51,No,Basic,0,Master,3,2/16/2011,Employed,1,F,93782,Married,1,3,4,0,3,Personal Auto,0,Personal L3,2,2,Call Center,3,Medsize,1,0
WE97690,Oregon,3784.85,No,Basic,0,Bachelor,2,2/16/2011,Employed,1,F,81954,Married,1,3,32,0,1,Corporate Auto,1,Corporate L2,4,2,Web,0,Medsize,1,0
IC77855,California,20618.28,No,Basic,0,College,1,2/16/2011,Employed,1,M,54771,Married,1,26,76,2,2,Personal Auto,0,Personal L1,0,4,Branch,1,Medsize,1,0
BO15959,Washington,37705.45,No,Extended,1,College,1,2/16/2011,Employed,1,F,118942,Married,1,7,35,0,2,Personal Auto,0,Personal L3,2,1,Agent,2,Medsize,1,0
WN45973,Washington,16988.41,No,Basic,0,Master,3,2/16/2011,Employed,1,M,112068,Married,1,3,101,0,2,Corporate Auto,1,Corporate L3,5,1,Agent,2,Medsize,1,0
AT72574,Arizona,3355.95,No,Basic,0,High School or Below,0,2/16/2011,Unemployed,0,M,0,Single,0,32,78,0,1,Personal Auto,0,Personal L2,1,2,Call Center,3,Medsize,1,0
SY81273,Oregon,22678.46,No,Basic,0,High School or Below,0,2/16/2011,Employed,1,M,74613,Divorced,2,43,20,0,2,Personal Auto,0,Personal L3,2,1,Agent,2,Medsize,1,0
CN91738,Oregon,3402.41,No,Basic,0,Bachelor,2,2/16/2011,Employed,1,M,75908,Single,0,5,107,0,1,Personal Auto,0,Personal L3,2,2,Call Center,3,Medsize,1,0
NT36519,California,11018.63,No,Basic,0,College,1,2/16/2011,Employed,1,M,44505,Married,1,22,95,1,4,Personal Auto,0,Personal L2,1,1,Branch,1,Small,0,0
ED87136,Arizona,5727.64,No,Basic,0,High School or Below,0,2/16/2011,Unemployed,0,M,0,Single,0,7,69,0,7,Personal Auto,0,Personal L2,1,3,Call Center,3,Medsize,1,0
EK56325,Arizona,8960.26,No,Extended,1,High School or Below,0,2/16/2011,Unemployed,0,M,0,Married,1,5,112,2,3,Personal Auto,0,Personal L1,0,3,Call Center,3,Medsize,1,0
RO87000,California,3629.99,No,Basic,0,High School or Below,0,2/16/2011,Employed,1,M,68471,Single,0,14,38,0,1,Personal Auto,0,Personal L3,2,2,Call Center,3,Medsize,1,0
DD94148,California,7819.79,No,Basic,0,College,1,2/16/2011,Employed,1,M,39866,Married,1,42,107,0,4,Personal Auto,0,Personal L2,1,2,Web,0,Medsize,1,0
KX99703,Oregon,8469.78,Yes,Extended,1,College,1,2/16/2011,Retired,3,F,25079,Divorced,2,28,103,0,6,Personal Auto,0,Personal L3,2,1,Branch,1,Medsize,1,0
BX88206,Nevada,25072.21,No,Basic,0,High School or Below,0,2/16/2011,Employed,1,F,69247,Married,1,26,61,0,2,Corporate Auto,1,Corporate L3,5,2,Web,0,Medsize,1,0
WW22291,California,3846.49,No,Basic,0,Master,3,2/16/2011,Employed,1,M,85490,Divorced,2,3,46,0,1,Personal Auto,0,Personal L2,1,2,Call Center,3,Medsize,1,0
KU13616,California,15275.53,Yes,Premium,2,Bachelor,2,2/16/2011,Disabled,4,F,16045,Divorced,2,24,53,0,2,Personal Auto,0,Personal L2,1,1,Agent,2,Medsize,1,0
CB15842,California,11080.4,No,Basic,0,High School or Below,0,2/16/2011,Employed,1,M,54567,Married,1,3,14,0,7,Special Auto,2,Special L3,8,1,Agent,2,Medsize,1,0
EG10175,California,10505.56,No,Extended,1,Master,3,2/16/2011,Employed,1,F,77590,Divorced,2,28,59,0,3,Personal Auto,0,Personal L3,2,1,Agent,2,Large,2,0
CR99369,Arizona,7260.18,No,Basic,0,High School or Below,0,2/16/2011,Employed,1,M,46613,Married,1,30,0,2,7,Corporate Auto,1,Corporate L3,5,1,Agent,2,Large,2,0
VK93542,California,10079.07,No,Basic,0,High School or Below,0,2/16/2011,Unemployed,0,M,0,Single,0,5,45,0,8,Personal Auto,0,Personal L3,2,3,Branch,1,Medsize,1,1
ZO16199,California,7228.39,No,Basic,0,High School or Below,0,2/16/2011,Disabled,4,F,23084,Married,1,18,38,0,9,Personal Auto,0,Personal L2,1,1,Web,0,Small,0,0
CO16841,California,4900.86,No,Basic,0,Bachelor,2,2/16/2011,Unemployed,0,F,0,Single,0,46,72,0,1,Corporate Auto,1,Corporate L2,4,2,Web,0,Small,0,0
IU25994,California,42547.29,No,Extended,1,College,1,2/16/2011,Unemployed,0,M,0,Married,1,31,5,0,2,Corporate Auto,1,Corporate L3,5,3,Branch,1,Medsize,1,0
BO92934,California,14022.78,No,Extended,1,High School or Below,0,2/16/2011,Disabled,4,M,32929,Married,1,3,85,0,2,Personal Auto,0,Personal L1,0,2,Agent,2,Small,0,0
FI25204,California,4713.2,No,Extended,1,Master,3,2/16/2011,Employed,1,F,40059,Single,0,28,66,2,1,Corporate Auto,1,Corporate L3,5,2,Branch,1,Medsize,1,0
WZ23060,California,9518.81,No,Premium,2,Bachelor,2,2/16/2011,Employed,1,F,52704,Married,1,5,46,0,1,Personal Auto,0,Personal L2,1,2,Web,0,Medsize,1,1
YP72749,California,3307.22,No,Basic,0,Bachelor,2,2/16/2011,Employed,1,F,60294,Single,0,4,69,1,1,Corporate Auto,1,Corporate L1,3,1,Agent,2,Medsize,1,0
JS10224,California,24733.68,No,Basic,0,College,1,2/16/2011,Employed,1,F,103580,Married,1,36,35,0,2,Personal Auto,0,Personal L2,1,2,Branch,1,Medsize,1,0
IW31117,California,7587.79,No,Basic,0,Doctor,4,2/16/2011,Employed,1,M,28542,Single,0,22,107,0,4,Personal Auto,0,Personal L2,1,1,Agent,2,Large,2,0
JA12512,California,7500.98,No,Basic,0,Bachelor,2,2/16/2011,Employed,1,F,131522,Married,1,34,18,0,5,Personal Auto,0,Personal L3,2,1,Agent,2,Medsize,1,0
UZ14076,California,43341.34,No,Premium,2,High School or Below,0,2/16/2011,Employed,1,F,120887,Married,1,5,24,1,2,Corporate Auto,1,Corporate L3,5,3,Agent,2,Large,2,1
BQ94931,Oregon,9974.04,No,Extended,1,College,1,2/17/2011,Employed,1,F,38896,Married,1,23,9,0,8,Special Auto,2,Special L2,7,2,Branch,1,Medsize,1,0
RB50392,Washington,10581.39,No,Basic,0,Master,3,2/17/2011,Unemployed,0,F,0,Married,1,12,16,0,2,Personal Auto,0,Personal L1,0,2,Agent,2,Medsize,1,0
WA25797,Washington,11562.44,Yes,Basic,0,High School or Below,0,2/17/2011,Employed,1,M,129191,Married,1,39,39,0,9,Personal Auto,0,Personal L3,2,2,Agent,2,Medsize,1,0
XP47431,Arizona,7384.58,Yes,Extended,1,Bachelor,2,2/17/2011,Employed,1,F,73584,Married,1,27,15,0,1,Personal Auto,0,Personal L1,0,2,Agent,2,Medsize,1,0
AZ62651,Oregon,13434.81,No,Premium,2,High School or Below,0,2/17/2011,Employed,1,M,76754,Single,0,16,1,0,1,Corporate Auto,1,Corporate L3,5,4,Web,0,Medsize,1,1
XN11823,Nevada,5082.03,No,Extended,1,Bachelor,2,2/17/2011,Employed,1,F,125010,Single,0,12,65,0,1,Corporate Auto,1,Corporate L2,4,3,Web,0,Small,0,1
UA51318,Arizona,6907.44,No,Basic,0,High School or Below,0,2/17/2011,Employed,1,F,35334,Single,0,3,14,1,9,Corporate Auto,1,Corporate L1,3,2,Web,0,Medsize,1,0
FS55302,California,3226.47,No,Basic,0,Bachelor,2,2/17/2011,Employed,1,M,37280,Married,1,26,24,1,1,Personal Auto,0,Personal L3,2,3,Call Center,3,Medsize,1,0
EV19512,Nevada,22007.66,Yes,Extended,1,Master,3,2/17/2011,Retired,3,F,26479,Married,1,28,43,0,2,Personal Auto,0,Personal L2,1,2,Agent,2,Medsize,1,0
HN57556,California,9845.48,No,Basic,0,High School or Below,0,2/17/2011,Unemployed,0,F,0,Single,0,8,61,0,2,Personal Auto,0,Personal L3,2,2,Branch,1,Medsize,1,0
YX89016,Oregon,47156.85,No,Premium,2,College,1,2/17/2011,Employed,1,M,47257,Married,1,19,62,0,2,Personal Auto,0,Personal L3,2,2,Web,0,Small,0,1
UJ79253,Oregon,29498.63,No,Extended,1,College,1,2/17/2011,Employed,1,F,68926,Married,1,36,116,0,2,Personal Auto,0,Personal L1,0,3,Branch,1,Large,2,0
PN21042,Arizona,6127.44,No,Basic,0,Bachelor,2,2/17/2011,Employed,1,M,111101,Single,0,7,84,0,1,Personal Auto,0,Personal L3,2,1,Call Center,3,Medsize,1,0
UN97379,Oregon,3427.15,Yes,Basic,0,Bachelor,2,2/17/2011,Retired,3,M,25121,Divorced,2,18,32,0,1,Corporate Auto,1,Corporate L3,5,2,Web,0,Medsize,1,0
LY97989,Oregon,3907.23,No,Extended,1,Bachelor,2,2/17/2011,Unemployed,0,F,0,Single,0,4,72,0,1,Personal Auto,0,Personal L3,2,3,Agent,2,Medsize,1,0
ZM86949,Oregon,27857.36,No,Basic,0,High School or Below,0,2/17/2011,Employed,1,F,113543,Single,0,0,116,0,2,Personal Auto,0,Personal L3,2,1,Branch,1,Medsize,1,0
BH11344,Oregon,3789.04,No,Basic,0,Doctor,4,2/17/2011,Employed,1,F,49962,Single,0,1,61,0,1,Corporate Auto,1,Corporate L2,4,1,Branch,1,Medsize,1,0
YO15246,Nevada,4717.1,No,Extended,1,High School or Below,0,2/17/2011,Employed,1,M,47251,Single,0,24,117,3,1,Personal Auto,0,Personal L2,1,1,Web,0,Small,0,0
UQ63396,California,10623.73,No,Basic,0,Bachelor,2,2/17/2011,Employed,1,F,54049,Married,1,3,115,0,2,Personal Auto,0,Personal L3,2,1,Agent,2,Medsize,1,0
XO22038,California,7043.64,Yes,Basic,0,Bachelor,2,2/17/2011,Employed,1,F,53803,Divorced,2,8,5,0,7,Corporate Auto,1,Corporate L2,4,2,Web,0,Medsize,1,0
SD62061,Oregon,7844.35,No,Basic,0,High School or Below,0,2/17/2011,Employed,1,F,33561,Married,1,3,47,0,8,Personal Auto,0,Personal L2,1,4,Web,0,Large,2,0
QB47024,Washington,7963.29,No,Extended,1,Bachelor,2,2/17/2011,Employed,1,F,72897,Divorced,2,7,51,5,8,Personal Auto,0,Personal L3,2,1,Call Center,3,Medsize,1,0
OP26403,California,6526.98,No,Basic,0,College,1,2/17/2011,Employed,1,F,43223,Married,1,12,14,2,7,Personal Auto,0,Personal L1,0,1,Branch,1,Small,0,0
ZF28570,Nevada,5258.3,No,Premium,2,Bachelor,2,2/17/2011,Employed,1,M,70687,Single,0,18,105,0,1,Personal Auto,0,Personal L3,2,3,Agent,2,Medsize,1,0
FX57380,California,7043.64,Yes,Basic,0,Bachelor,2,2/17/2011,Employed,1,F,53803,Divorced,2,8,5,0,7,Personal Auto,0,Personal L2,1,2,Web,0,Medsize,1,0
BC97773,Nevada,3867.13,No,Basic,0,Master,3,2/17/2011,Employed,1,F,123347,Divorced,2,18,128,0,1,Personal Auto,0,Personal L1,0,1,Agent,2,Large,2,0
WN14473,Arizona,3891.17,No,Basic,0,Master,3,2/17/2011,Employed,1,M,118527,Married,1,24,99,0,1,Personal Auto,0,Personal L3,2,2,Call Center,3,Medsize,1,0
RA65645,California,11562.44,Yes,Basic,0,High School or Below,0,2/17/2011,Employed,1,M,129191,Married,1,39,39,0,9,Personal Auto,0,Personal L2,1,2,Agent,2,Medsize,1,0
MH81246,Oregon,10277.81,No,Extended,1,High School or Below,0,2/17/2011,Employed,1,M,48933,Married,1,47,39,0,7,Corporate Auto,1,Corporate L2,4,1,Agent,2,Medsize,1,0
XN62489,Oregon,3427.15,Yes,Basic,0,Bachelor,2,2/17/2011,Retired,3,M,25121,Divorced,2,18,32,0,1,Corporate Auto,1,Corporate L3,5,2,Web,0,Medsize,1,0
UV88036,Nevada,8944.39,No,Extended,1,High School or Below,0,2/17/2011,Unemployed,0,F,0,Married,1,3,58,0,3,Personal Auto,0,Personal L3,2,2,Agent,2,Medsize,1,0
CA47176,Oregon,13057.18,No,Extended,1,Bachelor,2,2/17/2011,Disabled,4,M,23089,Married,1,32,39,0,2,Personal Auto,0,Personal L3,2,1,Branch,1,Small,0,0
KD52867,Oregon,4518.49,No,Extended,1,High School or Below,0,2/17/2011,Employed,1,F,50136,Single,0,5,18,0,1,Personal Auto,0,Personal L2,1,1,Branch,1,Medsize,1,0
HZ43637,Arizona,4138.24,No,Extended,1,College,1,2/17/2011,Employed,1,F,31030,Married,1,5,88,0,1,Special Auto,2,Special L1,6,2,Agent,2,Small,0,0
YI89801,California,3469.82,No,Basic,0,High School or Below,0,2/17/2011,Employed,1,F,66560,Single,0,38,65,0,1,Corporate Auto,1,Corporate L2,4,1,Agent,2,Medsize,1,0
XS94482,Arizona,5604.75,No,Basic,0,Master,3,2/17/2011,Unemployed,0,F,0,Single,0,9,96,3,9,Personal Auto,0,Personal L2,1,1,Web,0,Medsize,1,0
HO38996,Oregon,3281.58,No,Basic,0,High School or Below,0,2/17/2011,Unemployed,0,M,0,Married,1,1,26,0,1,Special Auto,2,Special L2,7,4,Call Center,3,Medsize,1,0
YT84266,Oregon,6640.54,No,Basic,0,College,1,2/17/2011,Employed,1,M,39496,Married,1,45,55,0,5,Personal Auto,0,Personal L1,0,4,Branch,1,Medsize,1,0
QH62059,California,6062.31,No,Basic,0,Bachelor,2,2/17/2011,Unemployed,0,M,0,Divorced,2,35,15,1,7,Personal Auto,0,Personal L3,2,1,Web,0,Medsize,1,0
YI95434,California,3925.66,No,Basic,0,College,1,2/17/2011,Employed,1,F,68877,Divorced,2,22,119,0,1,Personal Auto,0,Personal L3,2,2,Branch,1,Medsize,1,0
RR37715,Oregon,11387.49,No,Basic,0,Bachelor,2,2/17/2011,Employed,1,M,87334,Married,1,23,108,0,2,Corporate Auto,1,Corporate L3,5,1,Agent,2,Small,0,0
CT88432,Arizona,6593.14,No,Basic,0,Bachelor,2,2/17/2011,Employed,1,F,79221,Married,1,32,46,0,4,Corporate Auto,1,Corporate L3,5,1,Branch,1,Medsize,1,0
SZ61347,California,7537.83,No,Extended,1,College,1,2/17/2011,Employed,1,M,103851,Married,1,3,62,0,1,Personal Auto,0,Personal L3,2,4,Branch,1,Medsize,1,0
AZ64856,California,6814.87,No,Extended,1,High School or Below,0,2/17/2011,Employed,1,F,46510,Married,1,3,69,0,1,Personal Auto,0,Personal L1,0,4,Agent,2,Large,2,0
IU54219,Oregon,22007.66,Yes,Extended,1,Master,3,2/17/2011,Retired,3,F,26479,Married,1,28,43,0,2,Special Auto,2,Special L3,8,2,Agent,2,Medsize,1,0
CN22369,California,3427.15,Yes,Basic,0,Bachelor,2,2/17/2011,Retired,3,M,25121,Divorced,2,18,32,0,1,Special Auto,2,Special L3,8,2,Web,0,Medsize,1,0
WI65397,Oregon,10296.87,No,Extended,1,Bachelor,2,2/17/2011,Employed,1,F,48713,Divorced,2,4,12,1,7,Corporate Auto,1,Corporate L2,4,1,Agent,2,Medsize,1,0
MT53449,Arizona,22007.66,Yes,Extended,1,Master,3,2/17/2011,Retired,3,F,26479,Married,1,28,43,0,2,Personal Auto,0,Personal L3,2,2,Agent,2,Medsize,1,0
XH54129,California,6420.28,No,Premium,2,High School or Below,0,2/17/2011,Employed,1,F,97461,Married,1,1,62,0,1,Personal Auto,0,Personal L3,2,4,Branch,1,Medsize,1,0
YM53951,Oregon,8108.7,No,Extended,1,College,1,2/17/2011,Employed,1,M,53301,Divorced,2,39,65,0,5,Corporate Auto,1,Corporate L2,4,1,Agent,2,Medsize,1,0
GP39118,Washington,6745.35,No,Basic,0,High School or Below,0,2/17/2011,Employed,1,M,96660,Married,1,23,58,0,7,Personal Auto,0,Personal L2,1,2,Call Center,3,Medsize,1,0
HL84679,Oregon,4566,No,Extended,1,Bachelor,2,2/17/2011,Unemployed,0,F,0,Married,1,18,104,0,1,Personal Auto,0,Personal L3,2,3,Call Center,3,Medsize,1,0
DC46965,Nevada,7434.78,No,Basic,0,Master,3,2/17/2011,Medical Leave,2,M,15313,Married,1,19,105,0,8,Personal Auto,0,Personal L3,2,1,Agent,2,Medsize,1,0
FC52000,Oregon,5813.86,No,Basic,0,College,1,2/17/2011,Employed,1,F,35535,Married,1,11,127,2,1,Corporate Auto,1,Corporate L1,3,3,Branch,1,Medsize,1,0
RX50446,Arizona,11294.05,No,Premium,2,High School or Below,0,2/17/2011,Disabled,4,F,36507,Divorced,2,23,4,0,7,Personal Auto,0,Personal L1,0,2,Branch,1,Medsize,1,1
VT78222,Oregon,12511.69,No,Basic,0,Master,3,2/17/2011,Employed,1,M,75341,Married,1,42,5,0,7,Personal Auto,0,Personal L3,2,2,Call Center,3,Small,0,0
NN53003,California,17898.54,No,Basic,0,College,1,2/17/2011,Medical Leave,2,M,28018,Divorced,2,26,20,0,7,Personal Auto,0,Personal L3,2,1,Agent,2,Medsize,1,1
HG68775,Washington,6083.75,No,Premium,2,College,1,2/17/2011,Medical Leave,2,F,20874,Married,1,46,24,0,1,Corporate Auto,1,Corporate L2,4,1,Web,0,Medsize,1,0
SI32097,Oregon,9300.98,No,Extended,1,Bachelor,2,2/17/2011,Employed,1,F,41599,Married,1,11,130,0,3,Personal Auto,0,Personal L1,0,2,Branch,1,Medsize,1,0
SS63511,California,11562.44,Yes,Basic,0,High School or Below,0,2/17/2011,Employed,1,M,129191,Married,1,39,39,0,9,Corporate Auto,1,Corporate L3,5,2,Agent,2,Medsize,1,0
WX49215,Oregon,25021.73,No,Basic,0,Master,3,2/17/2011,Medical Leave,2,M,21808,Married,1,42,61,1,2,Personal Auto,0,Personal L3,2,1,Branch,1,Medsize,1,0
WL85494,California,55451.83,No,Extended,1,College,1,2/17/2011,Employed,1,M,29684,Married,1,16,84,0,2,Personal Auto,0,Personal L3,2,2,Branch,1,Medsize,1,1
ZE53116,Arizona,8051.15,No,Basic,0,High School or Below,0,2/17/2011,Employed,1,M,127055,Married,1,38,55,0,8,Personal Auto,0,Personal L2,1,3,Call Center,3,Small,0,0
MN82687,Oregon,7384.58,Yes,Extended,1,Bachelor,2,2/17/2011,Employed,1,F,73584,Married,1,27,15,0,1,Personal Auto,0,Personal L3,2,2,Agent,2,Medsize,1,0
UN49741,Oregon,15014.19,No,Basic,0,High School or Below,0,2/17/2011,Employed,1,M,59804,Divorced,2,34,103,5,2,Personal Auto,0,Personal L1,0,1,Call Center,3,Medsize,1,1
PD94315,Arizona,30046.54,No,Premium,2,Bachelor,2,2/17/2011,Disabled,4,F,31649,Married,1,9,84,0,2,Corporate Auto,1,Corporate L3,5,1,Call Center,3,Medsize,1,1
VS30147,Oregon,29860.4,No,Basic,0,Master,3,2/17/2011,Employed,1,M,79171,Married,1,20,59,0,2,Personal Auto,0,Personal L2,1,2,Agent,2,Medsize,1,0
DZ38951,Oregon,8692.64,No,Extended,1,High School or Below,0,2/17/2011,Medical Leave,2,M,26772,Married,1,11,119,0,7,Personal Auto,0,Personal L2,1,1,Agent,2,Medsize,1,0
PE32165,California,37711.74,No,Basic,0,High School or Below,0,2/17/2011,Employed,1,F,103831,Married,1,0,74,2,2,Corporate Auto,1,Corporate L3,5,4,Agent,2,Medsize,1,0
GX51965,California,11562.44,Yes,Basic,0,High School or Below,0,2/17/2011,Employed,1,M,129191,Married,1,39,39,0,9,Personal Auto,0,Personal L1,0,2,Agent,2,Medsize,1,0
TJ46491,Oregon,8074.14,No,Extended,1,College,1,2/17/2011,Employed,1,F,30977,Married,1,24,97,0,8,Personal Auto,0,Personal L3,2,2,Agent,2,Large,2,0
AZ36763,Arizona,15976.89,No,Extended,1,Bachelor,2,2/17/2011,Unemployed,0,F,0,Single,0,16,50,0,2,Personal Auto,0,Personal L2,1,2,Agent,2,Medsize,1,0
VQ82774,California,22007.66,Yes,Extended,1,Master,3,2/17/2011,Retired,3,F,26479,Married,1,28,43,0,2,Personal Auto,0,Personal L2,1,2,Agent,2,Medsize,1,0
HH61461,Nevada,13460.87,No,Extended,1,Bachelor,2,2/17/2011,Employed,1,F,77602,Married,1,5,80,0,2,Personal Auto,0,Personal L3,2,1,Branch,1,Small,0,0
LT24477,California,11617.42,No,Basic,0,High School or Below,0,2/17/2011,Employed,1,M,64245,Married,1,47,59,1,7,Personal Auto,0,Personal L2,1,1,Agent,2,Medsize,1,0
MT67399,Nevada,8760.01,No,Extended,1,Bachelor,2,2/17/2011,Employed,1,F,128284,Divorced,2,20,16,0,8,Personal Auto,0,Personal L3,2,2,Call Center,3,Medsize,1,0
JO35068,Nevada,3427.15,Yes,Basic,0,Bachelor,2,2/17/2011,Retired,3,M,25121,Divorced,2,18,32,0,1,Personal Auto,0,Personal L2,1,2,Web,0,Medsize,1,0
BQ88033,Oregon,57225.16,No,Extended,1,College,1,2/17/2011,Employed,1,M,111448,Married,1,8,20,0,2,Personal Auto,0,Personal L1,0,1,Branch,1,Medsize,1,0
CT51200,Oregon,7791.67,No,Basic,0,High School or Below,0,2/17/2011,Employed,1,F,88707,Divorced,2,45,104,0,3,Corporate Auto,1,Corporate L3,5,1,Web,0,Medsize,1,0
FC46260,California,7043.64,Yes,Basic,0,Bachelor,2,2/17/2011,Employed,1,F,53803,Divorced,2,8,5,0,7,Corporate Auto,1,Corporate L2,4,2,Web,0,Medsize,1,0
DN76322,Oregon,13898.88,No,Extended,1,College,1,2/17/2011,Employed,1,F,33376,Married,1,27,0,0,5,Corporate Auto,1,Corporate L1,3,1,Branch,1,Medsize,1,0
BZ85306,California,16004.43,No,Premium,2,Bachelor,2,2/17/2011,Unemployed,0,F,0,Single,0,14,100,0,5,Corporate Auto,1,Corporate L2,4,3,Web,0,Medsize,1,1
UI36374,Oregon,7384.58,Yes,Extended,1,Bachelor,2,2/17/2011,Employed,1,F,73584,Married,1,27,15,0,1,Corporate Auto,1,Corporate L2,4,2,Agent,2,Medsize,1,0
WI47826,Oregon,6663.12,No,Basic,0,College,1,2/17/2011,Employed,1,F,129283,Married,1,19,108,0,3,Personal Auto,0,Personal L3,2,1,Branch,1,Medsize,1,0
SI35064,Washington,12854.26,No,Basic,0,Bachelor,2,2/17/2011,Employed,1,F,100687,Married,1,42,27,0,4,Personal Auto,0,Personal L1,0,1,Agent,2,Medsize,1,0
WS46887,Washington,27090.99,No,Premium,2,Bachelor,2,2/17/2011,Employed,1,F,114973,Single,0,11,109,0,2,Personal Auto,0,Personal L2,1,1,Branch,1,Medsize,1,0
GE45663,Arizona,7043.64,Yes,Basic,0,Bachelor,2,2/17/2011,Employed,1,F,53803,Divorced,2,8,5,0,7,Personal Auto,0,Personal L3,2,2,Web,0,Medsize,1,0
ZX50209,California,14797.26,No,Extended,1,College,1,2/17/2011,Employed,1,F,40250,Single,0,47,24,0,2,Personal Auto,0,Personal L1,0,4,Agent,2,Medsize,1,0
EN27946,California,11328.03,No,Premium,2,High School or Below,0,2/17/2011,Employed,1,M,54285,Married,1,7,132,2,6,Personal Auto,0,Personal L2,1,1,Call Center,3,Small,0,0
QK90365,Oregon,22007.66,Yes,Extended,1,Master,3,2/17/2011,Retired,3,F,26479,Married,1,28,43,0,2,Personal Auto,0,Personal L3,2,2,Agent,2,Medsize,1,0
FY74419,Nevada,7384.58,Yes,Extended,1,Bachelor,2,2/17/2011,Employed,1,F,73584,Married,1,27,15,0,1,Personal Auto,0,Personal L2,1,2,Agent,2,Medsize,1,0
NX58648,Oregon,7462.91,No,Basic,0,High School or Below,0,2/17/2011,Unemployed,0,F,0,Married,1,41,15,0,8,Personal Auto,0,Personal L3,2,1,Web,0,Medsize,1,0
YH31618,Oregon,10060.52,No,Premium,2,Bachelor,2,2/17/2011,Unemployed,0,F,0,Single,0,36,57,0,4,Corporate Auto,1,Corporate L1,3,1,Branch,1,Medsize,1,0
GD29440,Washington,3427.15,Yes,Basic,0,Bachelor,2,2/17/2011,Retired,3,M,25121,Divorced,2,18,32,0,1,Personal Auto,0,Personal L3,2,2,Web,0,Medsize,1,0
HW85007,Oregon,14663.31,No,Extended,1,Bachelor,2,2/17/2011,Employed,1,M,87404,Divorced,2,7,46,0,5,Personal Auto,0,Personal L3,2,4,Agent,2,Medsize,1,0
SY93381,California,4855.72,No,Extended,1,College,1,2/17/2011,Employed,1,F,41437,Married,1,30,31,1,1,Personal Auto,0,Personal L3,2,1,Agent,2,Small,0,0
JJ57298,Oregon,25156.88,No,Extended,1,College,1,2/17/2011,Unemployed,0,M,0,Single,0,22,45,0,2,Corporate Auto,1,Corporate L3,5,1,Call Center,3,Medsize,1,1
DA20472,California,11562.44,Yes,Basic,0,High School or Below,0,2/17/2011,Employed,1,M,129191,Married,1,39,39,0,9,Personal Auto,0,Personal L3,2,2,Agent,2,Medsize,1,0
YT43943,California,3281.68,No,Basic,0,High School or Below,0,2/17/2011,Employed,1,F,38443,Divorced,2,4,103,0,1,Personal Auto,0,Personal L3,2,2,Agent,2,Medsize,1,0
OO89057,California,5419.35,No,Extended,1,Master,3,2/17/2011,Employed,1,F,72973,Married,1,9,74,0,1,Personal Auto,0,Personal L2,1,2,Branch,1,Medsize,1,0
DL45122,California,4495.35,No,Extended,1,Bachelor,2,2/17/2011,Employed,1,M,102001,Married,1,32,105,0,1,Corporate Auto,1,Corporate L3,5,2,Agent,2,Small,0,0
PU33703,California,3287.68,No,Basic,0,College,1,2/17/2011,Employed,1,F,59023,Married,1,7,113,0,1,Personal Auto,0,Personal L2,1,2,Branch,1,Small,0,0
FO36473,California,5802.81,No,Basic,0,Bachelor,2,2/17/2011,Employed,1,F,42409,Married,1,0,92,4,1,Personal Auto,0,Personal L3,2,1,Call Center,3,Medsize,1,0
QZ71100,California,25970.89,No,Basic,0,Bachelor,2,2/17/2011,Unemployed,0,M,0,Single,0,42,105,0,2,Corporate Auto,1,Corporate L1,3,2,Call Center,3,Medsize,1,1
UA73107,California,3427.15,Yes,Basic,0,Bachelor,2,2/17/2011,Retired,3,M,25121,Divorced,2,18,32,0,1,Corporate Auto,1,Corporate L3,5,2,Web,0,Medsize,1,0
II32272,California,34277.24,No,Extended,1,High School or Below,0,2/17/2011,Disabled,4,F,26135,Married,1,0,84,0,2,Personal Auto,0,Personal L3,2,4,Call Center,3,Medsize,1,1
SO42230,California,9620.46,No,Extended,1,Master,3,2/17/2011,Medical Leave,2,F,30362,Married,1,11,130,0,8,Personal Auto,0,Personal L3,2,1,Agent,2,Large,2,0
EP10645,California,25215.1,No,Extended,1,College,1,2/17/2011,Unemployed,0,M,0,Married,1,23,19,0,2,Personal Auto,0,Personal L2,1,1,Agent,2,Medsize,1,0
FB71914,California,40776.77,No,Extended,1,College,1,2/17/2011,Unemployed,0,M,0,Married,1,9,5,0,2,Personal Auto,0,Personal L2,1,3,Agent,2,Medsize,1,0
IK44574,California,7571.91,No,Basic,0,Bachelor,2,2/17/2011,Employed,1,M,38452,Married,1,24,124,0,5,Corporate Auto,1,Corporate L2,4,3,Agent,2,Medsize,1,0
BC64697,California,15746.38,No,Premium,2,College,1,2/17/2011,Unemployed,0,F,0,Married,1,16,46,0,2,Personal Auto,0,Personal L3,2,3,Call Center,3,Small,0,0
VF72557,Oregon,6443.47,Yes,Extended,1,High School or Below,0,2/18/2011,Retired,3,M,28341,Divorced,2,47,122,0,1,Personal Auto,0,Personal L3,2,2,Agent,2,Medsize,1,0
IU25463,California,16541.01,No,Premium,2,Bachelor,2,2/18/2011,Unemployed,0,F,0,Married,1,16,23,1,2,Personal Auto,0,Personal L2,1,1,Agent,2,Medsize,1,0
PD33979,Oregon,6604.79,No,Basic,0,High School or Below,0,2/18/2011,Employed,1,M,29307,Married,1,38,23,0,3,Personal Auto,0,Personal L2,1,2,Branch,1,Large,2,0
AH84063,Oregon,6371.26,No,Extended,1,College,1,2/18/2011,Employed,1,F,121017,Married,1,15,27,4,1,Corporate Auto,1,Corporate L3,5,3,Call Center,3,Medsize,1,0
DJ91267,Nevada,39273.17,No,Extended,1,Bachelor,2,2/18/2011,Employed,1,F,46205,Married,1,39,30,0,2,Personal Auto,0,Personal L3,2,1,Agent,2,Small,0,0
RX24650,Oregon,6443.47,Yes,Extended,1,High School or Below,0,2/18/2011,Retired,3,M,28341,Divorced,2,47,122,0,1,Corporate Auto,1,Corporate L3,5,2,Agent,2,Medsize,1,0
FY13480,California,8473.97,No,Extended,1,High School or Below,0,2/18/2011,Unemployed,0,M,0,Single,0,41,26,0,4,Personal Auto,0,Personal L3,2,1,Web,0,Medsize,1,0
QK31192,Arizona,5506.83,No,Premium,2,High School or Below,0,2/18/2011,Unemployed,0,M,0,Married,1,16,58,0,1,Corporate Auto,1,Corporate L2,4,4,Branch,1,Medsize,1,0
BG84194,Oregon,5450.63,No,Basic,0,College,1,2/18/2011,Employed,1,M,122526,Married,1,7,9,2,1,Special Auto,2,Special L3,8,2,Branch,1,Medsize,1,0
EB59129,Oregon,3504.26,No,Basic,0,Bachelor,2,2/18/2011,Employed,1,F,63766,Married,1,15,46,0,1,Personal Auto,0,Personal L2,1,1,Agent,2,Medsize,1,0
MB83663,Oregon,12956.59,No,Extended,1,Bachelor,2,2/18/2011,Employed,1,F,52294,Divorced,2,9,47,0,2,Personal Auto,0,Personal L3,2,1,Call Center,3,Small,0,0
TY26512,California,4638.78,Yes,Extended,1,Doctor,4,2/18/2011,Employed,1,M,41603,Divorced,2,34,58,0,1,Personal Auto,0,Personal L3,2,2,Branch,1,Medsize,1,0
PU41393,Nevada,11163.25,No,Basic,0,College,1,2/18/2011,Medical Leave,2,M,27304,Married,1,36,86,1,6,Special Auto,2,Special L2,7,3,Call Center,3,Small,0,0
QO86948,Nevada,10896.73,No,Basic,0,High School or Below,0,2/18/2011,Unemployed,0,M,0,Single,0,4,113,0,7,Personal Auto,0,Personal L3,2,1,Web,0,Small,0,1
VC83809,California,4638.78,Yes,Extended,1,Doctor,4,2/18/2011,Employed,1,M,41603,Divorced,2,34,58,0,1,Personal Auto,0,Personal L3,2,2,Branch,1,Medsize,1,0
KI55845,Oregon,18470.31,No,Basic,0,College,1,2/18/2011,Employed,1,F,75044,Married,1,20,54,0,2,Personal Auto,0,Personal L2,1,1,Branch,1,Medsize,1,0
DO41287,Oregon,11173.2,No,Extended,1,High School or Below,0,2/18/2011,Unemployed,0,M,0,Single,0,39,124,0,2,Personal Auto,0,Personal L2,1,3,Branch,1,Medsize,1,0
LG64797,California,23927.08,No,Extended,1,College,1,2/18/2011,Employed,1,F,34791,Married,1,28,78,0,4,Personal Auto,0,Personal L1,0,1,Branch,1,Medsize,1,1
HF96939,Oregon,4220.47,No,Extended,1,High School or Below,0,2/18/2011,Employed,1,M,46589,Divorced,2,0,73,0,1,Personal Auto,0,Personal L3,2,2,Agent,2,Small,0,0
MA47641,Oregon,14052.11,Yes,Basic,0,High School or Below,0,2/18/2011,Retired,3,M,27308,Divorced,2,4,58,1,2,Personal Auto,0,Personal L3,2,1,Branch,1,Medsize,1,0
TX98128,California,18716.92,No,Basic,0,College,1,2/18/2011,Unemployed,0,F,0,Single,0,5,16,4,2,Personal Auto,0,Personal L1,0,1,Agent,2,Large,2,0
FI45719,Arizona,3385,No,Basic,0,Doctor,4,2/18/2011,Employed,1,M,44406,Married,1,18,19,0,1,Personal Auto,0,Personal L3,2,3,Agent,2,Medsize,1,0
JN72184,Oregon,3452.08,No,Basic,0,College,1,2/18/2011,Unemployed,0,M,0,Divorced,2,41,11,0,1,Corporate Auto,1,Corporate L1,3,1,Branch,1,Medsize,1,0
NV14535,Nevada,14052.11,Yes,Basic,0,High School or Below,0,2/18/2011,Retired,3,M,27308,Divorced,2,4,58,1,2,Personal Auto,0,Personal L2,1,1,Branch,1,Medsize,1,0
OU53351,Arizona,3356.19,No,Basic,0,College,1,2/18/2011,Employed,1,M,49457,Married,1,27,38,0,1,Corporate Auto,1,Corporate L2,4,4,Agent,2,Small,0,0
BY22068,Arizona,32333.01,No,Extended,1,High School or Below,0,2/18/2011,Employed,1,M,53102,Married,1,0,15,0,2,Corporate Auto,1,Corporate L1,3,4,Agent,2,Medsize,1,1
XR84971,Oregon,31746.4,No,Extended,1,Doctor,4,2/18/2011,Employed,1,F,49325,Single,0,26,5,0,2,Personal Auto,0,Personal L1,0,1,Web,0,Medsize,1,0
TP61305,California,8184.3,No,Extended,1,High School or Below,0,2/18/2011,Unemployed,0,M,0,Single,0,1,127,0,5,Personal Auto,0,Personal L3,2,1,Web,0,Medsize,1,0
NX31380,Arizona,9577.13,No,Extended,1,Bachelor,2,2/18/2011,Employed,1,F,31093,Married,1,41,30,0,7,Corporate Auto,1,Corporate L1,3,1,Branch,1,Medsize,1,0
FL67726,Washington,14052.11,Yes,Basic,0,High School or Below,0,2/18/2011,Retired,3,M,27308,Divorced,2,4,58,1,2,Personal Auto,0,Personal L3,2,1,Branch,1,Medsize,1,0
RW51650,Oregon,11640.83,Yes,Basic,0,Bachelor,2,2/18/2011,Employed,1,M,131437,Single,0,8,115,0,2,Personal Auto,0,Personal L2,1,1,Agent,2,Medsize,1,0
QR15592,Arizona,7641.18,No,Basic,0,Bachelor,2,2/18/2011,Employed,1,F,80441,Divorced,2,8,95,0,3,Personal Auto,0,Personal L1,0,2,Branch,1,Medsize,1,0
LS90887,California,7660.41,No,Basic,0,Bachelor,2,2/18/2011,Employed,1,F,35404,Married,1,24,34,1,7,Special Auto,2,Special L2,7,2,Web,0,Medsize,1,0
IG62421,Nevada,4638.78,Yes,Extended,1,Doctor,4,2/18/2011,Employed,1,M,41603,Divorced,2,34,58,0,1,Personal Auto,0,Personal L2,1,2,Branch,1,Medsize,1,0
RF14806,Arizona,4179.33,No,Extended,1,College,1,2/18/2011,Employed,1,F,45110,Divorced,2,20,59,0,1,Personal Auto,0,Personal L3,2,2,Branch,1,Medsize,1,0
HE15857,Washington,8351.46,No,Extended,1,Bachelor,2,2/18/2011,Employed,1,M,50136,Single,0,16,1,2,9,Personal Auto,0,Personal L3,2,1,Call Center,3,Medsize,1,0
WV57813,Oregon,6929.12,No,Basic,0,Bachelor,2,2/18/2011,Unemployed,0,F,0,Single,0,28,42,0,3,Personal Auto,0,Personal L2,1,1,Branch,1,Medsize,1,0
NJ15094,Washington,7217.09,No,Basic,0,Bachelor,2,2/18/2011,Unemployed,0,F,0,Married,1,8,90,0,8,Personal Auto,0,Personal L3,2,1,Agent,2,Medsize,1,0
TI19722,Washington,4638.78,Yes,Extended,1,Doctor,4,2/18/2011,Employed,1,M,41603,Divorced,2,34,58,0,1,Corporate Auto,1,Corporate L2,4,2,Branch,1,Medsize,1,0
SM58898,California,23252.25,No,Basic,0,High School or Below,0,2/18/2011,Employed,1,F,115260,Married,1,9,5,0,2,Corporate Auto,1,Corporate L1,3,4,Call Center,3,Medsize,1,0
DK49336,Arizona,6492.44,No,Basic,0,College,1,2/18/2011,Employed,1,M,64839,Married,1,9,70,0,9,Corporate Auto,1,Corporate L3,5,3,Agent,2,Medsize,1,0
SA54664,Washington,3583.41,No,Basic,0,Master,3,2/18/2011,Employed,1,M,98815,Married,1,0,126,1,1,Personal Auto,0,Personal L2,1,2,Web,0,Large,2,0
JP82211,California,45728.79,No,Basic,0,College,1,2/18/2011,Employed,1,F,80654,Married,1,1,107,0,2,Personal Auto,0,Personal L2,1,1,Agent,2,Small,0,0
GW25077,Oregon,7146.05,No,Extended,1,Bachelor,2,2/18/2011,Employed,1,F,52003,Married,1,20,96,0,1,Personal Auto,0,Personal L2,1,1,Branch,1,Medsize,1,0
ET80689,California,11760.26,No,Basic,0,College,1,2/18/2011,Employed,1,M,125018,Married,1,35,101,0,3,Special Auto,2,Special L3,8,2,Branch,1,Medsize,1,0
JI11950,California,6613.96,No,Basic,0,High School or Below,0,2/18/2011,Unemployed,0,F,0,Married,1,28,105,0,7,Personal Auto,0,Personal L3,2,1,Agent,2,Medsize,1,0
SX25962,Arizona,20324.98,No,Basic,0,College,1,2/18/2011,Employed,1,M,112432,Single,0,15,62,1,3,Personal Auto,0,Personal L2,1,3,Branch,1,Medsize,1,0
GT97121,California,29791.43,No,Extended,1,College,1,2/18/2011,Disabled,4,M,21599,Married,1,3,58,0,2,Personal Auto,0,Personal L3,2,2,Branch,1,Medsize,1,0
KL58949,California,7530.22,No,Basic,0,Bachelor,2,2/18/2011,Employed,1,M,94757,Single,0,27,30,0,3,Corporate Auto,1,Corporate L3,5,1,Agent,2,Medsize,1,0
JE98863,Arizona,5279.44,No,Extended,1,Bachelor,2,2/18/2011,Employed,1,F,79263,Married,1,11,5,0,1,Special Auto,2,Special L1,6,1,Agent,2,Small,0,0
HQ41200,Oregon,10766.18,No,Premium,2,College,1,2/18/2011,Employed,1,F,35259,Divorced,2,41,3,0,9,Personal Auto,0,Personal L3,2,1,Agent,2,Medsize,1,0
DA74095,Arizona,8238.11,No,Premium,2,Bachelor,2,2/18/2011,Employed,1,F,57780,Married,1,5,15,1,1,Personal Auto,0,Personal L3,2,1,Call Center,3,Medsize,1,0
AU45793,Arizona,4638.78,Yes,Extended,1,Doctor,4,2/18/2011,Employed,1,M,41603,Divorced,2,34,58,0,1,Corporate Auto,1,Corporate L3,5,2,Branch,1,Medsize,1,0
SN58128,Oregon,14035.32,No,Extended,1,College,1,2/18/2011,Employed,1,F,47180,Married,1,27,20,0,7,Personal Auto,0,Personal L1,0,4,Branch,1,Small,0,0
GA49547,Washington,7240.15,No,Basic,0,High School or Below,0,2/18/2011,Employed,1,M,49082,Married,1,38,130,0,6,Personal Auto,0,Personal L3,2,1,Branch,1,Medsize,1,0
RI40862,Nevada,7523.69,No,Basic,0,College,1,2/18/2011,Employed,1,M,115700,Married,1,28,113,0,7,Personal Auto,0,Personal L3,2,1,Agent,2,Small,0,0
XB97091,Arizona,50278.9,No,Basic,0,High School or Below,0,2/18/2011,Employed,1,F,72363,Married,1,20,81,0,2,Personal Auto,0,Personal L1,0,1,Web,0,Medsize,1,0
DY22077,Arizona,11640.83,Yes,Basic,0,Bachelor,2,2/18/2011,Employed,1,M,131437,Single,0,8,115,0,2,Corporate Auto,1,Corporate L2,4,1,Agent,2,Medsize,1,0
YG98004,Oregon,17095.86,No,Premium,2,Master,3,2/18/2011,Employed,1,F,37448,Married,1,22,30,0,2,Corporate Auto,1,Corporate L3,5,1,Agent,2,Medsize,1,0
WY41435,Nevada,16146.64,No,Extended,1,College,1,2/18/2011,Employed,1,F,70789,Single,0,4,51,0,2,Personal Auto,0,Personal L3,2,4,Web,0,Medsize,1,0
XO75323,California,5354.27,No,Basic,0,College,1,2/18/2011,Employed,1,M,97793,Married,1,7,30,1,1,Personal Auto,0,Personal L2,1,2,Web,0,Medsize,1,0
KG40352,Oregon,7353.72,No,Basic,0,College,1,2/18/2011,Employed,1,F,92900,Married,1,39,50,0,3,Personal Auto,0,Personal L2,1,4,Branch,1,Small,0,0
CW80905,Nevada,12437.03,No,Basic,0,High School or Below,0,2/18/2011,Employed,1,M,95793,Married,1,1,77,0,7,Personal Auto,0,Personal L2,1,1,Agent,2,Medsize,1,0
JO90877,Washington,3874.5,No,Basic,0,Bachelor,2,2/18/2011,Employed,1,F,95815,Married,1,20,0,0,1,Personal Auto,0,Personal L3,2,1,Agent,2,Large,2,0
MJ45965,Oregon,10880.86,No,Basic,0,High School or Below,0,2/18/2011,Employed,1,M,97617,Single,0,4,69,0,2,Personal Auto,0,Personal L3,2,4,Branch,1,Medsize,1,0
TM13014,California,3286.02,No,Basic,0,Bachelor,2,2/18/2011,Unemployed,0,M,0,Married,1,38,88,0,1,Personal Auto,0,Personal L2,1,3,Branch,1,Medsize,1,0
SA45648,California,14347.89,No,Extended,1,Bachelor,2,2/18/2011,Employed,1,M,122680,Married,1,24,38,4,3,Personal Auto,0,Personal L3,2,1,Call Center,3,Medsize,1,0
WZ83320,Arizona,12232.43,No,Premium,2,Master,3,2/18/2011,Employed,1,F,99733,Married,1,26,96,0,8,Personal Auto,0,Personal L1,0,3,Web,0,Medsize,1,0
HS66275,California,4534.19,No,Extended,1,High School or Below,0,2/18/2011,Employed,1,F,104367,Married,1,30,8,0,1,Personal Auto,0,Personal L2,1,4,Agent,2,Small,0,0
GE43335,Nevada,5426.17,No,Basic,0,College,1,2/18/2011,Unemployed,0,M,0,Divorced,2,3,65,0,1,Personal Auto,0,Personal L1,0,1,Branch,1,Large,2,0
ED13353,Oregon,7120.17,No,Basic,0,High School or Below,0,2/18/2011,Medical Leave,2,M,14349,Single,0,23,20,0,8,Personal Auto,0,Personal L3,2,4,Web,0,Small,0,0
PU21485,Arizona,15063.47,No,Premium,2,Bachelor,2,2/18/2011,Unemployed,0,F,0,Single,0,26,96,0,9,Corporate Auto,1,Corporate L3,5,1,Call Center,3,Small,0,1
LK70293,Nevada,24021.37,No,Premium,2,High School or Below,0,2/18/2011,Unemployed,0,F,0,Married,1,35,58,0,2,Personal Auto,0,Personal L3,2,1,Web,0,Large,2,1
XH20787,California,3441.26,No,Basic,0,College,1,2/18/2011,Employed,1,M,71523,Married,1,45,126,0,1,Personal Auto,0,Personal L2,1,1,Branch,1,Large,2,0
QF17193,Arizona,3225.57,No,Basic,0,College,1,2/18/2011,Employed,1,F,27653,Married,1,4,120,0,1,Personal Auto,0,Personal L3,2,2,Agent,2,Medsize,1,0
BR69566,Oregon,18926.77,No,Basic,0,College,1,2/18/2011,Employed,1,M,42848,Divorced,2,14,39,0,2,Personal Auto,0,Personal L3,2,4,Call Center,3,Small,0,0
WK65741,California,3906.64,No,Basic,0,High School or Below,0,2/18/2011,Employed,1,F,83442,Married,1,12,28,0,1,Personal Auto,0,Personal L2,1,3,Agent,2,Medsize,1,0
WC83676,Nevada,3782.11,No,Basic,0,College,1,2/18/2011,Employed,1,M,44883,Married,1,35,63,0,1,Special Auto,2,Special L3,8,2,Web,0,Medsize,1,0
WK24299,California,6443.47,Yes,Extended,1,High School or Below,0,2/18/2011,Retired,3,M,28341,Divorced,2,47,122,0,1,Personal Auto,0,Personal L3,2,2,Agent,2,Medsize,1,0
KW31376,Oregon,18742.49,No,Basic,0,High School or Below,0,2/18/2011,Unemployed,0,F,0,Single,0,4,115,0,9,Corporate Auto,1,Corporate L3,5,2,Agent,2,Large,2,1
GT14584,Oregon,5565.47,No,Basic,0,College,1,2/18/2011,Employed,1,F,101617,Married,1,30,14,0,1,Personal Auto,0,Personal L2,1,4,Call Center,3,Medsize,1,0
AY43037,Oregon,19857.14,No,Basic,0,High School or Below,0,2/18/2011,Employed,1,M,49505,Single,0,41,59,0,3,Corporate Auto,1,Corporate L3,5,1,Branch,1,Medsize,1,1
TK38732,Oregon,6579.02,No,Extended,1,High School or Below,0,2/18/2011,Employed,1,M,64562,Married,1,11,76,3,1,Personal Auto,0,Personal L2,1,4,Agent,2,Medsize,1,0
MX97096,Nevada,3586.31,No,Extended,1,College,1,2/18/2011,Unemployed,0,F,0,Single,0,31,126,1,1,Personal Auto,0,Personal L2,1,1,Branch,1,Medsize,1,0
JD19036,Arizona,21952.58,No,Extended,1,Master,3,2/18/2011,Employed,1,F,56256,Single,0,20,41,0,2,Personal Auto,0,Personal L1,0,1,Agent,2,Medsize,1,0
VA65117,Oregon,10307.82,No,Basic,0,High School or Below,0,2/18/2011,Unemployed,0,M,0,Single,0,0,89,0,7,Personal Auto,0,Personal L1,0,1,Branch,1,Medsize,1,1
FL55134,Nevada,14052.11,Yes,Basic,0,High School or Below,0,2/18/2011,Retired,3,M,27308,Divorced,2,4,58,1,2,Personal Auto,0,Personal L3,2,1,Branch,1,Medsize,1,0
RX25695,Arizona,30673.68,No,Extended,1,Bachelor,2,2/18/2011,Employed,1,M,36315,Married,1,9,28,1,2,Personal Auto,0,Personal L3,2,4,Call Center,3,Medsize,1,0
WY58284,California,11640.83,Yes,Basic,0,Bachelor,2,2/18/2011,Employed,1,M,131437,Single,0,8,115,0,2,Personal Auto,0,Personal L2,1,1,Agent,2,Medsize,1,0
EG36536,Arizona,11469.69,No,Basic,0,Bachelor,2,2/18/2011,Employed,1,M,32442,Divorced,2,0,97,0,7,Personal Auto,0,Personal L2,1,1,Web,0,Small,0,0
LK73001,California,12088.49,No,Premium,2,College,1,2/18/2011,Employed,1,M,46729,Married,1,8,12,0,3,Personal Auto,0,Personal L3,2,3,Branch,1,Small,0,0
AM79057,Oregon,3088.69,No,Basic,0,Bachelor,2,2/18/2011,Employed,1,F,93182,Married,1,36,43,5,1,Personal Auto,0,Personal L2,1,2,Web,0,Medsize,1,0
EV66951,Nevada,18944,No,Basic,0,Master,3,2/18/2011,Unemployed,0,M,0,Married,1,19,127,1,8,Corporate Auto,1,Corporate L3,5,2,Web,0,Medsize,1,1
TO37423,Oregon,23718.37,No,Basic,0,College,1,2/18/2011,Employed,1,M,55975,Married,1,3,105,0,2,Special Auto,2,Special L3,8,2,Web,0,Medsize,1,0
YI95574,Arizona,4842.94,No,Extended,1,High School or Below,0,2/18/2011,Disabled,4,M,21666,Married,1,4,11,0,1,Personal Auto,0,Personal L2,1,2,Call Center,3,Large,2,0
QA71190,California,10913.29,No,Premium,2,Bachelor,2,2/18/2011,Employed,1,F,42533,Married,1,31,68,0,8,Personal Auto,0,Personal L1,0,1,Web,0,Small,0,0
WQ25142,California,29063.57,No,Extended,1,Bachelor,2,2/18/2011,Disabled,4,M,15576,Married,1,47,30,0,2,Corporate Auto,1,Corporate L3,5,3,Call Center,3,Medsize,1,0
NT19879,Arizona,6435.37,No,Basic,0,Bachelor,2,2/18/2011,Medical Leave,2,F,39389,Married,1,7,27,2,5,Personal Auto,0,Personal L3,2,1,Call Center,3,Large,2,0
HZ47488,California,3862.01,No,Basic,0,Doctor,4,2/18/2011,Employed,1,M,37674,Divorced,2,4,51,1,1,Personal Auto,0,Personal L2,1,3,Call Center,3,Medsize,1,0
WK18603,California,7117.9,No,Basic,0,Doctor,4,2/18/2011,Employed,1,M,115569,Single,0,35,1,0,3,Personal Auto,0,Personal L2,1,2,Agent,2,Medsize,1,0
JP87331,Arizona,30125.33,No,Basic,0,High School or Below,0,2/18/2011,Unemployed,0,M,0,Single,0,45,73,0,2,Personal Auto,0,Personal L3,2,1,Branch,1,Medsize,1,0
ZJ27465,California,19085.26,No,Basic,0,College,1,2/18/2011,Employed,1,F,42922,Divorced,2,16,22,0,2,Personal Auto,0,Personal L3,2,1,Agent,2,Medsize,1,0
FG42635,Oregon,13525.19,No,Extended,1,College,1,2/18/2011,Employed,1,M,41472,Married,1,23,32,4,5,Personal Auto,0,Personal L2,1,3,Agent,2,Small,0,1
CY49953,Oregon,3817.21,No,Extended,1,College,1,2/18/2011,Unemployed,0,F,0,Single,0,41,34,0,1,Special Auto,2,Special L2,7,3,Branch,1,Medsize,1,0
HZ39407,Washington,3626.82,No,Basic,0,Master,3,2/18/2011,Disabled,4,M,36063,Divorced,2,30,93,0,1,Personal Auto,0,Personal L1,0,1,Agent,2,Medsize,1,0
MU63232,Arizona,7225,No,Extended,1,Master,3,2/18/2011,Employed,1,M,74003,Single,0,32,38,0,1,Personal Auto,0,Personal L2,1,2,Agent,2,Medsize,1,0
DE21910,Oregon,9860.93,No,Extended,1,College,1,2/18/2011,Employed,1,F,55384,Married,1,30,124,0,6,Personal Auto,0,Personal L3,2,1,Agent,2,Large,2,0
FI22970,Oregon,3202.59,No,Basic,0,High School or Below,0,2/18/2011,Medical Leave,2,F,34493,Married,1,38,18,0,1,Personal Auto,0,Personal L3,2,4,Agent,2,Small,0,0
PI71828,Arizona,3234.56,No,Basic,0,College,1,2/18/2011,Employed,1,M,51921,Divorced,2,15,132,0,1,Personal Auto,0,Personal L3,2,1,Branch,1,Medsize,1,0
BM31989,Arizona,11818.12,No,Premium,2,College,1,2/18/2011,Employed,1,M,32416,Married,1,41,123,1,3,Personal Auto,0,Personal L3,2,2,Agent,2,Medsize,1,0
BO46265,Oregon,9323.37,No,Extended,1,College,1,2/18/2011,Medical Leave,2,M,18133,Married,1,7,111,0,8,Personal Auto,0,Personal L3,2,1,Branch,1,Small,0,0
MB20764,Oregon,23789.88,No,Premium,2,High School or Below,0,2/18/2011,Unemployed,0,M,0,Single,0,42,14,0,3,Corporate Auto,1,Corporate L2,4,4,Branch,1,Medsize,1,1
PW91494,California,12614.98,No,Basic,0,High School or Below,0,2/18/2011,Unemployed,0,F,0,Married,1,34,130,1,2,Personal Auto,0,Personal L2,1,2,Branch,1,Medsize,1,0
SC23927,California,6443.47,Yes,Extended,1,High School or Below,0,2/18/2011,Retired,3,M,28341,Divorced,2,47,122,0,1,Personal Auto,0,Personal L2,1,2,Agent,2,Medsize,1,0
RA47157,California,4659.19,No,Extended,1,High School or Below,0,2/18/2011,Employed,1,M,61572,Married,1,5,41,0,1,Corporate Auto,1,Corporate L2,4,4,Agent,2,Medsize,1,0
IS55638,California,20930.03,No,Basic,0,College,1,2/18/2011,Employed,1,F,40408,Married,1,46,7,0,2,Personal Auto,0,Personal L2,1,1,Branch,1,Medsize,1,0
XX88364,California,11640.83,Yes,Basic,0,Bachelor,2,2/18/2011,Employed,1,M,131437,Single,0,8,115,0,2,Corporate Auto,1,Corporate L3,5,1,Agent,2,Medsize,1,0
FP20500,California,8457.26,No,Extended,1,Bachelor,2,2/18/2011,Unemployed,0,M,0,Single,0,7,22,0,3,Corporate Auto,1,Corporate L1,3,1,Agent,2,Medsize,1,1
AB69140,California,33876.32,No,Basic,0,Master,3,2/18/2011,Employed,1,M,48609,Married,1,19,115,0,2,Personal Auto,0,Personal L2,1,1,Branch,1,Small,0,0
UI77960,California,8985.87,No,Extended,1,High School or Below,0,2/18/2011,Employed,1,F,53776,Married,1,35,88,0,3,Personal Auto,0,Personal L2,1,4,Web,0,Medsize,1,0
ZK25313,Oregon,3877.27,No,Basic,0,High School or Below,0,2/19/2011,Employed,1,M,77961,Single,0,42,28,0,1,Personal Auto,0,Personal L2,1,1,Branch,1,Medsize,1,0
OI48267,California,8163.48,Yes,Extended,1,College,1,2/19/2011,Employed,1,M,27535,Married,1,20,81,1,4,Personal Auto,0,Personal L3,2,1,Branch,1,Medsize,1,0
MW70227,California,8163.48,Yes,Extended,1,College,1,2/19/2011,Employed,1,M,27535,Married,1,20,81,1,4,Personal Auto,0,Personal L1,0,1,Branch,1,Medsize,1,0
IT78748,Oregon,8779.59,Yes,Extended,1,High School or Below,0,2/19/2011,Disabled,4,F,29809,Married,1,1,12,0,6,Special Auto,2,Special L3,8,1,Agent,2,Small,0,0
WU14435,California,6697.3,No,Basic,0,Bachelor,2,2/19/2011,Disabled,4,M,24535,Married,1,11,22,0,9,Corporate Auto,1,Corporate L1,3,1,Agent,2,Small,0,0
IL28481,Oregon,8252.22,No,Extended,1,Bachelor,2,2/19/2011,Employed,1,M,85378,Married,1,28,99,0,3,Personal Auto,0,Personal L3,2,4,Call Center,3,Large,2,0
PX90263,Oregon,6914.11,No,Basic,0,High School or Below,0,2/19/2011,Unemployed,0,M,0,Single,0,3,30,0,5,Personal Auto,0,Personal L3,2,1,Branch,1,Medsize,1,0
ES39217,Oregon,10509.76,No,Extended,1,Bachelor,2,2/19/2011,Employed,1,F,60611,Married,1,30,62,1,7,Personal Auto,0,Personal L1,0,4,Web,0,Small,0,0
XK61304,California,7151.15,No,Basic,0,College,1,2/19/2011,Medical Leave,2,F,32276,Married,1,24,77,0,4,Personal Auto,0,Personal L3,2,1,Agent,2,Medsize,1,0
AM92343,Oregon,15659.33,No,Extended,1,High School or Below,0,2/19/2011,Employed,1,F,91282,Married,1,34,23,0,2,Personal Auto,0,Personal L3,2,3,Agent,2,Medsize,1,0
MK34957,Oregon,17951.91,No,Basic,0,College,1,2/19/2011,Employed,1,F,68352,Married,1,26,16,4,2,Special Auto,2,Special L1,6,2,Agent,2,Medsize,1,1
ZX86243,Arizona,4426.02,No,Extended,1,Doctor,4,2/19/2011,Employed,1,M,94833,Single,0,18,26,1,1,Personal Auto,0,Personal L2,1,4,Call Center,3,Medsize,1,0
XN41715,California,9984.98,No,Extended,1,Master,3,2/19/2011,Employed,1,F,96032,Married,1,15,86,1,3,Personal Auto,0,Personal L3,2,1,Branch,1,Medsize,1,0
ST96866,Washington,4216.16,Yes,Basic,0,Bachelor,2,2/19/2011,Unemployed,0,M,0,Married,1,1,112,4,1,Special Auto,2,Special L3,8,1,Agent,2,Large,2,1
FI20423,Arizona,18932.88,Yes,Premium,2,High School or Below,0,2/19/2011,Employed,1,F,110527,Married,1,14,74,0,2,Special Auto,2,Special L1,6,2,Web,0,Medsize,1,0
DW96592,California,10860.58,Yes,Basic,0,Bachelor,2,2/19/2011,Employed,1,M,96378,Married,1,39,53,0,2,Personal Auto,0,Personal L3,2,2,Agent,2,Medsize,1,0
TC44716,California,29118.61,No,Basic,0,Bachelor,2,2/19/2011,Retired,3,M,32277,Single,0,28,116,0,2,Personal Auto,0,Personal L1,0,1,Agent,2,Medsize,1,0
DS45802,California,7309.73,No,Basic,0,High School or Below,0,2/19/2011,Employed,1,F,36306,Married,1,1,42,0,5,Personal Auto,0,Personal L3,2,4,Agent,2,Medsize,1,0
PO98961,Washington,9047.39,No,Extended,1,College,1,2/19/2011,Medical Leave,2,M,24840,Married,1,35,70,0,8,Corporate Auto,1,Corporate L3,5,2,Agent,2,Small,0,0
HJ79774,Oregon,3732.48,No,Basic,0,College,1,2/19/2011,Employed,1,F,42648,Married,1,23,88,4,1,Corporate Auto,1,Corporate L1,3,3,Branch,1,Medsize,1,0
JH30384,California,8779.59,Yes,Extended,1,High School or Below,0,2/19/2011,Disabled,4,F,29809,Married,1,1,12,0,6,Personal Auto,0,Personal L2,1,1,Agent,2,Small,0,0
WJ74851,Nevada,7696.03,No,Basic,0,Bachelor,2,2/19/2011,Employed,1,F,36195,Married,1,30,111,0,3,Personal Auto,0,Personal L3,2,4,Agent,2,Medsize,1,0
OA89218,Nevada,15741.77,No,Premium,2,College,1,2/19/2011,Employed,1,F,29033,Divorced,2,15,57,0,4,Personal Auto,0,Personal L3,2,2,Agent,2,Medsize,1,1
NN65845,Washington,3491.01,No,Basic,0,Bachelor,2,2/19/2011,Disabled,4,F,29164,Married,1,15,62,2,1,Personal Auto,0,Personal L3,2,4,Branch,1,Large,2,0
OF24813,Washington,44497.56,No,Basic,0,High School or Below,0,2/19/2011,Employed,1,F,89119,Married,1,46,15,0,2,Personal Auto,0,Personal L3,2,2,Branch,1,Medsize,1,0
KN87338,Oregon,3680.63,No,Basic,0,High School or Below,0,2/19/2011,Employed,1,F,64853,Married,1,5,50,0,1,Personal Auto,0,Personal L2,1,4,Branch,1,Medsize,1,0
HS28694,Washington,3820.32,No,Basic,0,High School or Below,0,2/19/2011,Employed,1,F,34178,Married,1,20,131,0,1,Personal Auto,0,Personal L2,1,4,Branch,1,Medsize,1,0
UV53712,California,7509.32,No,Basic,0,College,1,2/19/2011,Employed,1,F,80526,Married,1,45,96,1,8,Personal Auto,0,Personal L3,2,2,Web,0,Medsize,1,0
KQ43374,Oregon,5572.92,No,Basic,0,College,1,2/19/2011,Employed,1,F,43354,Married,1,30,68,0,1,Corporate Auto,1,Corporate L3,5,1,Agent,2,Medsize,1,0
JR38787,Nevada,19484.21,No,Extended,1,High School or Below,0,2/19/2011,Disabled,4,M,33157,Married,1,1,42,0,2,Personal Auto,0,Personal L1,0,2,Branch,1,Small,0,1
DQ31994,Nevada,11695.72,No,Extended,1,College,1,2/19/2011,Unemployed,0,F,0,Single,0,24,122,1,2,Corporate Auto,1,Corporate L2,4,2,Agent,2,Medsize,1,0
HX17929,California,13612.71,Yes,Extended,1,High School or Below,0,2/19/2011,Retired,3,F,15968,Divorced,2,24,113,0,2,Personal Auto,0,Personal L2,1,1,Agent,2,Large,2,0
LU12532,California,8779.59,Yes,Extended,1,High School or Below,0,2/19/2011,Disabled,4,F,29809,Married,1,1,12,0,6,Personal Auto,0,Personal L3,2,1,Agent,2,Small,0,0
PO27978,Oregon,19882.13,No,Basic,0,Doctor,4,2/19/2011,Employed,1,F,132010,Single,0,47,49,0,2,Personal Auto,0,Personal L1,0,1,Call Center,3,Medsize,1,0
XW60886,California,8471.46,No,Extended,1,High School or Below,0,2/19/2011,Unemployed,0,M,0,Single,0,20,74,0,3,Personal Auto,0,Personal L3,2,4,Branch,1,Small,0,1
JN51592,Arizona,22930.42,No,Extended,1,Bachelor,2,2/19/2011,Employed,1,F,30371,Married,1,20,96,0,7,Special Auto,2,Special L1,6,1,Branch,1,Medsize,1,1
WZ13788,Nevada,13631.88,No,Extended,1,High School or Below,0,2/19/2011,Employed,1,F,66149,Married,1,8,88,3,2,Corporate Auto,1,Corporate L3,5,1,Web,0,Medsize,1,0
IO25161,Arizona,3078.52,No,Basic,0,College,1,2/19/2011,Unemployed,0,F,0,Married,1,22,39,0,1,Personal Auto,0,Personal L2,1,2,Agent,2,Medsize,1,0
NB30963,California,8092.21,No,Extended,1,High School or Below,0,2/19/2011,Employed,1,M,56510,Married,1,24,78,0,5,Personal Auto,0,Personal L3,2,1,Agent,2,Large,2,0
XP96549,Oregon,5979.41,No,Basic,0,High School or Below,0,2/19/2011,Employed,1,F,28172,Married,1,19,15,0,1,Personal Auto,0,Personal L3,2,2,Branch,1,Large,2,0
PP39078,California,7591.88,No,Basic,0,College,1,2/19/2011,Employed,1,F,42530,Married,1,11,36,0,3,Special Auto,2,Special L1,6,4,Branch,1,Small,0,0
WI75766,Arizona,13612.71,Yes,Extended,1,High School or Below,0,2/19/2011,Retired,3,F,15968,Divorced,2,24,113,0,2,Personal Auto,0,Personal L2,1,1,Agent,2,Large,2,0
IB59831,Oregon,20941.96,No,Extended,1,College,1,2/19/2011,Employed,1,M,53722,Single,0,0,9,0,2,Corporate Auto,1,Corporate L2,4,1,Agent,2,Small,0,0
WA24038,Oregon,6203.87,No,Basic,0,Bachelor,2,2/19/2011,Employed,1,M,103082,Married,1,24,130,1,1,Personal Auto,0,Personal L3,2,1,Call Center,3,Medsize,1,0
MF15503,Nevada,9525.55,No,Premium,2,Bachelor,2,2/19/2011,Unemployed,0,M,0,Single,0,34,111,1,4,Special Auto,2,Special L2,7,2,Branch,1,Medsize,1,1
VY96711,California,25962.89,No,Premium,2,Master,3,2/19/2011,Employed,1,F,134692,Married,1,14,51,0,2,Corporate Auto,1,Corporate L2,4,2,Branch,1,Medsize,1,0
VH66357,California,3739.13,No,Basic,0,College,1,2/19/2011,Employed,1,M,53522,Married,1,12,47,0,1,Personal Auto,0,Personal L3,2,4,Agent,2,Small,0,0
XG35514,California,6078.6,No,Basic,0,High School or Below,0,2/19/2011,Unemployed,0,M,0,Single,0,38,39,2,3,Personal Auto,0,Personal L3,2,3,Branch,1,Medsize,1,0
MZ43298,California,7020.1,No,Extended,1,Bachelor,2,2/19/2011,Employed,1,F,121725,Single,0,42,57,0,1,Corporate Auto,1,Corporate L2,4,1,Web,0,Medsize,1,0
FY31714,Oregon,22047.44,No,Extended,1,Bachelor,2,2/19/2011,Employed,1,M,105805,Single,0,23,113,0,2,Personal Auto,0,Personal L3,2,2,Call Center,3,Large,2,0
LR97507,Arizona,3459.84,No,Basic,0,High School or Below,0,2/19/2011,Unemployed,0,M,0,Single,0,23,80,0,1,Corporate Auto,1,Corporate L2,4,1,Agent,2,Large,2,0
UJ71101,California,23292.53,No,Extended,1,High School or Below,0,2/19/2011,Unemployed,0,M,0,Single,0,3,115,0,2,Personal Auto,0,Personal L1,0,3,Web,0,Medsize,1,1
FG23952,Oregon,17933.22,No,Extended,1,College,1,2/19/2011,Unemployed,0,M,0,Single,0,27,30,0,2,Personal Auto,0,Personal L1,0,1,Agent,2,Medsize,1,1
AP34711,Arizona,14016.21,No,Extended,1,Master,3,2/19/2011,Employed,1,F,44308,Married,1,47,54,0,4,Personal Auto,0,Personal L3,2,1,Branch,1,Large,2,0
QF66202,Nevada,3417.85,No,Basic,0,College,1,2/19/2011,Employed,1,M,43191,Divorced,2,19,5,1,1,Personal Auto,0,Personal L3,2,1,Branch,1,Medsize,1,0
JW24212,Oregon,4216.16,Yes,Basic,0,Bachelor,2,2/19/2011,Unemployed,0,M,0,Married,1,1,112,4,1,Personal Auto,0,Personal L3,2,1,Agent,2,Large,2,1
RE52529,California,18932.88,Yes,Premium,2,High School or Below,0,2/19/2011,Employed,1,F,110527,Married,1,14,74,0,2,Corporate Auto,1,Corporate L1,3,2,Web,0,Medsize,1,0
KU92052,California,5937.36,No,Basic,0,High School or Below,0,2/19/2011,Unemployed,0,F,0,Single,0,8,84,0,3,Personal Auto,0,Personal L2,1,1,Agent,2,Medsize,1,0
BQ99053,Oregon,10384.82,No,Premium,2,College,1,2/19/2011,Unemployed,0,M,0,Married,1,1,50,0,4,Personal Auto,0,Personal L1,0,4,Web,0,Medsize,1,0
NT76210,Nevada,4216.16,Yes,Basic,0,Bachelor,2,2/19/2011,Unemployed,0,M,0,Married,1,1,112,4,1,Personal Auto,0,Personal L3,2,1,Agent,2,Large,2,1
YA52900,Oregon,11211.33,No,Extended,1,College,1,2/19/2011,Unemployed,0,M,0,Married,1,30,19,2,9,Corporate Auto,1,Corporate L3,5,2,Agent,2,Small,0,0
MY80820,California,3354.41,No,Basic,0,Bachelor,2,2/19/2011,Employed,1,M,56716,Married,1,18,113,0,1,Corporate Auto,1,Corporate L3,5,1,Agent,2,Medsize,1,0
YF30946,California,3247.59,No,Basic,0,College,1,2/19/2011,Employed,1,M,85093,Married,1,7,107,0,1,Personal Auto,0,Personal L3,2,2,Agent,2,Medsize,1,0
VK98184,Arizona,6795.49,No,Extended,1,College,1,2/19/2011,Employed,1,F,103992,Married,1,23,23,0,1,Personal Auto,0,Personal L3,2,2,Call Center,3,Medsize,1,0
LQ31287,Oregon,9269.23,No,Basic,0,College,1,2/19/2011,Unemployed,0,F,0,Divorced,2,24,80,0,2,Personal Auto,0,Personal L3,2,1,Agent,2,Medsize,1,0
ZU25563,California,3590.6,Yes,Extended,1,College,1,2/19/2011,Unemployed,0,F,0,Divorced,2,5,5,3,1,Personal Auto,0,Personal L1,0,2,Agent,2,Medsize,1,0
TN36916,California,5440.13,No,Basic,0,Bachelor,2,2/19/2011,Employed,1,F,126388,Married,1,22,27,0,1,Personal Auto,0,Personal L2,1,3,Branch,1,Large,2,0
CQ81839,Oregon,28914.78,No,Extended,1,College,1,2/19/2011,Employed,1,F,29561,Single,0,26,90,0,2,Personal Auto,0,Personal L2,1,2,Web,0,Medsize,1,0
UC10048,Oregon,9401.47,No,Extended,1,College,1,2/19/2011,Unemployed,0,F,0,Married,1,26,55,1,9,Corporate Auto,1,Corporate L2,4,1,Web,0,Medsize,1,0
WF98532,California,4216.16,Yes,Basic,0,Bachelor,2,2/19/2011,Unemployed,0,M,0,Married,1,1,112,4,1,Personal Auto,0,Personal L2,1,1,Agent,2,Large,2,1
VN27419,Oregon,13612.71,Yes,Extended,1,High School or Below,0,2/19/2011,Retired,3,F,15968,Divorced,2,24,113,0,2,Personal Auto,0,Personal L2,1,1,Agent,2,Large,2,0
VM66678,Oregon,18932.88,Yes,Premium,2,High School or Below,0,2/19/2011,Employed,1,F,110527,Married,1,14,74,0,2,Personal Auto,0,Personal L2,1,2,Web,0,Medsize,1,0
AG47947,Washington,18932.88,Yes,Premium,2,High School or Below,0,2/19/2011,Employed,1,F,110527,Married,1,14,74,0,2,Personal Auto,0,Personal L3,2,2,Web,0,Medsize,1,0
NC98544,Nevada,33791.01,No,Extended,1,High School or Below,0,2/19/2011,Employed,1,M,35494,Married,1,1,109,2,2,Personal Auto,0,Personal L3,2,3,Agent,2,Medsize,1,0
BC53546,Oregon,7425.78,No,Basic,0,Bachelor,2,2/19/2011,Employed,1,M,47785,Divorced,2,43,16,0,3,Personal Auto,0,Personal L3,2,4,Call Center,3,Medsize,1,0
QO70290,California,13351.78,No,Extended,1,Bachelor,2,2/19/2011,Employed,1,M,70751,Married,1,18,16,0,9,Personal Auto,0,Personal L1,0,1,Agent,2,Medsize,1,0
OU24549,Nevada,11497.61,No,Basic,0,Bachelor,2,2/19/2011,Employed,1,M,50724,Married,1,4,28,3,3,Corporate Auto,1,Corporate L2,4,1,Call Center,3,Medsize,1,0
WA16954,Arizona,7565.85,No,Basic,0,Master,3,2/19/2011,Employed,1,M,27340,Married,1,0,86,0,3,Personal Auto,0,Personal L3,2,2,Call Center,3,Medsize,1,0
FI90697,Oregon,14185.13,No,Extended,1,Bachelor,2,2/19/2011,Employed,1,M,103341,Married,1,4,7,0,3,Personal Auto,0,Personal L3,2,2,Agent,2,Medsize,1,0
FY84962,California,4129.9,No,Extended,1,High School or Below,0,2/19/2011,Unemployed,0,M,0,Single,0,7,115,0,1,Personal Auto,0,Personal L2,1,1,Branch,1,Medsize,1,1
XI16714,Arizona,3447.94,No,Basic,0,High School or Below,0,2/19/2011,Unemployed,0,F,0,Single,0,43,19,0,1,Corporate Auto,1,Corporate L1,3,4,Web,0,Medsize,1,0
AR40217,Oregon,25756.78,No,Basic,0,High School or Below,0,2/19/2011,Employed,1,F,57718,Divorced,2,7,76,4,2,Personal Auto,0,Personal L3,2,3,Agent,2,Medsize,1,0
IQ24777,Nevada,10860.58,Yes,Basic,0,Bachelor,2,2/19/2011,Employed,1,M,96378,Married,1,39,53,0,2,Personal Auto,0,Personal L2,1,2,Agent,2,Medsize,1,0
TV75816,Oregon,3221.37,No,Basic,0,High School or Below,0,2/19/2011,Employed,1,M,95730,Single,0,27,18,3,1,Corporate Auto,1,Corporate L2,4,2,Agent,2,Medsize,1,0
RP33869,Washington,3479.64,No,Basic,0,Bachelor,2,2/19/2011,Employed,1,F,66780,Divorced,2,1,130,0,1,Personal Auto,0,Personal L3,2,1,Call Center,3,Small,0,0
BK76107,Oregon,18932.88,Yes,Premium,2,High School or Below,0,2/19/2011,Employed,1,F,110527,Married,1,14,74,0,2,Personal Auto,0,Personal L1,0,2,Web,0,Medsize,1,0
GU92938,Nevada,9373.8,No,Basic,0,Bachelor,2,2/19/2011,Disabled,4,F,34576,Married,1,16,70,0,2,Personal Auto,0,Personal L1,0,4,Call Center,3,Small,0,0
KD63933,California,9515.32,No,Basic,0,College,1,2/19/2011,Medical Leave,2,M,32441,Single,0,19,0,0,1,Personal Auto,0,Personal L1,0,1,Agent,2,Medsize,1,1
NT82538,Oregon,6070.92,No,Basic,0,Bachelor,2,2/19/2011,Unemployed,0,F,0,Single,0,19,61,0,3,Personal Auto,0,Personal L3,2,2,Branch,1,Medsize,1,0
YO14199,Oregon,3523.34,No,Basic,0,High School or Below,0,2/19/2011,Employed,1,M,41614,Single,0,20,28,0,1,Personal Auto,0,Personal L1,0,3,Web,0,Small,0,0
OU40102,Oregon,8779.59,Yes,Extended,1,High School or Below,0,2/19/2011,Disabled,4,F,29809,Married,1,1,12,0,6,Special Auto,2,Special L1,6,1,Agent,2,Small,0,0
LW64678,California,68871.69,No,Premium,2,Master,3,2/19/2011,Employed,1,F,33975,Married,1,4,103,0,2,Personal Auto,0,Personal L3,2,2,Agent,2,Small,0,0
MG66142,Oregon,12848.06,No,Extended,1,Bachelor,2,2/19/2011,Unemployed,0,F,0,Married,1,18,103,0,2,Personal Auto,0,Personal L3,2,3,Agent,2,Small,0,0
JG16015,Washington,6778.55,No,Extended,1,College,1,2/19/2011,Employed,1,F,83682,Married,1,32,5,0,1,Personal Auto,0,Personal L3,2,2,Branch,1,Medsize,1,0
UO59377,Arizona,13612.71,Yes,Extended,1,High School or Below,0,2/19/2011,Retired,3,F,15968,Divorced,2,24,113,0,2,Personal Auto,0,Personal L3,2,1,Agent,2,Large,2,0
OD89873,Arizona,10860.58,Yes,Basic,0,Bachelor,2,2/19/2011,Employed,1,M,96378,Married,1,39,53,0,2,Corporate Auto,1,Corporate L1,3,2,Agent,2,Medsize,1,0
ZT87452,Oregon,4455.82,No,Extended,1,Bachelor,2,2/19/2011,Employed,1,F,80449,Divorced,2,11,66,0,1,Personal Auto,0,Personal L1,0,2,Web,0,Small,0,0
QY83498,Oregon,3590.6,Yes,Extended,1,College,1,2/19/2011,Unemployed,0,F,0,Divorced,2,5,5,3,1,Personal Auto,0,Personal L3,2,2,Agent,2,Medsize,1,0
CQ80529,Oregon,5509.11,No,Basic,0,College,1,2/19/2011,Employed,1,F,77332,Single,0,12,115,1,1,Personal Auto,0,Personal L3,2,3,Web,0,Medsize,1,0
UI24036,Washington,20755.15,No,Extended,1,Bachelor,2,2/19/2011,Employed,1,F,57470,Married,1,7,70,0,2,Personal Auto,0,Personal L2,1,2,Agent,2,Large,2,0
TB88830,California,11629.83,No,Basic,0,Master,3,2/19/2011,Employed,1,F,86697,Married,1,4,116,0,7,Personal Auto,0,Personal L2,1,1,Branch,1,Medsize,1,0
XD72019,Oregon,11434.56,No,Extended,1,Bachelor,2,2/19/2011,Unemployed,0,F,0,Single,0,1,18,0,2,Personal Auto,0,Personal L2,1,2,Web,0,Large,2,0
ZG18090,California,9652.65,No,Extended,1,Master,3,2/19/2011,Employed,1,M,32567,Married,1,32,70,0,3,Corporate Auto,1,Corporate L1,3,3,Agent,2,Medsize,1,0
YW47108,California,15228.98,No,Extended,1,College,1,2/19/2011,Employed,1,M,61753,Married,1,20,109,0,2,Personal Auto,0,Personal L3,2,1,Agent,2,Medsize,1,0
HM94328,Arizona,8163.48,Yes,Extended,1,College,1,2/19/2011,Employed,1,M,27535,Married,1,20,81,1,4,Corporate Auto,1,Corporate L2,4,1,Branch,1,Medsize,1,0
DK20428,Oregon,3536.82,No,Basic,0,Bachelor,2,2/19/2011,Employed,1,M,35227,Married,1,22,113,0,1,Personal Auto,0,Personal L1,0,4,Branch,1,Medsize,1,0
EM78211,Oregon,3590.6,Yes,Extended,1,College,1,2/19/2011,Unemployed,0,F,0,Divorced,2,5,5,3,1,Special Auto,2,Special L3,8,2,Agent,2,Medsize,1,0
WP51328,Oregon,6405.71,No,Basic,0,Doctor,4,2/19/2011,Employed,1,M,27942,Single,0,28,97,5,5,Personal Auto,0,Personal L3,2,4,Branch,1,Medsize,1,0
TG67664,California,3590.6,Yes,Extended,1,College,1,2/19/2011,Unemployed,0,F,0,Divorced,2,5,5,3,1,Personal Auto,0,Personal L3,2,2,Agent,2,Medsize,1,0
YY63521,Arizona,8163.48,Yes,Extended,1,College,1,2/19/2011,Employed,1,M,27535,Married,1,20,81,1,4,Personal Auto,0,Personal L2,1,1,Branch,1,Medsize,1,0
FC48492,California,3883.65,No,Extended,1,Bachelor,2,2/19/2011,Unemployed,0,M,0,Single,0,5,39,0,1,Personal Auto,0,Personal L1,0,3,Branch,1,Medsize,1,1
TQ82322,California,3292.23,No,Basic,0,Bachelor,2,2/19/2011,Employed,1,F,109251,Single,0,34,11,0,1,Personal Auto,0,Personal L2,1,2,Branch,1,Medsize,1,0
EQ90867,Oregon,7332.14,No,Basic,0,College,1,2/19/2011,Employed,1,M,77119,Divorced,2,18,134,0,3,Corporate Auto,1,Corporate L1,3,1,Agent,2,Small,0,0
AI14767,California,54929.52,No,Basic,0,High School or Below,0,2/19/2011,Employed,1,F,50564,Married,1,18,77,0,2,Personal Auto,0,Personal L3,2,4,Call Center,3,Small,0,0
IS63817,California,8163.48,Yes,Extended,1,College,1,2/19/2011,Employed,1,M,27535,Married,1,20,81,1,4,Corporate Auto,1,Corporate L2,4,1,Branch,1,Medsize,1,0
QR26617,California,6568.9,No,Basic,0,Bachelor,2,2/19/2011,Employed,1,M,29022,Married,1,31,97,0,9,Corporate Auto,1,Corporate L1,3,2,Agent,2,Medsize,1,0
YS74016,California,4216.16,Yes,Basic,0,Bachelor,2,2/19/2011,Unemployed,0,M,0,Married,1,1,112,4,1,Personal Auto,0,Personal L2,1,1,Agent,2,Large,2,1
EF41225,California,19747.7,No,Extended,1,College,1,2/19/2011,Employed,1,F,54960,Married,1,16,51,0,2,Personal Auto,0,Personal L3,2,3,Web,0,Medsize,1,0
KS36311,California,3646.4,No,Basic,0,College,1,2/19/2011,Employed,1,F,52840,Married,1,30,9,0,1,Personal Auto,0,Personal L1,0,2,Branch,1,Small,0,0
MT39460,California,3337.51,No,Basic,0,Master,3,2/19/2011,Employed,1,M,103195,Single,0,30,82,0,1,Personal Auto,0,Personal L2,1,2,Branch,1,Medsize,1,0
WZ96432,California,12352.69,No,Basic,0,Master,3,2/19/2011,Employed,1,F,43700,Married,1,3,104,0,4,Corporate Auto,1,Corporate L3,5,1,Branch,1,Medsize,1,0
PV48046,California,7111.48,No,Extended,1,Master,3,2/19/2011,Employed,1,M,53625,Divorced,2,12,84,0,1,Personal Auto,0,Personal L3,2,1,Call Center,3,Large,2,0
RN61682,California,2854.9,No,Basic,0,Bachelor,2,2/19/2011,Unemployed,0,F,0,Single,0,41,93,5,1,Personal Auto,0,Personal L2,1,3,Web,0,Medsize,1,0
GE62437,Arizona,17418.46,No,Premium,2,College,1,2/2/2024,Employed,1,F,116888,Single,0,45,73,2,2,Personal Auto,0,Personal L3,2,1,Call Center,3,Large,2,0
DE21533,California,7388.77,No,Basic,0,Bachelor,2,2/2/2024,Employed,1,M,126725,Divorced,2,1,130,0,8,Personal Auto,0,Personal L2,1,1,Call Center,3,Medsize,1,0
IA63417,Arizona,5402.05,No,Premium,2,High School or Below,0,2/2/2024,Retired,3,F,26706,Divorced,2,18,89,0,1,Personal Auto,0,Personal L3,2,3,Web,0,Medsize,1,1
GU66096,Arizona,7367.41,No,Basic,0,High School or Below,0,2/2/2024,Employed,1,M,127887,Married,1,31,88,0,4,Personal Auto,0,Personal L2,1,2,Agent,2,Medsize,1,0
NB79936,Washington,11268.43,No,Premium,2,Bachelor,2,2/2/2024,Employed,1,M,65150,Single,0,19,107,0,3,Personal Auto,0,Personal L2,1,1,Branch,1,Medsize,1,0
YR34119,Washington,42068.36,No,Basic,0,College,1,2/2/2024,Employed,1,F,41737,Married,1,9,88,0,2,Personal Auto,0,Personal L1,0,1,Agent,2,Small,0,0
YM18992,California,3826.77,No,Basic,0,College,1,2/2/2024,Employed,1,F,33083,Divorced,2,9,63,0,1,Personal Auto,0,Personal L1,0,1,Agent,2,Medsize,1,0
JA34909,California,3674.98,Yes,Basic,0,College,1,2/2/2024,Medical Leave,2,F,23728,Married,1,39,95,0,1,Corporate Auto,1,Corporate L3,5,2,Call Center,3,Medsize,1,0
LL45497,Washington,3358.44,No,Basic,0,College,1,2/2/2024,Employed,1,F,90831,Married,1,39,36,0,1,Personal Auto,0,Personal L2,1,2,Web,0,Medsize,1,0
CU26127,California,21135.65,No,Extended,1,Bachelor,2,2/2/2024,Employed,1,F,96837,Single,0,16,68,0,2,Corporate Auto,1,Corporate L2,4,1,Branch,1,Medsize,1,0
JQ56711,Oregon,7996.21,No,Basic,0,Master,3,2/2/2024,Employed,1,F,124420,Married,1,4,107,0,6,Personal Auto,0,Personal L3,2,3,Web,0,Medsize,1,0
QV59143,Washington,11119.84,No,Premium,2,High School or Below,0,2/2/2024,Unemployed,0,F,0,Married,1,15,20,0,6,Special Auto,2,Special L2,7,1,Web,0,Large,2,0
EJ19449,California,3674.98,Yes,Basic,0,College,1,2/2/2024,Medical Leave,2,F,23728,Married,1,39,95,0,1,Special Auto,2,Special L2,7,2,Call Center,3,Medsize,1,0
GO77248,Oregon,6752.06,No,Basic,0,College,1,2/2/2024,Unemployed,0,F,0,Single,0,4,76,0,3,Personal Auto,0,Personal L3,2,1,Agent,2,Small,0,0
OU79745,California,10286.3,No,Premium,2,College,1,2/2/2024,Unemployed,0,M,0,Divorced,2,7,57,0,5,Personal Auto,0,Personal L3,2,1,Agent,2,Medsize,1,0
MB51200,Washington,25743.82,No,Premium,2,College,1,2/2/2024,Unemployed,0,M,0,Single,0,39,97,2,2,Personal Auto,0,Personal L3,2,1,Branch,1,Medsize,1,0
TV25678,Washington,4780.22,No,Basic,0,College,1,2/2/2024,Unemployed,0,M,0,Single,0,32,15,0,1,Personal Auto,0,Personal L3,2,4,Web,0,Medsize,1,0
JH62891,Oregon,6991.25,No,Basic,0,College,1,2/2/2024,Employed,1,F,90373,Married,1,45,14,1,7,Special Auto,2,Special L2,7,3,Call Center,3,Medsize,1,0
CU36986,California,5622.97,No,Premium,2,High School or Below,0,2/2/2024,Employed,1,F,75461,Married,1,45,7,0,1,Personal Auto,0,Personal L1,0,1,Branch,1,Medsize,1,0
OT52034,California,5217.45,No,Extended,1,Bachelor,2,2/2/2024,Employed,1,M,32675,Married,1,34,55,1,1,Personal Auto,0,Personal L3,2,2,Branch,1,Medsize,1,0
WL99637,Arizona,10279.09,No,Extended,1,Bachelor,2,2/2/2024,Employed,1,M,36846,Married,1,27,74,0,6,Personal Auto,0,Personal L3,2,2,Web,0,Medsize,1,0
PP80817,California,11236.77,No,Basic,0,High School or Below,0,2/2/2024,Employed,1,F,80846,Married,1,41,1,0,4,Personal Auto,0,Personal L2,1,1,Agent,2,Medsize,1,0
GW14109,California,51970.88,No,Extended,1,High School or Below,0,2/2/2024,Employed,1,F,65352,Single,0,18,81,0,2,Special Auto,2,Special L3,8,1,Agent,2,Medsize,1,0
YF80144,Washington,27979.26,No,Premium,2,Bachelor,2,2/2/2024,Disabled,4,M,20964,Married,1,1,86,0,9,Personal Auto,0,Personal L3,2,3,Branch,1,Small,0,1
WT71621,Washington,4428.62,No,Extended,1,Bachelor,2,2/2/2024,Employed,1,F,85451,Married,1,1,45,0,1,Personal Auto,0,Personal L3,2,2,Web,0,Medsize,1,0
HB99061,Arizona,7225.45,No,Extended,1,High School or Below,0,2/2/2024,Employed,1,F,131952,Married,1,8,70,0,1,Corporate Auto,1,Corporate L3,5,4,Branch,1,Medsize,1,0
BU53191,Arizona,11926.34,No,Basic,0,Bachelor,2,2/2/2024,Employed,1,F,46080,Divorced,2,0,97,0,7,Personal Auto,0,Personal L1,0,1,Call Center,3,Small,0,0
SG73822,California,11804.2,No,Premium,2,Bachelor,2,2/2/2024,Employed,1,F,134348,Divorced,2,3,126,0,3,Personal Auto,0,Personal L2,1,2,Agent,2,Medsize,1,0
IH48064,Washington,12258.38,No,Basic,0,High School or Below,0,2/2/2024,Employed,1,M,91899,Married,1,22,85,0,8,Personal Auto,0,Personal L3,2,3,Agent,2,Medsize,1,0
ZG19911,California,3445.51,No,Basic,0,Bachelor,2,2/2/2024,Employed,1,F,47451,Married,1,35,45,0,1,Personal Auto,0,Personal L2,1,4,Web,0,Medsize,1,0
UI53874,Arizona,9848.04,No,Basic,0,Doctor,4,2/2/2024,Unemployed,0,F,0,Divorced,2,18,123,0,2,Personal Auto,0,Personal L3,2,1,Agent,2,Medsize,1,0
XK11432,Arizona,6297.92,No,Basic,0,Bachelor,2,2/2/2024,Unemployed,0,M,0,Married,1,35,84,0,3,Personal Auto,0,Personal L2,1,1,Branch,1,Small,0,0
MC38650,Nevada,5350.58,No,Extended,1,High School or Below,0,2/2/2024,Employed,1,M,119746,Married,1,9,5,0,1,Personal Auto,0,Personal L3,2,2,Call Center,3,Medsize,1,0
UP60200,California,35878.03,No,Premium,2,Bachelor,2,2/2/2024,Employed,1,M,117453,Married,1,36,41,0,2,Personal Auto,0,Personal L2,1,1,Call Center,3,Medsize,1,0
HB43486,Washington,13090.34,No,Extended,1,College,1,2/2/2024,Employed,1,F,117221,Single,0,24,7,0,3,Personal Auto,0,Personal L2,1,1,Agent,2,Medsize,1,0
VG74039,Oregon,3225.08,No,Basic,0,Bachelor,2,2/2/2024,Unemployed,0,F,0,Married,1,11,7,0,1,Personal Auto,0,Personal L2,1,1,Agent,2,Small,0,0
JM93892,Arizona,8036.84,No,Basic,0,College,1,2/2/2024,Employed,1,M,82358,Married,1,8,134,0,9,Corporate Auto,1,Corporate L3,5,2,Branch,1,Medsize,1,0
IM41800,Nevada,11162.17,No,Basic,0,College,1,2/2/2024,Employed,1,M,128816,Married,1,8,82,3,2,Personal Auto,0,Personal L3,2,3,Web,0,Medsize,1,0
QW40898,Arizona,3674.98,Yes,Basic,0,College,1,2/2/2024,Medical Leave,2,F,23728,Married,1,39,95,0,1,Personal Auto,0,Personal L1,0,2,Call Center,3,Medsize,1,0
GD86131,California,3674.98,Yes,Basic,0,College,1,2/2/2024,Medical Leave,2,F,23728,Married,1,39,95,0,1,Corporate Auto,1,Corporate L2,4,2,Call Center,3,Medsize,1,0
FT65961,California,6698.98,No,Basic,0,College,1,2/2/2024,Employed,1,F,31455,Married,1,4,47,1,4,Corporate Auto,1,Corporate L3,5,3,Branch,1,Small,0,0
TF77410,Arizona,6505.9,No,Basic,0,College,1,2/2/2024,Employed,1,M,100886,Single,0,24,113,0,6,Personal Auto,0,Personal L3,2,2,Branch,1,Small,0,0
MT41386,Washington,3881.83,No,Basic,0,Bachelor,2,2/2/2024,Employed,1,M,114437,Married,1,8,42,0,1,Personal Auto,0,Personal L3,2,4,Agent,2,Medsize,1,0
SG96896,Oregon,19849.23,No,Basic,0,High School or Below,0,2/2/2024,Unemployed,0,M,0,Single,0,22,41,1,2,Personal Auto,0,Personal L3,2,1,Call Center,3,Small,0,1
NX18821,Oregon,7512.39,No,Basic,0,Master,3,2/2/2024,Employed,1,M,67275,Married,1,7,100,0,7,Personal Auto,0,Personal L3,2,3,Agent,2,Small,0,0
KZ95954,Arizona,7257.14,No,Extended,1,High School or Below,0,2/2/2024,Unemployed,0,M,0,Single,0,18,77,1,4,Personal Auto,0,Personal L2,1,3,Branch,1,Medsize,1,1
GN64199,Oregon,3580.59,No,Basic,0,Doctor,4,2/2/2024,Unemployed,0,F,0,Single,0,3,47,0,1,Personal Auto,0,Personal L2,1,1,Branch,1,Medsize,1,0
SB44315,Arizona,4065.32,No,Extended,1,College,1,2/2/2024,Employed,1,M,52664,Married,1,36,134,2,1,Personal Auto,0,Personal L3,2,1,Agent,2,Medsize,1,0
RI52095,Washington,10274.23,No,Basic,0,High School or Below,0,2/2/2024,Employed,1,M,70035,Single,0,14,22,1,2,Personal Auto,0,Personal L3,2,2,Branch,1,Medsize,1,0
TJ90326,California,18265.54,No,Extended,1,Doctor,4,2/2/2024,Employed,1,F,101300,Married,1,7,36,2,2,Personal Auto,0,Personal L3,2,2,Call Center,3,Small,0,0
BN14307,Oregon,6335.09,No,Basic,0,College,1,2/2/2024,Unemployed,0,M,0,Single,0,32,31,0,8,Personal Auto,0,Personal L2,1,2,Call Center,3,Medsize,1,0
CW27031,Washington,18158.79,No,Extended,1,High School or Below,0,2/2/2024,Unemployed,0,F,0,Single,0,9,108,0,2,Corporate Auto,1,Corporate L2,4,1,Agent,2,Medsize,1,1
MY98825,California,10876.81,No,Basic,0,Bachelor,2,2/2/2024,Employed,1,F,86810,Divorced,2,47,95,0,2,Corporate Auto,1,Corporate L2,4,3,Web,0,Medsize,1,0
AA10041,California,10667.35,No,Basic,0,High School or Below,0,2/2/2024,Unemployed,0,M,0,Single,0,47,112,0,5,Personal Auto,0,Personal L3,2,1,Call Center,3,Medsize,1,1
NN76284,California,3263.98,No,Basic,0,College,1,2/2/2024,Unemployed,0,F,0,Married,1,22,122,0,1,Corporate Auto,1,Corporate L2,4,1,Branch,1,Medsize,1,0
CG33085,Oregon,18032.55,No,Extended,1,Doctor,4,2/2/2024,Unemployed,0,M,0,Divorced,2,18,1,0,2,Personal Auto,0,Personal L3,2,3,Agent,2,Medsize,1,0
QL18084,Nevada,24980.78,No,Extended,1,Master,3,2/2/2024,Employed,1,M,123212,Married,1,43,84,0,5,Corporate Auto,1,Corporate L2,4,2,Agent,2,Small,0,0
HW97280,California,26302.37,No,Extended,1,High School or Below,0,2/2/2024,Employed,1,M,100305,Married,1,31,51,0,2,Personal Auto,0,Personal L3,2,2,Web,0,Medsize,1,0
AP90638,Arizona,19270.65,No,Extended,1,High School or Below,0,2/2/2024,Unemployed,0,M,0,Single,0,47,57,0,2,Personal Auto,0,Personal L1,0,4,Call Center,3,Medsize,1,0
YV73432,Oregon,31302.65,No,Basic,0,College,1,2/2/2024,Employed,1,M,78929,Married,1,9,107,1,2,Personal Auto,0,Personal L3,2,4,Branch,1,Medsize,1,0
HU99414,Oregon,19232.3,No,Extended,1,High School or Below,0,2/2/2024,Unemployed,0,M,0,Single,0,18,92,0,6,Personal Auto,0,Personal L3,2,2,Agent,2,Small,0,1
ZQ96022,Oregon,12952.95,No,Extended,1,College,1,2/2/2024,Employed,1,F,42418,Married,1,7,128,0,2,Personal Auto,0,Personal L3,2,3,Web,0,Medsize,1,0
SM42728,California,21498.83,No,Extended,1,College,1,2/2/2024,Employed,1,M,46514,Married,1,11,93,0,2,Personal Auto,0,Personal L2,1,2,Call Center,3,Medsize,1,0
JO63956,California,11686.14,No,Basic,0,College,1,2/2/2024,Employed,1,M,112543,Married,1,36,9,1,4,Personal Auto,0,Personal L1,0,2,Branch,1,Medsize,1,0
NT75612,Oregon,26107.01,No,Basic,0,College,1,2/2/2024,Employed,1,F,30758,Married,1,15,92,0,2,Personal Auto,0,Personal L2,1,2,Agent,2,Medsize,1,0
JF73533,Nevada,13480.24,No,Extended,1,College,1,2/2/2024,Employed,1,M,48962,Single,0,3,30,1,2,Personal Auto,0,Personal L3,2,2,Agent,2,Small,0,0
VA35421,Nevada,6996.97,No,Basic,0,Master,3,2/2/2024,Employed,1,F,112761,Married,1,26,36,1,3,Personal Auto,0,Personal L1,0,2,Branch,1,Large,2,0
DO83789,Arizona,7028.14,No,Basic,0,College,1,2/2/2024,Employed,1,F,96742,Married,1,9,124,0,4,Personal Auto,0,Personal L3,2,4,Branch,1,Small,0,0
UH76090,California,11904.37,No,Extended,1,Bachelor,2,2/2/2024,Unemployed,0,F,0,Single,0,42,101,4,3,Personal Auto,0,Personal L1,0,1,Call Center,3,Medsize,1,1
KJ48497,Oregon,10147.66,No,Basic,0,High School or Below,0,2/2/2024,Unemployed,0,F,0,Single,0,9,53,0,6,Personal Auto,0,Personal L2,1,1,Agent,2,Medsize,1,1
TS31001,Oregon,35429.21,No,Basic,0,Bachelor,2,2/2/2024,Employed,1,M,75202,Divorced,2,11,78,0,2,Personal Auto,0,Personal L3,2,2,Branch,1,Medsize,1,0
MU97512,Oregon,9988.48,No,Basic,0,Bachelor,2,2/2/2024,Employed,1,M,36967,Married,1,45,34,0,1,Corporate Auto,1,Corporate L2,4,4,Branch,1,Medsize,1,1
XT55646,Arizona,5978.64,No,Basic,0,Bachelor,2,2/2/2024,Medical Leave,2,M,24655,Married,1,1,24,0,1,Personal Auto,0,Personal L2,1,1,Branch,1,Medsize,1,1
JW44963,Arizona,7354.58,No,Basic,0,College,1,2/2/2024,Employed,1,F,74902,Single,0,35,62,0,3,Personal Auto,0,Personal L1,0,4,Web,0,Medsize,1,0
GI14815,Washington,21275.49,No,Basic,0,College,1,2/2/2024,Employed,1,M,75330,Married,1,16,123,0,2,Personal Auto,0,Personal L3,2,4,Agent,2,Medsize,1,0
EK87467,Arizona,3674.98,Yes,Basic,0,College,1,2/2/2024,Medical Leave,2,F,23728,Married,1,39,95,0,1,Personal Auto,0,Personal L3,2,2,Call Center,3,Medsize,1,0
EY19523,Washington,3150.37,No,Basic,0,Bachelor,2,2/2/2024,Disabled,4,M,34792,Divorced,2,18,70,0,1,Personal Auto,0,Personal L2,1,1,Call Center,3,Large,2,0
JG74360,Arizona,6154.61,No,Basic,0,College,1,2/2/2024,Employed,1,M,50907,Married,1,26,53,0,1,Corporate Auto,1,Corporate L2,4,2,Call Center,3,Medsize,1,0
CX58204,Nevada,10907.77,No,Basic,0,High School or Below,0,2/2/2024,Disabled,4,F,17618,Married,1,1,104,0,6,Personal Auto,0,Personal L1,0,1,Agent,2,Medsize,1,0
FK17363,Washington,6957.97,No,Extended,1,High School or Below,0,2/2/2024,Employed,1,F,75121,Divorced,2,31,45,0,1,Personal Auto,0,Personal L1,0,1,Call Center,3,Medsize,1,0
RH96816,Arizona,3965.17,No,Extended,1,Bachelor,2,2/2/2024,Unemployed,0,F,0,Divorced,2,22,93,0,1,Personal Auto,0,Personal L2,1,1,Call Center,3,Medsize,1,0
YD71702,Oregon,4262.69,No,Extended,1,Bachelor,2,2/2/2024,Employed,1,M,62984,Single,0,36,27,0,1,Personal Auto,0,Personal L2,1,1,Agent,2,Medsize,1,0
YQ42353,Oregon,7201.15,No,Basic,0,Doctor,4,2/2/2024,Employed,1,M,98496,Single,0,15,23,1,5,Personal Auto,0,Personal L2,1,1,Branch,1,Medsize,1,0
CP67787,California,21514.38,No,Extended,1,Bachelor,2,2/2/2024,Unemployed,0,F,0,Divorced,2,9,113,0,2,Personal Auto,0,Personal L1,0,2,Agent,2,Medsize,1,0
VI55112,Oregon,18988.16,No,Basic,0,College,1,2/2/2024,Employed,1,M,34121,Single,0,7,108,0,2,Corporate Auto,1,Corporate L1,3,3,Agent,2,Medsize,1,0
TP12436,Oregon,7194.32,No,Basic,0,Master,3,2/2/2024,Unemployed,0,F,0,Divorced,2,24,53,0,4,Personal Auto,0,Personal L2,1,2,Agent,2,Large,2,0
WU76366,Arizona,6728.26,No,Basic,0,Bachelor,2,2/2/2024,Employed,1,M,38780,Divorced,2,18,119,0,3,Personal Auto,0,Personal L1,0,1,Agent,2,Small,0,0
JM35350,California,7431.98,No,Basic,0,College,1,2/2/2024,Retired,3,F,21125,Married,1,39,92,1,5,Special Auto,2,Special L3,8,2,Agent,2,Medsize,1,0
XX73066,Arizona,7102.49,No,Basic,0,Master,3,2/2/2024,Employed,1,M,58479,Married,1,47,38,0,5,Personal Auto,0,Personal L2,1,2,Branch,1,Medsize,1,0
OH69760,Arizona,6994.42,No,Basic,0,College,1,2/2/2024,Unemployed,0,F,0,Married,1,5,86,0,7,Personal Auto,0,Personal L1,0,1,Branch,1,Large,2,0
MR52230,Oregon,14349.61,No,Extended,1,Doctor,4,2/2/2024,Employed,1,M,76407,Married,1,39,39,0,2,Personal Auto,0,Personal L2,1,4,Web,0,Medsize,1,0
DY81347,California,6365.88,No,Extended,1,High School or Below,0,2/2/2024,Unemployed,0,F,0,Married,1,18,123,0,1,Personal Auto,0,Personal L3,2,2,Web,0,Medsize,1,0
LJ88616,Arizona,13322.6,No,Extended,1,High School or Below,0,2/2/2024,Unemployed,0,M,0,Single,0,34,31,0,2,Personal Auto,0,Personal L1,0,2,Agent,2,Medsize,1,0
JL70559,Arizona,7169.66,No,Basic,0,College,1,2/2/2024,Unemployed,0,F,0,Married,1,23,15,1,3,Personal Auto,0,Personal L1,0,1,Branch,1,Small,0,0
YK83904,Nevada,3490.51,No,Basic,0,High School or Below,0,2/2/2024,Employed,1,F,87199,Married,1,16,77,0,1,Personal Auto,0,Personal L2,1,2,Branch,1,Medsize,1,0
CN53343,Arizona,3845.56,No,Extended,1,Bachelor,2,2/2/2024,Unemployed,0,F,0,Single,0,35,78,0,1,Personal Auto,0,Personal L3,2,1,Branch,1,Medsize,1,0
EK58626,Oregon,4808.15,No,Basic,0,Bachelor,2,2/2/2024,Unemployed,0,M,0,Single,0,4,41,0,1,Personal Auto,0,Personal L3,2,4,Web,0,Medsize,1,0
KN32615,Arizona,5823.01,No,Extended,1,College,1,2/2/2024,Unemployed,0,F,0,Single,0,3,130,2,1,Personal Auto,0,Personal L2,1,1,Branch,1,Large,2,0
ME35315,Washington,10471.02,No,Basic,0,College,1,2/2/2024,Unemployed,0,M,0,Single,0,32,85,0,2,Corporate Auto,1,Corporate L1,3,1,Agent,2,Small,0,0
DM42912,California,6723.25,No,Extended,1,College,1,2/2/2024,Disabled,4,F,28532,Married,1,19,80,0,1,Personal Auto,0,Personal L2,1,3,Call Center,3,Medsize,1,0
UY81122,Oregon,5626.79,No,Basic,0,College,1,2/2/2024,Unemployed,0,F,0,Single,0,30,132,3,8,Personal Auto,0,Personal L3,2,1,Agent,2,Medsize,1,0
SU31072,Washington,6508.56,No,Basic,0,Bachelor,2,2/2/2024,Employed,1,M,115771,Divorced,2,24,100,0,3,Personal Auto,0,Personal L3,2,4,Branch,1,Medsize,1,0
XE17270,California,4752.94,No,Extended,1,High School or Below,0,2/2/2024,Employed,1,M,42806,Single,0,4,58,1,1,Personal Auto,0,Personal L1,0,1,Agent,2,Medsize,1,0
FL59259,Nevada,8528.45,No,Extended,1,High School or Below,0,2/2/2024,Medical Leave,2,F,18619,Divorced,2,3,4,2,3,Personal Auto,0,Personal L3,2,1,Web,0,Medsize,1,0
IO57824,Arizona,3987.63,No,Extended,1,Bachelor,2,2/2/2024,Unemployed,0,M,0,Married,1,34,8,2,1,Personal Auto,0,Personal L2,1,2,Web,0,Medsize,1,0
KE91683,California,11157.41,No,Basic,0,High School or Below,0,2/2/2024,Employed,1,F,56761,Married,1,9,16,0,3,Personal Auto,0,Personal L2,1,1,Agent,2,Medsize,1,0
OI39301,California,12023.78,No,Basic,0,High School or Below,0,2/2/2024,Unemployed,0,F,0,Single,0,38,45,0,3,Personal Auto,0,Personal L2,1,2,Agent,2,Medsize,1,0
KA67497,California,8620.58,No,Basic,0,High School or Below,0,2/2/2024,Unemployed,0,F,0,Single,0,22,47,1,2,Personal Auto,0,Personal L3,2,1,Agent,2,Medsize,1,0
PA20570,California,8876.86,No,Extended,1,Bachelor,2,2/2/2024,Employed,1,M,113597,Married,1,0,107,0,7,Personal Auto,0,Personal L1,0,4,Agent,2,Medsize,1,0
GM54723,California,12233.21,No,Basic,0,Bachelor,2,2/2/2024,Unemployed,0,M,0,Single,0,26,117,0,2,Corporate Auto,1,Corporate L2,4,1,Branch,1,Small,0,0
TV35668,California,3674.98,Yes,Basic,0,College,1,2/2/2024,Medical Leave,2,F,23728,Married,1,39,95,0,1,Personal Auto,0,Personal L3,2,2,Call Center,3,Medsize,1,0
ZR81759,California,3808,No,Basic,0,Master,3,2/2/2024,Employed,1,M,48404,Married,1,18,69,0,1,Personal Auto,0,Personal L3,2,3,Web,0,Medsize,1,0
LK49091,California,4937.74,No,Extended,1,Bachelor,2,2/2/2024,Employed,1,F,84578,Married,1,0,57,0,1,Personal Auto,0,Personal L2,1,2,Branch,1,Large,2,0
KA69047,California,4657.6,No,Extended,1,Bachelor,2,2/2/2024,Employed,1,M,91911,Single,0,32,72,0,1,Personal Auto,0,Personal L3,2,2,Web,0,Medsize,1,0
GQ42004,California,15164.53,No,Basic,0,College,1,2/2/2024,Unemployed,0,M,0,Married,1,16,92,0,2,Personal Auto,0,Personal L3,2,2,Call Center,3,Small,0,0
CK14803,California,5839.41,No,Basic,0,College,1,2/2/2024,Employed,1,M,127227,Divorced,2,20,95,0,1,Personal Auto,0,Personal L2,1,2,Branch,1,Large,2,0
XN28388,California,5576.02,No,Basic,0,College,1,2/2/2024,Unemployed,0,F,0,Single,0,41,39,2,3,Corporate Auto,1,Corporate L3,5,1,Agent,2,Small,0,0
AF36894,California,5930.53,No,Basic,0,Bachelor,2,2/2/2024,Employed,1,M,45414,Married,1,27,27,0,1,Corporate Auto,1,Corporate L3,5,4,Agent,2,Medsize,1,0
KN20603,Oregon,10413.22,No,Basic,0,Bachelor,2,2/20/2011,Employed,1,M,61433,Single,0,22,43,2,2,Personal Auto,0,Personal L3,2,1,Agent,2,Medsize,1,0
YV22553,Arizona,11702.63,No,Basic,0,High School or Below,0,2/20/2011,Employed,1,M,28990,Married,1,18,97,2,9,Corporate Auto,1,Corporate L3,5,1,Agent,2,Small,0,0
EW38459,Nevada,3465.65,No,Basic,0,Bachelor,2,2/20/2011,Employed,1,F,55166,Married,1,3,101,0,1,Corporate Auto,1,Corporate L1,3,2,Web,0,Medsize,1,0
UV54502,Washington,3425.96,No,Basic,0,High School or Below,0,2/20/2011,Unemployed,0,F,0,Married,1,12,120,0,1,Personal Auto,0,Personal L3,2,4,Branch,1,Large,2,0
JK55587,California,6852.14,No,Basic,0,High School or Below,0,2/20/2011,Medical Leave,2,M,31161,Married,1,24,122,0,7,Special Auto,2,Special L3,8,1,Branch,1,Large,2,0
MZ82036,Nevada,6600.49,No,Basic,0,College,1,2/20/2011,Employed,1,M,57424,Divorced,2,41,77,0,6,Personal Auto,0,Personal L1,0,2,Branch,1,Medsize,1,0
XW96958,Nevada,10224.02,No,Premium,2,High School or Below,0,2/20/2011,Unemployed,0,M,0,Single,0,8,50,0,6,Corporate Auto,1,Corporate L3,5,1,Agent,2,Large,2,1
IJ50779,Washington,16603.23,Yes,Basic,0,High School or Below,0,2/20/2011,Medical Leave,2,M,23086,Single,0,1,119,0,2,Personal Auto,0,Personal L3,2,1,Call Center,3,Medsize,1,0
YC11951,Oregon,10150.83,Yes,Extended,1,High School or Below,0,2/20/2011,Employed,1,M,130013,Divorced,2,16,23,1,6,Corporate Auto,1,Corporate L2,4,1,Agent,2,Medsize,1,0
YG20683,Washington,3861.15,No,Basic,0,College,1,2/20/2011,Employed,1,M,69065,Married,1,5,82,0,1,Personal Auto,0,Personal L2,1,2,Branch,1,Medsize,1,0
OX36896,California,14223.71,No,Extended,1,High School or Below,0,2/20/2011,Employed,1,M,125527,Married,1,12,104,1,2,Corporate Auto,1,Corporate L3,5,1,Agent,2,Medsize,1,0
ZS88847,Oregon,3223.27,No,Basic,0,Bachelor,2,2/20/2011,Disabled,4,F,37249,Married,1,8,39,0,1,Personal Auto,0,Personal L3,2,1,Branch,1,Large,2,0
XW98867,Oregon,16603.23,Yes,Basic,0,High School or Below,0,2/20/2011,Medical Leave,2,M,23086,Single,0,1,119,0,2,Personal Auto,0,Personal L2,1,1,Call Center,3,Medsize,1,0
GF94951,Arizona,9553.48,No,Basic,0,Bachelor,2,2/20/2011,Unemployed,0,M,0,Single,0,11,12,0,2,Corporate Auto,1,Corporate L2,4,1,Branch,1,Large,2,0
JE71423,Washington,4497.45,No,Extended,1,College,1,2/20/2011,Employed,1,M,99488,Married,1,38,113,0,1,Personal Auto,0,Personal L3,2,3,Call Center,3,Medsize,1,0
NN68193,Washington,7277.96,No,Extended,1,College,1,2/20/2011,Employed,1,M,28944,Married,1,9,26,0,1,Personal Auto,0,Personal L3,2,3,Agent,2,Medsize,1,1
ZR77995,California,5174.41,No,Extended,1,College,1,2/20/2011,Employed,1,M,131934,Married,1,24,28,0,1,Personal Auto,0,Personal L3,2,2,Web,0,Medsize,1,0
XE66367,Oregon,10150.83,Yes,Extended,1,High School or Below,0,2/20/2011,Employed,1,M,130013,Divorced,2,16,23,1,6,Special Auto,2,Special L2,7,1,Agent,2,Medsize,1,0
YX90754,Nevada,11528.77,No,Basic,0,High School or Below,0,2/20/2011,Employed,1,F,74895,Married,1,9,1,0,2,Personal Auto,0,Personal L2,1,2,Branch,1,Medsize,1,0
WB58031,California,7130.48,No,Basic,0,High School or Below,0,2/20/2011,Employed,1,M,53538,Married,1,43,72,0,7,Corporate Auto,1,Corporate L3,5,1,Branch,1,Medsize,1,0
LM34525,Washington,11801.78,No,Basic,0,College,1,2/20/2011,Employed,1,F,96649,Divorced,2,20,24,0,2,Personal Auto,0,Personal L3,2,3,Branch,1,Medsize,1,0
RB28630,Oregon,7958.12,No,Basic,0,High School or Below,0,2/20/2011,Employed,1,F,53164,Married,1,8,74,1,7,Personal Auto,0,Personal L3,2,2,Branch,1,Small,0,0
AZ34845,California,6477.63,No,Basic,0,Bachelor,2,2/20/2011,Employed,1,F,105092,Married,1,11,61,0,1,Personal Auto,0,Personal L3,2,1,Agent,2,Medsize,1,0
KX23516,California,6015.39,No,Extended,1,High School or Below,0,2/20/2011,Unemployed,0,F,0,Married,1,22,86,0,1,Personal Auto,0,Personal L3,2,4,Agent,2,Medsize,1,0
DF62718,California,9847.44,No,Extended,1,High School or Below,0,2/20/2011,Employed,1,F,112709,Married,1,19,27,0,3,Personal Auto,0,Personal L2,1,4,Agent,2,Large,2,0
FN98595,Nevada,10147.72,No,Extended,1,High School or Below,0,2/20/2011,Employed,1,F,42494,Married,1,30,104,0,3,Special Auto,2,Special L2,7,2,Branch,1,Medsize,1,0
IG80173,California,3865.47,No,Basic,0,Master,3,2/20/2011,Employed,1,F,49553,Married,1,5,61,0,1,Personal Auto,0,Personal L2,1,4,Agent,2,Small,0,0
YU86361,Washington,25867.34,Yes,Extended,1,Master,3,2/20/2011,Employed,1,F,30652,Divorced,2,26,80,0,7,Personal Auto,0,Personal L1,0,2,Agent,2,Medsize,1,1
MC11907,California,6522.42,No,Basic,0,High School or Below,0,2/20/2011,Medical Leave,2,F,31358,Married,1,5,0,1,6,Corporate Auto,1,Corporate L3,5,1,Agent,2,Medsize,1,0
HQ70429,Washington,21660.9,No,Basic,0,College,1,2/20/2011,Unemployed,0,F,0,Single,0,14,14,0,2,Personal Auto,0,Personal L3,2,2,Agent,2,Medsize,1,0
QF55724,California,3522.87,No,Basic,0,Bachelor,2,2/20/2011,Employed,1,M,82077,Married,1,28,77,0,1,Personal Auto,0,Personal L3,2,2,Call Center,3,Medsize,1,0
SI48717,Oregon,19488.15,No,Extended,1,College,1,2/20/2011,Employed,1,M,95310,Divorced,2,35,7,1,2,Personal Auto,0,Personal L3,2,2,Call Center,3,Medsize,1,0
EU59853,California,5570.93,No,Premium,2,College,1,2/20/2011,Employed,1,M,46008,Married,1,15,65,1,1,Personal Auto,0,Personal L3,2,4,Branch,1,Medsize,1,0
YY74036,California,3326.72,No,Basic,0,College,1,2/20/2011,Employed,1,M,98326,Divorced,2,16,109,3,1,Corporate Auto,1,Corporate L3,5,1,Call Center,3,Medsize,1,0
SB24397,California,10150.83,Yes,Extended,1,High School or Below,0,2/20/2011,Employed,1,M,130013,Divorced,2,16,23,1,6,Personal Auto,0,Personal L3,2,1,Agent,2,Medsize,1,0
UA50747,Washington,35096.96,No,Basic,0,High School or Below,0,2/20/2011,Employed,1,F,84054,Married,1,23,3,0,2,Corporate Auto,1,Corporate L3,5,4,Branch,1,Small,0,0
WW37525,California,10340.32,No,Extended,1,High School or Below,0,2/20/2011,Employed,1,M,129196,Divorced,2,32,11,3,3,Personal Auto,0,Personal L3,2,1,Branch,1,Small,0,0
VW84197,Oregon,29621.51,No,Basic,0,Bachelor,2,2/20/2011,Employed,1,F,35610,Married,1,30,107,1,2,Personal Auto,0,Personal L3,2,2,Branch,1,Medsize,1,0
SK69036,California,18603.66,No,Premium,2,Bachelor,2,2/20/2011,Employed,1,M,34706,Divorced,2,28,59,0,2,Personal Auto,0,Personal L1,0,1,Branch,1,Small,0,0
JU66696,California,13244.05,No,Extended,1,Master,3,2/20/2011,Unemployed,0,F,0,Married,1,20,122,0,8,Corporate Auto,1,Corporate L2,4,3,Branch,1,Large,2,0
KX82226,Arizona,4299.98,No,Extended,1,High School or Below,0,2/20/2011,Medical Leave,2,M,18241,Single,0,19,32,0,1,Personal Auto,0,Personal L3,2,4,Call Center,3,Medsize,1,0
HK93338,Washington,10707.82,No,Basic,0,High School or Below,0,2/20/2011,Disabled,4,F,32088,Divorced,2,24,19,0,2,Personal Auto,0,Personal L2,1,1,Branch,1,Medsize,1,0
ME87834,Oregon,5695.68,No,Basic,0,Bachelor,2,2/20/2011,Employed,1,M,84235,Married,1,32,70,0,1,Personal Auto,0,Personal L3,2,3,Web,0,Medsize,1,0
WM72573,California,19859.08,No,Extended,1,College,1,2/20/2011,Disabled,4,M,30877,Married,1,19,24,2,2,Personal Auto,0,Personal L2,1,3,Web,0,Small,0,1
KF80172,Nevada,3574.15,Yes,Basic,0,College,1,2/20/2011,Employed,1,M,51133,Single,0,18,20,0,1,Personal Auto,0,Personal L3,2,2,Agent,2,Medsize,1,0
ZI51939,Oregon,7459.88,No,Basic,0,College,1,2/20/2011,Employed,1,M,99137,Married,1,12,34,0,4,Corporate Auto,1,Corporate L2,4,1,Branch,1,Small,0,0
WD88264,Washington,16603.23,Yes,Basic,0,High School or Below,0,2/20/2011,Medical Leave,2,M,23086,Single,0,1,119,0,2,Corporate Auto,1,Corporate L2,4,1,Call Center,3,Medsize,1,0
DY87071,Arizona,10150.83,Yes,Extended,1,High School or Below,0,2/20/2011,Employed,1,M,130013,Divorced,2,16,23,1,6,Personal Auto,0,Personal L3,2,1,Agent,2,Medsize,1,0
DQ34772,Arizona,8588.49,No,Extended,1,High School or Below,0,2/20/2011,Unemployed,0,M,0,Married,1,38,31,0,4,Personal Auto,0,Personal L3,2,4,Branch,1,Medsize,1,0
SR96970,Oregon,4710.52,No,Extended,1,Bachelor,2,2/20/2011,Unemployed,0,M,0,Married,1,39,50,0,1,Personal Auto,0,Personal L3,2,2,Call Center,3,Small,0,0
NA39347,California,7862.7,No,Basic,0,College,1,2/20/2011,Employed,1,M,99868,Divorced,2,36,113,0,3,Personal Auto,0,Personal L2,1,2,Web,0,Medsize,1,0
CE75354,California,7996.33,No,Basic,0,Bachelor,2,2/20/2011,Employed,1,F,49525,Married,1,20,34,0,5,Corporate Auto,1,Corporate L1,3,1,Branch,1,Medsize,1,0
GG29821,Oregon,11061.3,No,Basic,0,Bachelor,2,2/20/2011,Employed,1,M,74183,Married,1,34,101,0,7,Corporate Auto,1,Corporate L1,3,4,Web,0,Medsize,1,0
RN98239,California,10150.83,Yes,Extended,1,High School or Below,0,2/20/2011,Employed,1,M,130013,Divorced,2,16,23,1,6,Personal Auto,0,Personal L1,0,1,Agent,2,Medsize,1,0
ZJ22033,Washington,3574.15,Yes,Basic,0,College,1,2/20/2011,Employed,1,M,51133,Single,0,18,20,0,1,Corporate Auto,1,Corporate L1,3,2,Agent,2,Medsize,1,0
DL61016,Oregon,6669.69,No,Basic,0,College,1,2/20/2011,Employed,1,M,89080,Single,0,4,63,5,4,Special Auto,2,Special L1,6,2,Agent,2,Medsize,1,0
ZW93288,California,25867.34,Yes,Extended,1,Master,3,2/20/2011,Employed,1,F,30652,Divorced,2,26,80,0,7,Personal Auto,0,Personal L1,0,2,Agent,2,Medsize,1,1
BL13393,Oregon,7962.28,No,Basic,0,High School or Below,0,2/20/2011,Employed,1,F,105077,Divorced,2,3,41,1,4,Personal Auto,0,Personal L3,2,3,Web,0,Medsize,1,0
HH15953,California,4068.14,No,Extended,1,Bachelor,2,2/20/2011,Disabled,4,M,28827,Divorced,2,38,28,0,1,Personal Auto,0,Personal L3,2,3,Agent,2,Medsize,1,0
BS29584,Oregon,3496.09,No,Basic,0,College,1,2/20/2011,Unemployed,0,F,0,Single,0,8,15,0,1,Personal Auto,0,Personal L3,2,1,Web,0,Medsize,1,0
SY46862,Arizona,7637.88,No,Extended,1,High School or Below,0,2/20/2011,Employed,1,M,133538,Married,1,24,28,0,1,Corporate Auto,1,Corporate L1,3,1,Agent,2,Medsize,1,0
WP62115,Washington,18718.87,No,Basic,0,College,1,2/20/2011,Employed,1,F,72203,Divorced,2,16,16,0,2,Corporate Auto,1,Corporate L3,5,1,Branch,1,Medsize,1,0
RX93631,Arizona,8692.61,No,Extended,1,Bachelor,2,2/20/2011,Employed,1,F,121547,Married,1,38,51,0,3,Personal Auto,0,Personal L3,2,2,Call Center,3,Medsize,1,0
BQ15946,Oregon,9024.84,No,Extended,1,Doctor,4,2/20/2011,Employed,1,M,75965,Married,1,31,3,0,4,Personal Auto,0,Personal L2,1,2,Branch,1,Medsize,1,0
LN11802,California,35869.96,No,Basic,0,Master,3,2/20/2011,Unemployed,0,M,0,Married,1,22,49,0,2,Personal Auto,0,Personal L3,2,1,Agent,2,Large,2,0
DD27635,Oregon,10864,No,Basic,0,Doctor,4,2/20/2011,Disabled,4,M,40241,Married,1,24,51,1,3,Personal Auto,0,Personal L1,0,1,Call Center,3,Medsize,1,0
US43945,California,3404.27,No,Basic,0,Bachelor,2,2/20/2011,Employed,1,F,55683,Divorced,2,23,8,0,1,Personal Auto,0,Personal L3,2,4,Web,0,Large,2,0
AK72422,California,39217.11,No,Premium,2,College,1,2/20/2011,Disabled,4,M,28445,Divorced,2,8,63,0,2,Corporate Auto,1,Corporate L3,5,1,Call Center,3,Small,0,1
YF26585,Nevada,6423.93,No,Basic,0,High School or Below,0,2/20/2011,Employed,1,M,124637,Married,1,7,62,2,1,Corporate Auto,1,Corporate L3,5,1,Agent,2,Large,2,0
FX72157,Oregon,11551.38,No,Premium,2,High School or Below,0,2/20/2011,Employed,1,F,70794,Single,0,36,78,0,3,Corporate Auto,1,Corporate L3,5,2,Agent,2,Medsize,1,0
EF99768,California,5973.18,No,Basic,0,High School or Below,0,2/20/2011,Employed,1,F,51030,Divorced,2,0,104,0,1,Corporate Auto,1,Corporate L1,3,2,Call Center,3,Large,2,0
DB50188,California,6005.67,No,Basic,0,College,1,2/20/2011,Employed,1,M,31058,Married,1,23,81,0,1,Personal Auto,0,Personal L3,2,1,Branch,1,Medsize,1,1
MQ64736,Washington,4995.57,No,Extended,1,Bachelor,2,2/20/2011,Medical Leave,2,F,16587,Single,0,15,66,0,1,Personal Auto,0,Personal L3,2,2,Call Center,3,Small,0,0
LK90215,Oregon,3574.15,Yes,Basic,0,College,1,2/20/2011,Employed,1,M,51133,Single,0,18,20,0,1,Personal Auto,0,Personal L3,2,2,Agent,2,Medsize,1,0
NK34682,Oregon,3694.32,No,Basic,0,Bachelor,2,2/20/2011,Employed,1,M,53314,Married,1,16,12,0,1,Corporate Auto,1,Corporate L3,5,1,Agent,2,Medsize,1,0
DA34555,California,4540.06,No,Extended,1,College,1,2/20/2011,Employed,1,F,108186,Married,1,4,45,0,1,Personal Auto,0,Personal L3,2,4,Branch,1,Medsize,1,0
KU56071,Oregon,6738.57,No,Basic,0,College,1,2/20/2011,Employed,1,F,126112,Married,1,7,22,0,6,Personal Auto,0,Personal L1,0,2,Call Center,3,Medsize,1,0
VX79712,Washington,9147.5,No,Extended,1,Doctor,4,2/20/2011,Employed,1,M,36928,Married,1,3,18,1,7,Personal Auto,0,Personal L3,2,4,Branch,1,Medsize,1,0
YK26558,California,7107.27,No,Basic,0,College,1,2/20/2011,Unemployed,0,F,0,Divorced,2,41,35,0,8,Special Auto,2,Special L3,8,1,Branch,1,Medsize,1,0
TD90177,Oregon,3574.15,Yes,Basic,0,College,1,2/20/2011,Employed,1,M,51133,Single,0,18,20,0,1,Personal Auto,0,Personal L2,1,2,Agent,2,Medsize,1,0
AQ52711,Oregon,9311.63,No,Premium,2,Bachelor,2,2/20/2011,Employed,1,F,88205,Married,1,12,30,1,1,Personal Auto,0,Personal L3,2,1,Agent,2,Large,2,1
AZ43057,California,7757.18,No,Basic,0,Master,3,2/20/2011,Employed,1,M,68577,Married,1,28,80,0,7,Personal Auto,0,Personal L3,2,2,Call Center,3,Medsize,1,0
IV54766,Oregon,25867.34,Yes,Extended,1,Master,3,2/20/2011,Employed,1,F,30652,Divorced,2,26,80,0,7,Personal Auto,0,Personal L1,0,2,Agent,2,Medsize,1,1
EY97047,Oregon,3574.15,Yes,Basic,0,College,1,2/20/2011,Employed,1,M,51133,Single,0,18,20,0,1,Corporate Auto,1,Corporate L2,4,2,Agent,2,Medsize,1,0
LM79795,Oregon,10109.86,No,Basic,0,High School or Below,0,2/20/2011,Employed,1,M,53463,Divorced,2,20,80,0,2,Personal Auto,0,Personal L1,0,3,Agent,2,Small,0,0
YA87855,Arizona,9691.95,No,Extended,1,Master,3,2/20/2011,Employed,1,M,31292,Divorced,2,15,107,0,9,Corporate Auto,1,Corporate L3,5,2,Agent,2,Medsize,1,0
BS26376,California,10150.83,Yes,Extended,1,High School or Below,0,2/20/2011,Employed,1,M,130013,Divorced,2,16,23,1,6,Corporate Auto,1,Corporate L1,3,1,Agent,2,Medsize,1,0
ZM42260,Arizona,10808.05,No,Basic,0,College,1,2/20/2011,Employed,1,M,85532,Married,1,35,57,0,5,Personal Auto,0,Personal L2,1,2,Agent,2,Medsize,1,0
ME37051,California,9909.67,No,Basic,0,Bachelor,2,2/20/2011,Employed,1,M,67723,Divorced,2,20,85,0,2,Personal Auto,0,Personal L3,2,1,Agent,2,Medsize,1,0
XB89264,Nevada,7102.24,No,Basic,0,High School or Below,0,2/20/2011,Employed,1,F,81136,Married,1,46,100,0,3,Corporate Auto,1,Corporate L2,4,2,Agent,2,Medsize,1,0
ZG23976,California,11654.26,No,Premium,2,Bachelor,2,2/20/2011,Employed,1,F,129870,Married,1,12,61,0,3,Personal Auto,0,Personal L2,1,2,Web,0,Small,0,0
YF73402,Oregon,3464.64,No,Basic,0,High School or Below,0,2/20/2011,Employed,1,M,91500,Married,1,23,23,1,1,Personal Auto,0,Personal L3,2,2,Agent,2,Large,2,0
DH51686,Arizona,5465.78,No,Premium,2,Bachelor,2,2/20/2011,Unemployed,0,F,0,Single,0,12,35,0,1,Personal Auto,0,Personal L2,1,1,Web,0,Small,0,0
MP85571,Arizona,7503.72,No,Premium,2,Bachelor,2,2/20/2011,Unemployed,0,F,0,Single,0,7,82,4,1,Personal Auto,0,Personal L2,1,3,Agent,2,Medsize,1,1
PC72443,Oregon,6114.25,No,Premium,2,College,1,2/20/2011,Employed,1,F,127922,Married,1,0,34,0,1,Personal Auto,0,Personal L3,2,3,Agent,2,Medsize,1,0
WR73970,Arizona,3996.77,No,Basic,0,Bachelor,2,2/20/2011,Employed,1,M,124295,Married,1,22,1,0,1,Corporate Auto,1,Corporate L2,4,3,Branch,1,Medsize,1,0
CG15505,California,25867.34,Yes,Extended,1,Master,3,2/20/2011,Employed,1,F,30652,Divorced,2,26,80,0,7,Personal Auto,0,Personal L3,2,2,Agent,2,Medsize,1,1
BM46418,Nevada,3743.33,No,Basic,0,College,1,2/20/2011,Employed,1,M,41318,Married,1,15,9,0,1,Personal Auto,0,Personal L3,2,2,Branch,1,Medsize,1,0
VD78722,Oregon,3574.15,Yes,Basic,0,College,1,2/20/2011,Employed,1,M,51133,Single,0,18,20,0,1,Personal Auto,0,Personal L2,1,2,Agent,2,Medsize,1,0
PY57181,Oregon,12712.24,No,Extended,1,College,1,2/20/2011,Unemployed,0,M,0,Married,1,12,112,1,2,Personal Auto,0,Personal L3,2,2,Call Center,3,Medsize,1,0
BZ92811,California,8031.14,No,Premium,2,High School or Below,0,2/20/2011,Employed,1,F,118965,Married,1,20,14,0,1,Corporate Auto,1,Corporate L2,4,2,Call Center,3,Medsize,1,1
OT42923,California,3714.19,No,Basic,0,High School or Below,0,2/20/2011,Employed,1,M,117164,Single,0,43,92,0,1,Personal Auto,0,Personal L3,2,2,Agent,2,Medsize,1,0
WX16610,California,7863.44,No,Basic,0,Bachelor,2,2/20/2011,Employed,1,F,51964,Married,1,36,46,0,3,Personal Auto,0,Personal L3,2,2,Branch,1,Medsize,1,0
HH49378,California,41660.14,No,Basic,0,Master,3,2/20/2011,Employed,1,M,94327,Married,1,47,14,2,2,Corporate Auto,1,Corporate L3,5,2,Web,0,Medsize,1,0
PH47195,California,7414.72,No,Extended,1,Bachelor,2,2/20/2011,Employed,1,M,100266,Divorced,2,1,107,0,1,Personal Auto,0,Personal L2,1,1,Call Center,3,Medsize,1,0
HS97983,California,41374.3,No,Premium,2,High School or Below,0,2/20/2011,Unemployed,0,F,0,Single,0,11,39,0,2,Personal Auto,0,Personal L2,1,1,Agent,2,Small,0,1
OW68478,California,16603.23,Yes,Basic,0,High School or Below,0,2/20/2011,Medical Leave,2,M,23086,Single,0,1,119,0,2,Corporate Auto,1,Corporate L1,3,1,Call Center,3,Medsize,1,0
SX51350,California,6397.64,No,Basic,0,College,1,2/21/2011,Unemployed,0,M,0,Single,0,31,7,0,3,Personal Auto,0,Personal L3,2,1,Agent,2,Small,0,0
RB69909,Nevada,10777.63,No,Basic,0,High School or Below,0,2/21/2011,Employed,1,F,48619,Married,1,5,54,3,2,Special Auto,2,Special L1,6,4,Branch,1,Medsize,1,0
YL74911,California,11765.14,Yes,Basic,0,College,1,2/21/2011,Unemployed,0,F,0,Divorced,2,19,86,0,4,Personal Auto,0,Personal L3,2,1,Agent,2,Medsize,1,0
VC22097,Washington,11765.14,Yes,Basic,0,College,1,2/21/2011,Unemployed,0,F,0,Divorced,2,19,86,0,4,Corporate Auto,1,Corporate L3,5,1,Agent,2,Medsize,1,0
SC66359,Arizona,5985.86,No,Basic,0,College,1,2/21/2011,Employed,1,F,68382,Married,1,39,57,0,1,Corporate Auto,1,Corporate L3,5,4,Agent,2,Small,0,0
UK41984,Arizona,5183.47,No,Basic,0,Doctor,4,2/21/2011,Unemployed,0,F,0,Divorced,2,4,69,2,1,Personal Auto,0,Personal L2,1,1,Agent,2,Medsize,1,0
LN34660,California,12775.2,No,Basic,0,College,1,2/21/2011,Employed,1,F,94033,Married,1,14,68,0,7,Corporate Auto,1,Corporate L3,5,1,Branch,1,Small,0,0
ON39271,California,3696.3,No,Basic,0,Master,3,2/21/2011,Unemployed,0,M,0,Married,1,36,123,0,1,Personal Auto,0,Personal L2,1,1,Branch,1,Medsize,1,0
MT23134,Oregon,7189.73,Yes,Basic,0,High School or Below,0,2/21/2011,Unemployed,0,M,0,Married,1,23,59,0,7,Personal Auto,0,Personal L3,2,2,Call Center,3,Medsize,1,0
VM92311,Arizona,3414.25,No,Basic,0,High School or Below,0,2/21/2011,Employed,1,F,120324,Single,0,32,126,0,1,Personal Auto,0,Personal L3,2,2,Branch,1,Medsize,1,0
KP72427,Washington,29213.78,No,Basic,0,High School or Below,0,2/21/2011,Employed,1,M,87014,Married,1,7,58,0,2,Personal Auto,0,Personal L3,2,2,Agent,2,Medsize,1,0
SW57539,California,11765.14,Yes,Basic,0,College,1,2/21/2011,Unemployed,0,F,0,Divorced,2,19,86,0,4,Corporate Auto,1,Corporate L3,5,1,Agent,2,Medsize,1,0
KF50730,California,7068.02,No,Extended,1,Bachelor,2,2/21/2011,Employed,1,F,96922,Married,1,26,65,0,1,Personal Auto,0,Personal L3,2,2,Web,0,Medsize,1,0
KD47243,California,15927.29,No,Basic,0,Bachelor,2,2/21/2011,Employed,1,F,123483,Single,0,15,120,2,2,Personal Auto,0,Personal L1,0,1,Agent,2,Small,0,0
SX65826,Arizona,15877.18,No,Extended,1,Bachelor,2,2/21/2011,Employed,1,M,49182,Married,1,36,80,0,2,Personal Auto,0,Personal L1,0,1,Agent,2,Small,0,0
GT65065,Oregon,11937.58,No,Basic,0,Master,3,2/21/2011,Employed,1,F,56892,Single,0,1,11,0,3,Personal Auto,0,Personal L3,2,4,Branch,1,Medsize,1,0
VH43367,California,3383.13,No,Basic,0,High School or Below,0,2/21/2011,Employed,1,F,82893,Married,1,19,76,2,1,Special Auto,2,Special L1,6,1,Agent,2,Medsize,1,0
BP83941,Arizona,11335.04,No,Basic,0,Master,3,2/21/2011,Unemployed,0,F,0,Married,1,24,108,1,3,Personal Auto,0,Personal L2,1,3,Web,0,Medsize,1,0
SH51981,Washington,7082.18,No,Basic,0,College,1,2/21/2011,Employed,1,M,94906,Divorced,2,9,58,0,7,Personal Auto,0,Personal L2,1,3,Agent,2,Small,0,0
GZ79662,Arizona,7404.19,No,Basic,0,High School or Below,0,2/21/2011,Employed,1,M,64275,Married,1,23,88,0,4,Corporate Auto,1,Corporate L3,5,2,Call Center,3,Small,0,0
EF84269,California,7517.69,No,Extended,1,College,1,2/21/2011,Employed,1,F,69510,Married,1,19,14,0,1,Personal Auto,0,Personal L2,1,1,Web,0,Medsize,1,0
OM63414,Arizona,6846.73,No,Basic,0,Bachelor,2,2/21/2011,Employed,1,F,84048,Single,0,19,23,0,5,Personal Auto,0,Personal L3,2,1,Agent,2,Large,2,0
NS38229,Nevada,6920.15,No,Basic,0,College,1,2/21/2011,Employed,1,F,85248,Married,1,1,123,0,4,Personal Auto,0,Personal L2,1,1,Agent,2,Medsize,1,0
XT10744,Arizona,11603.45,No,Basic,0,College,1,2/21/2011,Employed,1,M,38395,Married,1,14,132,0,2,Special Auto,2,Special L2,7,2,Call Center,3,Small,0,0
BN83547,Nevada,3858.91,No,Basic,0,High School or Below,0,2/21/2011,Employed,1,F,54953,Married,1,41,130,0,1,Personal Auto,0,Personal L1,0,3,Agent,2,Medsize,1,0
SD77009,California,11251.39,No,Extended,1,College,1,2/21/2011,Unemployed,0,M,0,Single,0,9,82,2,3,Personal Auto,0,Personal L3,2,3,Web,0,Medsize,1,1
EY74093,Nevada,6755.58,No,Basic,0,High School or Below,0,2/21/2011,Employed,1,M,117226,Single,0,3,126,0,8,Corporate Auto,1,Corporate L1,3,4,Agent,2,Medsize,1,0
WO83615,Nevada,7283.84,No,Extended,1,Bachelor,2,2/21/2011,Employed,1,M,59463,Married,1,16,51,0,1,Corporate Auto,1,Corporate L3,5,2,Branch,1,Medsize,1,1
XF15789,Arizona,11973.99,No,Basic,0,College,1,2/21/2011,Employed,1,F,109823,Married,1,1,38,0,9,Personal Auto,0,Personal L3,2,3,Branch,1,Large,2,0
FY73682,California,26468.59,No,Basic,0,Bachelor,2,2/21/2011,Unemployed,0,M,0,Single,0,0,30,0,2,Personal Auto,0,Personal L2,1,1,Agent,2,Medsize,1,1
KM18818,Arizona,3497.38,No,Basic,0,College,1,2/21/2011,Employed,1,F,35074,Married,1,45,51,0,1,Personal Auto,0,Personal L3,2,1,Agent,2,Large,2,0
BN74259,Arizona,3825.63,No,Basic,0,High School or Below,0,2/21/2011,Employed,1,M,61236,Divorced,2,22,96,0,1,Corporate Auto,1,Corporate L1,3,2,Branch,1,Medsize,1,0
NS74173,Nevada,4006.9,No,Basic,0,College,1,2/21/2011,Employed,1,M,123722,Married,1,16,14,0,1,Corporate Auto,1,Corporate L1,3,2,Branch,1,Medsize,1,0
KO95143,California,11504.35,No,Premium,2,High School or Below,0,2/21/2011,Employed,1,M,51179,Married,1,9,12,0,7,Personal Auto,0,Personal L3,2,1,Agent,2,Medsize,1,0
LR27773,California,7194.25,No,Basic,0,Bachelor,2,2/21/2011,Employed,1,F,58956,Married,1,8,90,0,3,Corporate Auto,1,Corporate L2,4,3,Agent,2,Medsize,1,0
XN32623,Oregon,7611.5,No,Basic,0,Bachelor,2,2/21/2011,Employed,1,M,115960,Married,1,38,36,0,3,Personal Auto,0,Personal L3,2,2,Call Center,3,Medsize,1,0
UL90124,Oregon,6802.62,No,Extended,1,High School or Below,0,2/21/2011,Employed,1,F,98441,Married,1,27,30,5,1,Personal Auto,0,Personal L3,2,4,Agent,2,Small,0,1
TN51356,Oregon,3308.69,No,Basic,0,Bachelor,2,2/21/2011,Employed,1,M,111638,Divorced,2,14,53,0,1,Personal Auto,0,Personal L2,1,3,Web,0,Medsize,1,0
GD17919,Arizona,19515.41,No,Extended,1,College,1,2/21/2011,Unemployed,0,F,0,Single,0,3,85,0,2,Special Auto,2,Special L2,7,1,Call Center,3,Medsize,1,0
XA27536,Washington,4875.1,No,Extended,1,College,1,2/21/2011,Employed,1,M,85494,Divorced,2,45,117,0,1,Personal Auto,0,Personal L3,2,1,Web,0,Medsize,1,0
DY18947,Arizona,12355.86,No,Premium,2,High School or Below,0,2/21/2011,Employed,1,F,81571,Married,1,31,59,0,9,Personal Auto,0,Personal L3,2,1,Call Center,3,Medsize,1,0
FM38725,Oregon,3283.43,No,Basic,0,High School or Below,0,2/21/2011,Unemployed,0,F,0,Single,0,3,68,0,1,Personal Auto,0,Personal L3,2,4,Web,0,Medsize,1,1
SF15712,Oregon,5270.13,No,Extended,1,High School or Below,0,2/21/2011,Employed,1,M,69975,Divorced,2,1,24,0,1,Personal Auto,0,Personal L3,2,3,Agent,2,Medsize,1,0
MW80236,Washington,10691.77,No,Basic,0,Master,3,2/21/2011,Unemployed,0,M,0,Married,1,18,24,0,2,Personal Auto,0,Personal L1,0,1,Agent,2,Medsize,1,0
KL65897,California,8547.31,No,Extended,1,Bachelor,2,2/21/2011,Unemployed,0,F,0,Married,1,4,111,0,3,Personal Auto,0,Personal L2,1,1,Branch,1,Medsize,1,0
VJ24328,Oregon,3508.71,No,Basic,0,High School or Below,0,2/21/2011,Employed,1,M,71578,Married,1,38,96,4,1,Personal Auto,0,Personal L2,1,1,Agent,2,Medsize,1,0
RL28918,California,22281.7,No,Basic,0,High School or Below,0,2/21/2011,Employed,1,M,56900,Married,1,5,39,0,2,Personal Auto,0,Personal L1,0,3,Branch,1,Small,0,0
YD45065,Oregon,11765.14,Yes,Basic,0,College,1,2/21/2011,Unemployed,0,F,0,Divorced,2,19,86,0,4,Personal Auto,0,Personal L3,2,1,Agent,2,Medsize,1,0
QJ22615,Arizona,6589.75,No,Basic,0,Master,3,2/21/2011,Employed,1,F,51297,Married,1,35,36,0,7,Special Auto,2,Special L3,8,2,Call Center,3,Medsize,1,0
RY32848,Oregon,21382.77,No,Extended,1,Doctor,4,2/21/2011,Employed,1,M,60656,Married,1,26,57,0,2,Personal Auto,0,Personal L3,2,2,Call Center,3,Medsize,1,0
PT70350,Oregon,38489.89,No,Premium,2,High School or Below,0,2/21/2011,Employed,1,M,37269,Married,1,20,76,0,2,Corporate Auto,1,Corporate L1,3,4,Agent,2,Medsize,1,0
EZ71780,Arizona,11890.11,No,Extended,1,High School or Below,0,2/21/2011,Disabled,4,F,36266,Divorced,2,24,16,0,2,Special Auto,2,Special L1,6,3,Agent,2,Medsize,1,0
TN64240,California,10602.85,No,Extended,1,Bachelor,2,2/21/2011,Employed,1,F,57486,Divorced,2,1,77,0,5,Corporate Auto,1,Corporate L3,5,4,Call Center,3,Small,0,0
TE31876,California,15949.62,No,Basic,0,High School or Below,0,2/21/2011,Employed,1,F,55355,Married,1,20,35,3,2,Personal Auto,0,Personal L3,2,1,Call Center,3,Large,2,0
JB11283,California,17203.52,No,Basic,0,Bachelor,2,2/21/2011,Employed,1,M,134437,Divorced,2,47,115,0,2,Personal Auto,0,Personal L2,1,3,Branch,1,Large,2,0
JD94356,Oregon,6434.6,No,Basic,0,Bachelor,2,2/21/2011,Unemployed,0,F,0,Single,0,4,49,0,9,Personal Auto,0,Personal L2,1,1,Agent,2,Medsize,1,0
VG83453,California,4802.45,No,Extended,1,Doctor,4,2/21/2011,Disabled,4,M,23317,Married,1,41,78,0,1,Personal Auto,0,Personal L2,1,4,Call Center,3,Medsize,1,0
MQ73697,Nevada,5098.5,No,Extended,1,College,1,2/21/2011,Employed,1,F,92781,Married,1,26,103,0,1,Corporate Auto,1,Corporate L3,5,4,Call Center,3,Large,2,0
SG62327,Nevada,10950.73,No,Basic,0,High School or Below,0,2/21/2011,Employed,1,M,41340,Married,1,30,116,0,2,Corporate Auto,1,Corporate L3,5,1,Agent,2,Small,0,0
EU48798,Nevada,11016.79,No,Basic,0,College,1,2/21/2011,Disabled,4,F,33723,Divorced,2,46,19,0,2,Personal Auto,0,Personal L3,2,2,Web,0,Medsize,1,0
IQ63581,California,6840.22,No,Basic,0,Master,3,2/21/2011,Employed,1,F,54290,Divorced,2,15,30,0,3,Personal Auto,0,Personal L2,1,3,Branch,1,Medsize,1,0
WC26700,California,10119.16,No,Premium,2,Bachelor,2,2/21/2011,Unemployed,0,F,0,Single,0,31,61,0,5,Corporate Auto,1,Corporate L2,4,1,Branch,1,Medsize,1,1
TH72397,California,8477.75,No,Extended,1,Bachelor,2,2/21/2011,Employed,1,M,68259,Married,1,26,46,0,9,Personal Auto,0,Personal L2,1,2,Call Center,3,Medsize,1,0
XV53746,California,22253.42,No,Basic,0,High School or Below,0,2/21/2011,Employed,1,F,123328,Married,1,41,35,0,2,Special Auto,2,Special L2,7,2,Agent,2,Medsize,1,0
GS26763,California,15705.33,No,Extended,1,Bachelor,2,2/21/2011,Employed,1,F,53553,Married,1,18,85,0,2,Personal Auto,0,Personal L3,2,2,Agent,2,Small,0,0
AN97123,Nevada,30112.19,No,Premium,2,College,1,2/21/2011,Unemployed,0,F,0,Married,1,18,120,0,2,Personal Auto,0,Personal L2,1,4,Agent,2,Medsize,1,0
NE57101,Oregon,5730.03,No,Basic,0,College,1,2/21/2011,Employed,1,M,46197,Married,1,31,96,1,1,Corporate Auto,1,Corporate L3,5,2,Branch,1,Medsize,1,0
AC67315,Nevada,18713.84,No,Basic,0,Bachelor,2,2/21/2011,Employed,1,F,130883,Married,1,27,100,0,2,Personal Auto,0,Personal L2,1,4,Agent,2,Large,2,0
QD98396,California,6764.74,No,Extended,1,College,1,2/21/2011,Employed,1,M,61920,Married,1,42,16,0,1,Personal Auto,0,Personal L2,1,1,Agent,2,Medsize,1,0
QD97878,Nevada,5965.81,No,Premium,2,Master,3,2/21/2011,Medical Leave,2,M,32462,Married,1,36,63,0,1,Personal Auto,0,Personal L2,1,4,Agent,2,Small,0,0
OT53330,Arizona,14472.56,No,Extended,1,Bachelor,2,2/21/2011,Employed,1,F,47030,Single,0,5,3,1,4,Personal Auto,0,Personal L3,2,1,Branch,1,Medsize,1,0
AZ50087,California,9189.82,No,Extended,1,Bachelor,2,2/21/2011,Employed,1,M,44262,Married,1,4,116,0,7,Personal Auto,0,Personal L2,1,2,Branch,1,Large,2,0
XC43591,Oregon,17389.01,No,Premium,2,College,1,2/21/2011,Employed,1,M,33171,Married,1,28,30,0,2,Personal Auto,0,Personal L3,2,1,Agent,2,Medsize,1,0
MU53420,Oregon,7189.73,Yes,Basic,0,High School or Below,0,2/21/2011,Unemployed,0,M,0,Married,1,23,59,0,7,Personal Auto,0,Personal L3,2,2,Call Center,3,Medsize,1,0
GG24674,California,3371.68,No,Basic,0,High School or Below,0,2/21/2011,Retired,3,F,20952,Married,1,28,22,0,1,Personal Auto,0,Personal L1,0,3,Web,0,Medsize,1,0
XK99408,California,12390.24,No,Basic,0,High School or Below,0,2/21/2011,Employed,1,F,39282,Married,1,28,26,0,4,Personal Auto,0,Personal L1,0,3,Web,0,Medsize,1,0
NT97069,Washington,3420.55,No,Basic,0,Bachelor,2,2/21/2011,Employed,1,M,72884,Married,1,14,23,0,1,Personal Auto,0,Personal L1,0,4,Agent,2,Medsize,1,0
JQ66292,Oregon,3500.4,No,Basic,0,Master,3,2/21/2011,Employed,1,F,48202,Single,0,26,61,0,1,Personal Auto,0,Personal L2,1,2,Agent,2,Small,0,0
UZ80048,Oregon,8351.06,No,Extended,1,College,1,2/21/2011,Retired,3,M,37801,Married,1,20,57,0,5,Personal Auto,0,Personal L3,2,3,Agent,2,Large,2,0
CZ25193,Arizona,5505.69,No,Premium,2,Bachelor,2,2/21/2011,Employed,1,M,76992,Married,1,22,14,1,1,Personal Auto,0,Personal L1,0,1,Agent,2,Medsize,1,0
MM83308,Arizona,3212.76,No,Basic,0,High School or Below,0,2/21/2011,Employed,1,M,93423,Single,0,45,16,0,1,Personal Auto,0,Personal L2,1,2,Web,0,Small,0,0
SO98684,California,4664.48,No,Extended,1,High School or Below,0,2/21/2011,Unemployed,0,F,0,Single,0,22,85,0,1,Personal Auto,0,Personal L2,1,1,Call Center,3,Small,0,0
SJ15498,Oregon,9250.69,No,Extended,1,Bachelor,2,2/21/2011,Employed,1,F,35523,Single,0,8,104,0,7,Corporate Auto,1,Corporate L2,4,1,Agent,2,Medsize,1,0
ZB87718,Arizona,11765.14,Yes,Basic,0,College,1,2/21/2011,Unemployed,0,F,0,Divorced,2,19,86,0,4,Personal Auto,0,Personal L1,0,1,Agent,2,Medsize,1,0
PD79570,Oregon,5851.18,No,Premium,2,Bachelor,2,2/21/2011,Unemployed,0,F,0,Single,0,8,117,0,1,Personal Auto,0,Personal L3,2,2,Agent,2,Small,0,1
WW68250,Oregon,3671,No,Basic,0,Bachelor,2,2/21/2011,Employed,1,M,110429,Married,1,31,131,0,1,Personal Auto,0,Personal L3,2,2,Agent,2,Small,0,0
JA44693,Oregon,9750.85,No,Basic,0,College,1,2/21/2011,Unemployed,0,F,0,Divorced,2,7,49,0,2,Personal Auto,0,Personal L3,2,3,Branch,1,Small,0,0
WM46083,Arizona,3231.65,No,Basic,0,Master,3,2/21/2011,Employed,1,M,78620,Divorced,2,46,30,3,1,Personal Auto,0,Personal L2,1,4,Branch,1,Medsize,1,0
UR67446,California,10642.03,No,Extended,1,High School or Below,0,2/21/2011,Employed,1,F,31367,Married,1,38,96,0,4,Personal Auto,0,Personal L3,2,2,Call Center,3,Medsize,1,0
AM72411,Oregon,3077.59,No,Basic,0,High School or Below,0,2/21/2011,Medical Leave,2,M,31392,Divorced,2,27,66,0,1,Personal Auto,0,Personal L1,0,2,Branch,1,Medsize,1,0
NE55975,Nevada,6727.2,No,Extended,1,High School or Below,0,2/21/2011,Unemployed,0,F,0,Divorced,2,12,115,0,1,Personal Auto,0,Personal L3,2,1,Branch,1,Large,2,1
QY37300,Nevada,18228.55,No,Basic,0,Master,3,2/21/2011,Employed,1,M,77250,Married,1,4,119,1,2,Personal Auto,0,Personal L2,1,2,Branch,1,Medsize,1,0
NI27358,Arizona,9794.44,No,Basic,0,College,1,2/21/2011,Employed,1,F,90925,Married,1,9,108,1,1,Personal Auto,0,Personal L3,2,3,Branch,1,Small,0,0
QY41527,Arizona,5637.53,No,Basic,0,Bachelor,2,2/21/2011,Employed,1,M,31131,Married,1,18,34,3,1,Corporate Auto,1,Corporate L3,5,4,Agent,2,Medsize,1,0
OZ58610,Arizona,10227.12,No,Basic,0,High School or Below,0,2/21/2011,Unemployed,0,M,0,Single,0,41,117,0,4,Personal Auto,0,Personal L3,2,2,Branch,1,Medsize,1,1
XI68015,Washington,6678.4,No,Basic,0,College,1,2/21/2011,Employed,1,F,62423,Single,0,23,1,3,4,Personal Auto,0,Personal L3,2,3,Web,0,Medsize,1,0
UO48558,California,4040.71,No,Extended,1,High School or Below,0,2/21/2011,Employed,1,M,31424,Married,1,19,92,2,1,Corporate Auto,1,Corporate L1,3,1,Branch,1,Medsize,1,0
QP76867,Oregon,21806.42,No,Basic,0,College,1,2/21/2011,Unemployed,0,M,0,Divorced,2,16,89,0,2,Personal Auto,0,Personal L3,2,1,Agent,2,Large,2,1
UW10841,California,13467.93,No,Basic,0,Bachelor,2,2/21/2011,Employed,1,M,100055,Married,1,32,32,0,2,Personal Auto,0,Personal L2,1,2,Branch,1,Medsize,1,0
BE92692,Oregon,3358.5,No,Basic,0,Bachelor,2,2/21/2011,Employed,1,M,93469,Married,1,42,112,1,1,Personal Auto,0,Personal L2,1,3,Branch,1,Medsize,1,0
IL23615,Oregon,4522.83,No,Extended,1,College,1,2/21/2011,Employed,1,M,100940,Single,0,31,14,0,1,Personal Auto,0,Personal L2,1,2,Branch,1,Large,2,0
BO87401,Nevada,11765.14,Yes,Basic,0,College,1,2/21/2011,Unemployed,0,F,0,Divorced,2,19,86,0,4,Personal Auto,0,Personal L1,0,1,Agent,2,Medsize,1,0
FZ29605,California,3148.33,No,Basic,0,College,1,2/21/2011,Unemployed,0,M,0,Single,0,5,134,0,1,Corporate Auto,1,Corporate L1,3,3,Web,0,Small,0,0
OW54561,California,4745.87,No,Basic,0,College,1,2/21/2011,Unemployed,0,M,0,Single,0,41,18,2,1,Personal Auto,0,Personal L3,2,3,Web,0,Small,0,1
QZ34525,California,9441.06,No,Basic,0,Bachelor,2,2/21/2011,Unemployed,0,M,0,Single,0,9,80,0,2,Personal Auto,0,Personal L3,2,1,Agent,2,Medsize,1,0
CB17191,California,4374.9,No,Extended,1,High School or Below,0,2/21/2011,Employed,1,F,41372,Married,1,35,35,0,1,Corporate Auto,1,Corporate L2,4,1,Agent,2,Medsize,1,0
JG83075,California,9078.81,No,Extended,1,College,1,2/21/2011,Unemployed,0,F,0,Single,0,20,11,0,5,Corporate Auto,1,Corporate L3,5,1,Agent,2,Medsize,1,0
RE85409,California,7272.41,No,Basic,0,High School or Below,0,2/21/2011,Employed,1,M,126756,Married,1,22,95,0,8,Personal Auto,0,Personal L2,1,3,Agent,2,Medsize,1,0
BD35524,California,3564.66,No,Basic,0,Bachelor,2,2/21/2011,Disabled,4,M,21298,Married,1,27,80,0,1,Personal Auto,0,Personal L2,1,2,Call Center,3,Medsize,1,0
FR66336,California,7189.73,Yes,Basic,0,High School or Below,0,2/21/2011,Unemployed,0,M,0,Married,1,23,59,0,7,Personal Auto,0,Personal L3,2,2,Call Center,3,Medsize,1,0
HZ39601,California,18153.95,No,Extended,1,College,1,2/21/2011,Retired,3,F,36056,Divorced,2,14,32,0,2,Personal Auto,0,Personal L2,1,2,Call Center,3,Medsize,1,0
JR89623,California,3643.24,No,Basic,0,High School or Below,0,2/21/2011,Employed,1,F,102634,Married,1,39,0,0,1,Corporate Auto,1,Corporate L3,5,2,Branch,1,Medsize,1,0
HL53154,California,10011.87,No,Extended,1,Bachelor,2,2/22/2011,Unemployed,0,M,0,Single,0,20,16,2,2,Personal Auto,0,Personal L3,2,1,Agent,2,Medsize,1,0
EN61670,Arizona,7198.82,Yes,Basic,0,Doctor,4,2/22/2011,Employed,1,F,93057,Married,1,43,41,0,7,Personal Auto,0,Personal L1,0,2,Branch,1,Medsize,1,0
SW31412,Oregon,19990.88,No,Basic,0,College,1,2/22/2011,Employed,1,F,55944,Married,1,27,108,1,2,Personal Auto,0,Personal L3,2,3,Agent,2,Small,0,0
JY27336,Oregon,11077.27,No,Basic,0,College,1,2/22/2011,Employed,1,F,115884,Married,1,19,107,2,4,Corporate Auto,1,Corporate L3,5,2,Agent,2,Medsize,1,0
XR70252,California,6465.06,No,Basic,0,High School or Below,0,2/22/2011,Unemployed,0,F,0,Married,1,3,66,1,3,Personal Auto,0,Personal L2,1,2,Web,0,Medsize,1,0
PR53785,Arizona,10067.27,No,Basic,0,High School or Below,0,2/22/2011,Unemployed,0,F,0,Married,1,24,74,1,1,Personal Auto,0,Personal L3,2,1,Branch,1,Small,0,1
OB96537,Oregon,8028.01,No,Basic,0,Master,3,2/22/2011,Employed,1,M,109538,Divorced,2,30,93,0,3,Special Auto,2,Special L2,7,1,Web,0,Medsize,1,0
ME77513,Nevada,11769,No,Premium,2,Master,3,2/22/2011,Employed,1,F,113004,Married,1,3,97,0,7,Corporate Auto,1,Corporate L3,5,1,Agent,2,Medsize,1,0
ZC32510,Arizona,12608.11,No,Premium,2,High School or Below,0,2/22/2011,Employed,1,M,93747,Married,1,35,8,3,3,Personal Auto,0,Personal L1,0,3,Branch,1,Small,0,1
EP72155,California,2705.87,Yes,Basic,0,College,1,2/22/2011,Unemployed,0,F,0,Divorced,2,22,47,4,1,Personal Auto,0,Personal L3,2,1,Branch,1,Small,0,0
LA80525,Nevada,7364.1,No,Extended,1,Bachelor,2,2/22/2011,Unemployed,0,M,0,Divorced,2,5,104,1,3,Corporate Auto,1,Corporate L3,5,1,Branch,1,Large,2,0
CH97539,Washington,11187.4,No,Basic,0,Bachelor,2,2/22/2011,Employed,1,F,54001,Divorced,2,35,9,0,2,Personal Auto,0,Personal L3,2,1,Branch,1,Medsize,1,0
EI91403,California,3480.67,No,Basic,0,High School or Below,0,2/22/2011,Employed,1,M,47177,Married,1,41,85,0,1,Personal Auto,0,Personal L3,2,2,Call Center,3,Small,0,0
MD73554,California,7090.18,No,Basic,0,College,1,2/22/2011,Employed,1,M,80375,Married,1,31,7,0,7,Personal Auto,0,Personal L1,0,1,Branch,1,Medsize,1,0
GG68407,Washington,3134.54,No,Basic,0,High School or Below,0,2/22/2011,Unemployed,0,F,0,Single,0,18,9,0,1,Personal Auto,0,Personal L3,2,2,Agent,2,Medsize,1,0
FU99476,Washington,9139.91,No,Extended,1,High School or Below,0,2/22/2011,Employed,1,M,100470,Divorced,2,5,4,1,3,Personal Auto,0,Personal L1,0,1,Call Center,3,Medsize,1,0
FX55923,Arizona,7253.43,No,Basic,0,Bachelor,2,2/22/2011,Employed,1,M,68047,Divorced,2,8,28,1,9,Personal Auto,0,Personal L2,1,3,Call Center,3,Medsize,1,0
TH84309,California,12653.34,No,Extended,1,High School or Below,0,2/22/2011,Unemployed,0,M,0,Married,1,26,23,0,4,Personal Auto,0,Personal L3,2,3,Branch,1,Medsize,1,0
ZH42145,Washington,3486.86,No,Basic,0,High School or Below,0,2/22/2011,Employed,1,F,67700,Married,1,0,61,0,1,Corporate Auto,1,Corporate L3,5,2,Web,0,Small,0,0
JD73594,Oregon,4467.31,No,Extended,1,Bachelor,2,2/22/2011,Employed,1,M,97389,Divorced,2,30,89,2,1,Personal Auto,0,Personal L3,2,3,Agent,2,Large,2,0
QZ58370,Nevada,15957.15,No,Extended,1,Bachelor,2,2/22/2011,Employed,1,F,117181,Married,1,7,27,0,2,Personal Auto,0,Personal L3,2,4,Branch,1,Medsize,1,0
EH37385,Arizona,11866.34,No,Basic,0,Master,3,2/22/2011,Employed,1,F,30846,Married,1,7,101,0,4,Personal Auto,0,Personal L3,2,1,Call Center,3,Medsize,1,0
XR97812,California,3165.86,No,Basic,0,College,1,2/22/2011,Unemployed,0,M,0,Single,0,1,76,0,1,Personal Auto,0,Personal L3,2,1,Agent,2,Medsize,1,0
NZ19529,Arizona,6532.79,No,Extended,1,High School or Below,0,2/22/2011,Unemployed,0,M,0,Single,0,24,68,0,1,Personal Auto,0,Personal L1,0,2,Agent,2,Medsize,1,1
ZS32263,California,5114.68,No,Extended,1,High School or Below,0,2/22/2011,Employed,1,F,65997,Divorced,2,35,34,0,1,Personal Auto,0,Personal L1,0,2,Agent,2,Medsize,1,0
OZ41737,Oregon,7245.15,No,Basic,0,Doctor,4,2/22/2011,Unemployed,0,F,0,Married,1,7,39,0,4,Personal Auto,0,Personal L2,1,1,Agent,2,Large,2,0
XR52852,Oregon,2705.87,Yes,Basic,0,College,1,2/22/2011,Unemployed,0,F,0,Divorced,2,22,47,4,1,Special Auto,2,Special L2,7,1,Branch,1,Small,0,0
RI85578,Washington,3561.49,No,Basic,0,Bachelor,2,2/22/2011,Employed,1,F,107594,Married,1,32,16,0,1,Personal Auto,0,Personal L3,2,2,Call Center,3,Small,0,0
MF19231,California,10036.81,No,Extended,1,Master,3,2/22/2011,Employed,1,M,38309,Married,1,35,134,0,3,Personal Auto,0,Personal L1,0,2,Call Center,3,Medsize,1,0
JW30054,Oregon,11182.14,No,Premium,2,High School or Below,0,2/22/2011,Employed,1,M,95896,Married,1,35,20,0,3,Corporate Auto,1,Corporate L1,3,1,Branch,1,Medsize,1,0
GZ31904,Oregon,9263.36,No,Extended,1,College,1,2/22/2011,Employed,1,M,41602,Married,1,14,58,0,4,Personal Auto,0,Personal L1,0,3,Call Center,3,Medsize,1,0
GL49408,California,9128.81,No,Extended,1,Doctor,4,2/22/2011,Employed,1,M,54502,Married,1,20,23,0,4,Corporate Auto,1,Corporate L2,4,3,Branch,1,Medsize,1,0
UE19977,California,5912.69,No,Premium,2,College,1,2/22/2011,Employed,1,F,64458,Divorced,2,42,103,0,1,Personal Auto,0,Personal L3,2,3,Web,0,Medsize,1,0
BJ18904,Arizona,5352.12,No,Basic,0,College,1,2/22/2011,Medical Leave,2,M,19732,Married,1,22,31,0,1,Personal Auto,0,Personal L3,2,1,Agent,2,Small,0,0
QT90140,Arizona,7198.82,Yes,Basic,0,Doctor,4,2/22/2011,Employed,1,F,93057,Married,1,43,41,0,7,Personal Auto,0,Personal L2,1,2,Branch,1,Medsize,1,0
BQ51616,Oregon,9805.86,No,Basic,0,High School or Below,0,2/22/2011,Employed,1,F,117088,Married,1,0,128,0,1,Personal Auto,0,Personal L1,0,1,Call Center,3,Medsize,1,0
WX37953,Oregon,3753.98,No,Basic,0,College,1,2/22/2011,Employed,1,F,128173,Married,1,4,30,0,1,Personal Auto,0,Personal L2,1,2,Web,0,Medsize,1,0
PZ31902,Arizona,7826.77,No,Basic,0,Bachelor,2,2/22/2011,Employed,1,F,93523,Married,1,19,30,2,8,Personal Auto,0,Personal L3,2,4,Web,0,Medsize,1,0
AK90865,Oregon,11080.61,No,Basic,0,High School or Below,0,2/22/2011,Unemployed,0,F,0,Single,0,22,23,0,5,Special Auto,2,Special L2,7,2,Agent,2,Medsize,1,0
WQ23548,California,14854.78,No,Basic,0,Master,3,2/22/2011,Unemployed,0,F,0,Single,0,27,9,1,2,Personal Auto,0,Personal L2,1,4,Web,0,Medsize,1,0
HL40930,Oregon,9652.8,No,Extended,1,Bachelor,2,2/22/2011,Employed,1,M,85929,Single,0,26,14,0,3,Personal Auto,0,Personal L3,2,2,Branch,1,Large,2,0
PM63319,Washington,6115.47,No,Basic,0,College,1,2/22/2011,Unemployed,0,F,0,Single,0,9,90,0,7,Personal Auto,0,Personal L1,0,1,Agent,2,Medsize,1,0
HX72126,Nevada,28501.92,No,Extended,1,Bachelor,2,2/22/2011,Unemployed,0,F,0,Married,1,16,80,0,2,Personal Auto,0,Personal L3,2,3,Branch,1,Medsize,1,0
QJ22057,Nevada,6013.04,No,Basic,0,College,1,2/22/2011,Unemployed,0,F,0,Single,0,7,97,1,3,Personal Auto,0,Personal L3,2,1,Branch,1,Large,2,0
BV16459,Oregon,9014.51,No,Extended,1,College,1,2/22/2011,Unemployed,0,M,0,Married,1,14,104,1,9,Personal Auto,0,Personal L3,2,3,Call Center,3,Medsize,1,0
MB60322,Arizona,7198.82,Yes,Basic,0,Doctor,4,2/22/2011,Employed,1,F,93057,Married,1,43,41,0,7,Special Auto,2,Special L2,7,2,Branch,1,Medsize,1,0
XX37955,Nevada,18903.21,No,Basic,0,College,1,2/22/2011,Employed,1,M,91296,Married,1,7,58,0,2,Corporate Auto,1,Corporate L2,4,4,Call Center,3,Medsize,1,0
LU30834,Oregon,19210.94,No,Basic,0,Bachelor,2,2/22/2011,Employed,1,F,105362,Divorced,2,30,123,2,2,Personal Auto,0,Personal L3,2,1,Call Center,3,Small,0,1
NB57112,Oregon,10941.08,No,Basic,0,Bachelor,2,2/22/2011,Unemployed,0,F,0,Single,0,32,11,1,6,Personal Auto,0,Personal L2,1,2,Agent,2,Medsize,1,1
FV92759,Oregon,2705.87,Yes,Basic,0,College,1,2/22/2011,Unemployed,0,F,0,Divorced,2,22,47,4,1,Personal Auto,0,Personal L3,2,1,Branch,1,Small,0,0
SA40041,Washington,7762.34,No,Basic,0,Bachelor,2,2/22/2011,Employed,1,F,30799,Divorced,2,22,80,0,9,Personal Auto,0,Personal L3,2,2,Agent,2,Small,0,0
VL97142,Oregon,35371.13,No,Basic,0,College,1,2/22/2011,Employed,1,M,92484,Married,1,7,39,0,2,Personal Auto,0,Personal L2,1,3,Agent,2,Medsize,1,0
LU63980,Nevada,2996.99,No,Basic,0,College,1,2/22/2011,Unemployed,0,M,0,Married,1,0,112,0,1,Personal Auto,0,Personal L1,0,1,Web,0,Large,2,0
XR17548,Oregon,6836.57,No,Basic,0,High School or Below,0,2/22/2011,Employed,1,M,106292,Married,1,43,72,1,6,Personal Auto,0,Personal L1,0,2,Branch,1,Medsize,1,0
UU70820,Arizona,7920.62,No,Basic,0,College,1,2/22/2011,Employed,1,F,37638,Married,1,5,12,0,5,Personal Auto,0,Personal L3,2,2,Call Center,3,Large,2,0
ER66372,California,20134.62,No,Basic,0,Bachelor,2,2/22/2011,Employed,1,F,62050,Married,1,4,99,2,2,Personal Auto,0,Personal L2,1,1,Agent,2,Medsize,1,0
BL29046,Oregon,7198.82,Yes,Basic,0,Doctor,4,2/22/2011,Employed,1,F,93057,Married,1,43,41,0,7,Corporate Auto,1,Corporate L2,4,2,Branch,1,Medsize,1,0
RE12758,California,9156.45,No,Extended,1,High School or Below,0,2/22/2011,Employed,1,M,35257,Married,1,8,78,0,3,Personal Auto,0,Personal L3,2,4,Agent,2,Medsize,1,0
XS74336,Washington,3431.06,No,Basic,0,High School or Below,0,2/22/2011,Unemployed,0,F,0,Single,0,16,50,0,1,Personal Auto,0,Personal L3,2,4,Web,0,Small,0,0
AR59416,Oregon,39200.59,No,Basic,0,High School or Below,0,2/22/2011,Unemployed,0,M,0,Married,1,0,22,0,2,Personal Auto,0,Personal L3,2,4,Web,0,Medsize,1,0
SH44158,Oregon,3111.83,No,Basic,0,Bachelor,2,2/22/2011,Unemployed,0,M,0,Married,1,45,46,0,1,Special Auto,2,Special L3,8,4,Call Center,3,Large,2,0
LO99872,Oregon,7421.84,No,Basic,0,College,1,2/22/2011,Employed,1,M,37973,Married,1,8,70,0,4,Personal Auto,0,Personal L3,2,3,Agent,2,Medsize,1,0
FQ22639,California,4006.36,No,Extended,1,College,1,2/22/2011,Employed,1,M,47527,Married,1,9,15,0,1,Personal Auto,0,Personal L3,2,2,Agent,2,Large,2,0
YL78930,Oregon,5123.2,No,Premium,2,College,1,2/22/2011,Retired,3,M,26722,Married,1,1,105,0,1,Personal Auto,0,Personal L1,0,4,Call Center,3,Medsize,1,0
JQ93340,Nevada,7369.94,No,Basic,0,High School or Below,0,2/22/2011,Employed,1,M,112331,Married,1,14,126,0,4,Special Auto,2,Special L2,7,2,Call Center,3,Small,0,0
WG50184,Arizona,7198.82,Yes,Basic,0,Doctor,4,2/22/2011,Employed,1,F,93057,Married,1,43,41,0,7,Corporate Auto,1,Corporate L3,5,2,Branch,1,Medsize,1,0
YM74115,Nevada,3417.64,No,Basic,0,Bachelor,2,2/22/2011,Disabled,4,M,39012,Married,1,20,115,0,1,Corporate Auto,1,Corporate L1,3,1,Branch,1,Medsize,1,0
JX50334,California,2705.87,Yes,Basic,0,College,1,2/22/2011,Unemployed,0,F,0,Divorced,2,22,47,4,1,Corporate Auto,1,Corporate L3,5,1,Branch,1,Small,0,0
IT92328,Nevada,12623.68,No,Premium,2,High School or Below,0,2/22/2011,Unemployed,0,M,0,Single,0,4,86,1,1,Corporate Auto,1,Corporate L3,5,1,Agent,2,Medsize,1,1
CU69816,California,3674.36,No,Basic,0,Bachelor,2,2/22/2011,Medical Leave,2,M,30895,Married,1,27,62,0,1,Corporate Auto,1,Corporate L2,4,2,Web,0,Medsize,1,0
BW65176,Arizona,4240.69,No,Extended,1,College,1,2/22/2011,Employed,1,M,58724,Married,1,11,59,0,1,Personal Auto,0,Personal L2,1,4,Call Center,3,Medsize,1,0
TD19026,California,3863.32,No,Basic,0,High School or Below,0,2/22/2011,Employed,1,F,121612,Married,1,31,63,0,1,Personal Auto,0,Personal L3,2,4,Agent,2,Medsize,1,0
VJ73478,Oregon,5479.2,No,Basic,0,Bachelor,2,2/22/2011,Unemployed,0,M,0,Single,0,18,93,0,1,Personal Auto,0,Personal L1,0,3,Web,0,Medsize,1,1
LH90819,California,5683.63,No,Basic,0,Master,3,2/22/2011,Employed,1,M,29545,Single,0,9,39,0,1,Corporate Auto,1,Corporate L2,4,3,Agent,2,Large,2,0
SK66747,Washington,89134.77,No,Basic,0,Bachelor,2,2/22/2011,Employed,1,M,45199,Single,0,38,62,0,2,Personal Auto,0,Personal L3,2,1,Agent,2,Medsize,1,1
WX92260,Washington,2705.87,Yes,Basic,0,College,1,2/22/2011,Unemployed,0,F,0,Divorced,2,22,47,4,1,Corporate Auto,1,Corporate L3,5,1,Branch,1,Small,0,0
ZF84966,Nevada,60555.75,No,Extended,1,Doctor,4,2/22/2011,Employed,1,F,83261,Married,1,47,73,0,2,Corporate Auto,1,Corporate L1,3,1,Call Center,3,Medsize,1,0
BG19572,Washington,8258,No,Extended,1,Bachelor,2,2/22/2011,Unemployed,0,F,0,Single,0,22,112,0,8,Corporate Auto,1,Corporate L3,5,3,Agent,2,Medsize,1,1
WL46620,Nevada,10428.32,No,Basic,0,Bachelor,2,2/22/2011,Employed,1,M,39226,Married,1,26,3,0,2,Personal Auto,0,Personal L3,2,2,Branch,1,Medsize,1,0
HC37968,Oregon,11533.49,No,Basic,0,Bachelor,2,2/22/2011,Unemployed,0,F,0,Married,1,0,8,0,4,Personal Auto,0,Personal L3,2,1,Call Center,3,Medsize,1,0
BG95711,California,22244.6,No,Extended,1,College,1,2/22/2011,Employed,1,F,77306,Divorced,2,0,41,1,2,Personal Auto,0,Personal L3,2,1,Branch,1,Medsize,1,0
XS74432,California,11696.29,No,Basic,0,High School or Below,0,2/22/2011,Employed,1,F,39444,Married,1,45,54,0,2,Personal Auto,0,Personal L1,0,3,Agent,2,Medsize,1,0
IS53899,Nevada,9439.92,No,Extended,1,College,1,2/22/2011,Employed,1,F,127780,Married,1,24,119,0,3,Personal Auto,0,Personal L3,2,1,Branch,1,Medsize,1,0
KC69320,Arizona,17600,No,Basic,0,Bachelor,2,2/22/2011,Employed,1,F,38586,Single,0,36,32,0,2,Personal Auto,0,Personal L2,1,2,Agent,2,Small,0,0
YL86561,Oregon,6941.67,No,Basic,0,High School or Below,0,2/22/2011,Employed,1,M,81374,Married,1,43,26,0,7,Personal Auto,0,Personal L1,0,3,Web,0,Medsize,1,0
MY51849,Oregon,6620.14,No,Basic,0,Bachelor,2,2/22/2011,Unemployed,0,F,0,Married,1,26,39,0,8,Personal Auto,0,Personal L3,2,1,Branch,1,Large,2,0
DQ19343,California,7537.14,No,Basic,0,High School or Below,0,2/22/2011,Employed,1,F,78199,Single,0,45,18,1,3,Corporate Auto,1,Corporate L2,4,1,Agent,2,Medsize,1,0
JX10102,Arizona,4351.34,No,Extended,1,High School or Below,0,2/22/2011,Unemployed,0,F,0,Single,0,47,16,1,1,Personal Auto,0,Personal L2,1,3,Agent,2,Small,0,0
OP73328,Arizona,7289.43,No,Basic,0,High School or Below,0,2/22/2011,Employed,1,F,96101,Married,1,15,19,0,6,Personal Auto,0,Personal L3,2,2,Call Center,3,Medsize,1,0
UF36172,Oregon,9316.28,No,Extended,1,High School or Below,0,2/22/2011,Unemployed,0,F,0,Married,1,36,68,0,7,Personal Auto,0,Personal L3,2,2,Branch,1,Medsize,1,0
AD18174,California,6531.2,No,Basic,0,High School or Below,0,2/22/2011,Unemployed,0,F,0,Single,0,8,120,0,3,Personal Auto,0,Personal L3,2,1,Web,0,Medsize,1,0
CV78865,Arizona,3642.31,No,Basic,0,High School or Below,0,2/22/2011,Employed,1,M,128789,Married,1,1,49,1,1,Personal Auto,0,Personal L2,1,4,Branch,1,Medsize,1,0
JX78176,California,16261.66,No,Extended,1,Bachelor,2,2/22/2011,Employed,1,F,75337,Married,1,22,41,0,2,Personal Auto,0,Personal L3,2,1,Branch,1,Medsize,1,0
KE66309,California,11383.9,No,Basic,0,College,1,2/22/2011,Employed,1,M,118433,Divorced,2,32,88,0,2,Personal Auto,0,Personal L3,2,2,Web,0,Medsize,1,0
XL50897,Arizona,21248.9,No,Extended,1,Master,3,2/22/2011,Employed,1,F,64930,Married,1,14,4,0,2,Personal Auto,0,Personal L1,0,2,Call Center,3,Medsize,1,0
ZH92587,Oregon,10971.13,No,Basic,0,College,1,2/22/2011,Disabled,4,F,19732,Married,1,30,99,0,3,Personal Auto,0,Personal L3,2,1,Agent,2,Medsize,1,0
GX33877,Arizona,47280.31,No,Extended,1,Bachelor,2,2/22/2011,Employed,1,F,34115,Married,1,46,117,0,2,Personal Auto,0,Personal L2,1,2,Agent,2,Small,0,0
SM42781,Arizona,18955.3,No,Basic,0,Bachelor,2,2/22/2011,Unemployed,0,F,0,Married,1,12,45,1,5,Personal Auto,0,Personal L2,1,1,Web,0,Small,0,0
NP23146,Arizona,7244.01,No,Basic,0,College,1,2/22/2011,Employed,1,F,84791,Married,1,45,50,0,4,Special Auto,2,Special L2,7,3,Branch,1,Medsize,1,0
SY48471,California,6971.18,No,Basic,0,High School or Below,0,2/22/2011,Employed,1,F,119734,Married,1,39,35,0,5,Personal Auto,0,Personal L2,1,1,Agent,2,Medsize,1,0
PP62909,Oregon,16427.67,No,Basic,0,Master,3,2/22/2011,Unemployed,0,F,0,Single,0,38,130,0,2,Special Auto,2,Special L2,7,1,Agent,2,Medsize,1,0
WE23159,Oregon,12711.47,No,Extended,1,High School or Below,0,2/22/2011,Unemployed,0,M,0,Single,0,5,78,0,3,Special Auto,2,Special L2,7,2,Agent,2,Small,0,1
DM22923,Oregon,3147.29,No,Basic,0,Bachelor,2,2/22/2011,Disabled,4,M,36987,Single,0,5,53,1,1,Personal Auto,0,Personal L3,2,2,Branch,1,Medsize,1,0
DO12179,Oregon,3309.57,No,Basic,0,Bachelor,2,2/22/2011,Employed,1,M,65868,Married,1,36,0,3,1,Personal Auto,0,Personal L2,1,3,Call Center,3,Medsize,1,0
DP23630,California,10005.95,No,Basic,0,High School or Below,0,2/22/2011,Unemployed,0,M,0,Single,0,8,26,0,2,Personal Auto,0,Personal L3,2,1,Agent,2,Large,2,0
DE78840,Nevada,9438.18,No,Basic,0,Bachelor,2,2/22/2011,Medical Leave,2,F,25676,Married,1,9,62,0,1,Personal Auto,0,Personal L3,2,4,Branch,1,Medsize,1,1
QO12561,California,5623.29,No,Premium,2,High School or Below,0,2/22/2011,Unemployed,0,M,0,Divorced,2,3,131,0,1,Personal Auto,0,Personal L1,0,1,Agent,2,Medsize,1,0
EB93628,Oregon,14525.19,No,Extended,1,High School or Below,0,2/22/2011,Unemployed,0,F,0,Divorced,2,16,32,0,2,Personal Auto,0,Personal L1,0,1,Web,0,Small,0,0
DE23903,Oregon,7973.06,No,Basic,0,Bachelor,2,2/22/2011,Employed,1,F,80795,Married,1,7,132,1,3,Personal Auto,0,Personal L3,2,1,Call Center,3,Medsize,1,0
FI61655,Arizona,3442.5,No,Basic,0,Bachelor,2,2/22/2011,Employed,1,M,42138,Married,1,0,39,0,1,Corporate Auto,1,Corporate L3,5,2,Branch,1,Medsize,1,0
UT76436,Nevada,4642.58,No,Extended,1,Bachelor,2,2/22/2011,Employed,1,F,75479,Married,1,5,4,0,1,Personal Auto,0,Personal L3,2,1,Call Center,3,Medsize,1,0
IG80910,Oregon,4146.91,No,Extended,1,High School or Below,0,2/22/2011,Employed,1,F,64163,Married,1,14,99,1,1,Personal Auto,0,Personal L3,2,2,Agent,2,Medsize,1,0
WK46492,Arizona,13016.99,No,Extended,1,Bachelor,2,2/22/2011,Employed,1,F,48746,Divorced,2,7,47,2,9,Personal Auto,0,Personal L2,1,3,Agent,2,Large,2,0
SJ71233,California,10022.3,No,Basic,0,College,1,2/22/2011,Unemployed,0,F,0,Single,0,36,36,0,9,Personal Auto,0,Personal L2,1,1,Branch,1,Medsize,1,0
FY21364,California,9958.67,No,Basic,0,Bachelor,2,2/22/2011,Unemployed,0,M,0,Single,0,42,115,0,5,Corporate Auto,1,Corporate L1,3,2,Agent,2,Medsize,1,1
JN33628,California,16627.68,No,Premium,2,Bachelor,2,2/22/2011,Unemployed,0,M,0,Married,1,41,54,0,5,Personal Auto,0,Personal L3,2,2,Branch,1,Small,0,1
SW94040,Oregon,10470.84,No,Extended,1,College,1,2/22/2011,Employed,1,F,28790,Divorced,2,30,12,0,3,Personal Auto,0,Personal L1,0,1,Agent,2,Medsize,1,0
EK61334,California,4954.27,No,Extended,1,Bachelor,2,2/22/2011,Unemployed,0,F,0,Married,1,30,23,0,1,Personal Auto,0,Personal L2,1,3,Agent,2,Medsize,1,0
QL80621,Oregon,3037.33,No,Basic,0,Bachelor,2,2/22/2011,Unemployed,0,F,0,Divorced,2,8,3,0,1,Personal Auto,0,Personal L1,0,1,Web,0,Medsize,1,0
JD86991,Oregon,6881.38,No,Basic,0,Bachelor,2,2/22/2011,Employed,1,M,90765,Married,1,14,35,0,3,Personal Auto,0,Personal L3,2,3,Call Center,3,Medsize,1,0
YX51934,California,6613.59,No,Basic,0,High School or Below,0,2/22/2011,Employed,1,F,74346,Married,1,14,19,0,5,Personal Auto,0,Personal L2,1,3,Call Center,3,Medsize,1,0
AT52647,California,5420.14,No,Basic,0,High School or Below,0,2/22/2011,Unemployed,0,F,0,Single,0,47,39,0,1,Personal Auto,0,Personal L1,0,2,Call Center,3,Medsize,1,1
GX40957,California,25288.47,No,Basic,0,College,1,2/22/2011,Employed,1,F,94752,Married,1,5,82,0,2,Personal Auto,0,Personal L3,2,3,Call Center,3,Medsize,1,0
XO43812,California,10838.04,No,Basic,0,Master,3,2/22/2011,Employed,1,M,76251,Married,1,5,101,0,1,Personal Auto,0,Personal L1,0,4,Call Center,3,Medsize,1,1
UE75424,California,14488.89,No,Extended,1,Doctor,4,2/22/2011,Employed,1,M,102233,Married,1,32,92,0,4,Corporate Auto,1,Corporate L3,5,1,Call Center,3,Medsize,1,0
UI19516,California,22828.4,No,Extended,1,College,1,2/22/2011,Employed,1,M,88587,Divorced,2,22,0,0,4,Corporate Auto,1,Corporate L2,4,3,Agent,2,Medsize,1,1
IK96366,California,7494.39,No,Extended,1,College,1,2/22/2011,Employed,1,M,49839,Divorced,2,38,104,3,3,Personal Auto,0,Personal L1,0,1,Branch,1,Medsize,1,0
DH41343,Washington,3298.95,No,Basic,0,College,1,2/23/2011,Employed,1,M,125326,Married,1,20,76,0,1,Special Auto,2,Special L2,7,2,Call Center,3,Large,2,0
FS37417,Arizona,5343.3,No,Basic,0,High School or Below,0,2/23/2011,Unemployed,0,F,0,Married,1,39,16,0,1,Personal Auto,0,Personal L2,1,1,Call Center,3,Small,0,0
PT50227,Arizona,6833.37,No,Basic,0,High School or Below,0,2/23/2011,Unemployed,0,M,0,Married,1,26,22,0,8,Personal Auto,0,Personal L3,2,3,Call Center,3,Medsize,1,0
QX45933,California,24084.26,No,Basic,0,Bachelor,2,2/23/2011,Unemployed,0,M,0,Married,1,43,80,0,2,Personal Auto,0,Personal L1,0,1,Agent,2,Small,0,0
AZ74055,Oregon,5556.03,No,Premium,2,High School or Below,0,2/23/2011,Employed,1,M,70747,Married,1,3,36,0,1,Personal Auto,0,Personal L3,2,4,Call Center,3,Medsize,1,0
OH60605,Oregon,4930.92,No,Extended,1,High School or Below,0,2/23/2011,Employed,1,F,53567,Married,1,3,115,0,1,Personal Auto,0,Personal L3,2,2,Branch,1,Medsize,1,0
PD55753,Oregon,12055.69,No,Extended,1,High School or Below,0,2/23/2011,Unemployed,0,M,0,Married,1,34,85,0,2,Personal Auto,0,Personal L1,0,4,Call Center,3,Medsize,1,0
NV55438,Nevada,7135.11,No,Basic,0,High School or Below,0,2/23/2011,Retired,3,F,31620,Single,0,34,103,0,3,Personal Auto,0,Personal L3,2,2,Agent,2,Medsize,1,0
ZM92052,Oregon,3527.58,No,Basic,0,Bachelor,2,2/23/2011,Employed,1,M,77084,Single,0,27,50,0,1,Personal Auto,0,Personal L2,1,3,Agent,2,Small,0,0
NN99001,Arizona,9447.07,No,Extended,1,College,1,2/23/2011,Employed,1,F,76869,Married,1,15,14,0,9,Personal Auto,0,Personal L3,2,2,Web,0,Small,0,0
YM79169,California,3527.22,No,Basic,0,Bachelor,2,2/23/2011,Disabled,4,M,25654,Married,1,39,28,0,1,Personal Auto,0,Personal L1,0,3,Agent,2,Medsize,1,0
XJ96748,Arizona,37118.82,No,Extended,1,High School or Below,0,2/23/2011,Employed,1,F,51207,Married,1,11,42,0,2,Personal Auto,0,Personal L3,2,2,Branch,1,Small,0,0
UC88305,Arizona,3598.35,No,Basic,0,College,1,2/23/2011,Employed,1,F,70559,Single,0,19,132,0,1,Corporate Auto,1,Corporate L1,3,1,Call Center,3,Medsize,1,0
AS97690,Arizona,3255.2,No,Basic,0,College,1,2/23/2011,Employed,1,M,73552,Married,1,8,77,0,1,Personal Auto,0,Personal L1,0,3,Call Center,3,Medsize,1,0
UT73461,Oregon,6082.29,No,Basic,0,Doctor,4,2/23/2011,Employed,1,F,109457,Married,1,15,7,0,1,Special Auto,2,Special L3,8,2,Web,0,Medsize,1,0
WV69362,Arizona,9379.58,No,Extended,1,High School or Below,0,2/23/2011,Unemployed,0,F,0,Single,0,16,104,0,4,Corporate Auto,1,Corporate L3,5,2,Call Center,3,Medsize,1,0
NH19236,Arizona,3182.63,No,Basic,0,Master,3,2/23/2011,Unemployed,0,M,0,Married,1,34,108,0,1,Personal Auto,0,Personal L3,2,2,Branch,1,Medsize,1,0
MY43761,California,14495.87,No,Extended,1,High School or Below,0,2/23/2011,Employed,1,M,68319,Single,0,20,0,0,9,Personal Auto,0,Personal L2,1,2,Agent,2,Large,2,0
FL85008,Oregon,18180.34,Yes,Basic,0,High School or Below,0,2/23/2011,Disabled,4,F,15433,Married,1,15,12,0,2,Personal Auto,0,Personal L2,1,2,Agent,2,Small,0,0
VM85555,California,10462.66,No,Basic,0,College,1,2/23/2011,Employed,1,F,30602,Single,0,7,46,1,2,Personal Auto,0,Personal L2,1,3,Branch,1,Medsize,1,0
BV86143,California,28395.92,No,Basic,0,High School or Below,0,2/23/2011,Employed,1,F,36283,Married,1,16,72,0,2,Personal Auto,0,Personal L2,1,4,Call Center,3,Medsize,1,0
KH48996,Arizona,16065.74,No,Basic,0,Bachelor,2,2/23/2011,Employed,1,F,131227,Divorced,2,30,54,2,2,Personal Auto,0,Personal L2,1,3,Branch,1,Small,0,0
TO34442,Washington,7469.37,No,Basic,0,College,1,2/23/2011,Employed,1,M,80687,Married,1,8,126,1,3,Personal Auto,0,Personal L3,2,1,Branch,1,Small,0,0
SW96063,Arizona,14147.86,No,Extended,1,Bachelor,2,2/23/2011,Employed,1,F,105887,Divorced,2,15,26,0,4,Personal Auto,0,Personal L3,2,1,Call Center,3,Medsize,1,0
RJ99408,California,7258.97,No,Basic,0,High School or Below,0,2/23/2011,Employed,1,M,48110,Married,1,18,15,0,9,Personal Auto,0,Personal L1,0,3,Branch,1,Medsize,1,0
NP60037,Oregon,19329.91,No,Basic,0,Bachelor,2,2/23/2011,Employed,1,M,30641,Divorced,2,47,53,1,8,Corporate Auto,1,Corporate L3,5,1,Web,0,Medsize,1,1
XM39121,Arizona,10739.85,No,Basic,0,College,1,2/23/2011,Unemployed,0,F,0,Married,1,15,7,0,2,Personal Auto,0,Personal L1,0,1,Web,0,Small,0,0
PY51000,California,17393.14,No,Premium,2,Bachelor,2,2/23/2011,Employed,1,M,46100,Married,1,36,41,0,2,Personal Auto,0,Personal L2,1,1,Agent,2,Medsize,1,0
JP35025,California,7714.12,No,Basic,0,Master,3,2/23/2011,Disabled,4,F,32030,Divorced,2,1,112,0,9,Corporate Auto,1,Corporate L1,3,1,Call Center,3,Small,0,0
ZH93283,Arizona,8107.89,Yes,Extended,1,College,1,2/23/2011,Retired,3,M,18263,Single,0,28,47,0,3,Personal Auto,0,Personal L1,0,1,Agent,2,Medsize,1,0
No61408,California,7310.11,No,Extended,1,Bachelor,2,2/23/2011,Employed,1,F,77560,Married,1,34,14,1,1,Personal Auto,0,Personal L1,0,1,Branch,1,Large,2,0
BX51438,Arizona,3754.95,No,Basic,0,Bachelor,2,2/23/2011,Employed,1,M,75894,Married,1,23,100,2,1,Personal Auto,0,Personal L1,0,4,Web,0,Medsize,1,0
QB24570,Oregon,12192.14,Yes,Extended,1,Master,3,2/23/2011,Unemployed,0,F,0,Single,0,20,63,0,9,Corporate Auto,1,Corporate L3,5,1,Branch,1,Medsize,1,0
KG63751,Washington,9114.44,No,Extended,1,High School or Below,0,2/23/2011,Unemployed,0,M,0,Married,1,19,105,0,9,Personal Auto,0,Personal L3,2,1,Agent,2,Small,0,0
HS14476,Washington,12368.79,No,Extended,1,College,1,2/23/2011,Medical Leave,2,M,40126,Married,1,11,107,0,2,Personal Auto,0,Personal L2,1,1,Call Center,3,Medsize,1,0
YM24654,Washington,24254.49,No,Basic,0,High School or Below,0,2/23/2011,Unemployed,0,F,0,Single,0,20,59,0,2,Personal Auto,0,Personal L3,2,2,Agent,2,Medsize,1,0
BZ85280,Oregon,9833.75,No,Basic,0,College,1,2/23/2011,Medical Leave,2,M,13951,Married,1,7,108,0,2,Personal Auto,0,Personal L1,0,3,Agent,2,Medsize,1,0
LZ89104,Oregon,9643.1,No,Extended,1,High School or Below,0,2/23/2011,Employed,1,M,80715,Married,1,12,109,0,3,Personal Auto,0,Personal L3,2,4,Agent,2,Large,2,0
GV62858,California,5524.11,No,Premium,2,Bachelor,2,2/23/2011,Employed,1,F,52234,Married,1,22,11,0,1,Personal Auto,0,Personal L3,2,1,Web,0,Medsize,1,0
JT69863,Arizona,3253.64,No,Basic,0,Bachelor,2,2/23/2011,Medical Leave,2,M,21948,Married,1,18,113,0,1,Personal Auto,0,Personal L2,1,3,Branch,1,Medsize,1,0
SP93911,California,11919.06,No,Premium,2,High School or Below,0,2/23/2011,Employed,1,F,117073,Divorced,2,27,134,1,3,Corporate Auto,1,Corporate L1,3,1,Agent,2,Medsize,1,0
FR17176,Arizona,20175.53,No,Basic,0,High School or Below,0,2/23/2011,Unemployed,0,F,0,Married,1,15,70,0,2,Personal Auto,0,Personal L3,2,1,Agent,2,Medsize,1,0
FZ19620,Oregon,13058.15,No,Extended,1,High School or Below,0,2/23/2011,Unemployed,0,M,0,Single,0,7,36,0,2,Corporate Auto,1,Corporate L3,5,1,Agent,2,Medsize,1,1
DC37886,Arizona,32856.99,No,Basic,0,High School or Below,0,2/23/2011,Employed,1,F,99484,Married,1,1,14,0,2,Personal Auto,0,Personal L1,0,2,Branch,1,Medsize,1,0
LN28900,California,19827.56,No,Extended,1,Bachelor,2,2/23/2011,Unemployed,0,M,0,Single,0,4,82,0,2,Personal Auto,0,Personal L1,0,1,Web,0,Small,0,0
JF16897,Oregon,11848.09,No,Basic,0,High School or Below,0,2/23/2011,Employed,1,F,38286,Married,1,11,88,0,2,Personal Auto,0,Personal L3,2,1,Branch,1,Medsize,1,1
LN50415,Oregon,6927.34,No,Extended,1,Bachelor,2,2/23/2011,Employed,1,M,68842,Married,1,22,65,0,1,Corporate Auto,1,Corporate L3,5,2,Web,0,Medsize,1,0
BR13613,Oregon,8107.89,Yes,Extended,1,College,1,2/23/2011,Retired,3,M,18263,Single,0,28,47,0,3,Personal Auto,0,Personal L3,2,1,Agent,2,Medsize,1,0
WX92363,Washington,5738.55,No,Basic,0,Bachelor,2,2/23/2011,Employed,1,F,37271,Divorced,2,41,120,0,1,Personal Auto,0,Personal L3,2,1,Branch,1,Medsize,1,0
LF94873,California,17611.25,No,Premium,2,College,1,2/23/2011,Unemployed,0,F,0,Single,0,28,47,1,7,Personal Auto,0,Personal L3,2,3,Branch,1,Medsize,1,1
RN41087,California,3717.6,No,Basic,0,High School or Below,0,2/23/2011,Unemployed,0,F,0,Married,1,39,111,0,1,Personal Auto,0,Personal L3,2,1,Call Center,3,Medsize,1,0
LX46285,Oregon,12192.14,Yes,Extended,1,Master,3,2/23/2011,Unemployed,0,F,0,Single,0,20,63,0,9,Personal Auto,0,Personal L2,1,1,Branch,1,Medsize,1,0
GJ77362,California,6514.63,No,Basic,0,Bachelor,2,2/23/2011,Employed,1,M,83178,Married,1,8,27,1,9,Special Auto,2,Special L3,8,1,Call Center,3,Medsize,1,0
WJ26538,California,4324.46,No,Extended,1,Master,3,2/23/2011,Employed,1,M,92300,Married,1,0,61,0,1,Personal Auto,0,Personal L2,1,3,Agent,2,Medsize,1,0
EI57866,Arizona,3489.51,No,Basic,0,Master,3,2/23/2011,Employed,1,M,82272,Married,1,15,76,0,1,Special Auto,2,Special L1,6,2,Call Center,3,Large,2,0
PB39857,California,6924.97,No,Extended,1,Master,3,2/23/2011,Employed,1,M,97785,Married,1,46,65,0,1,Personal Auto,0,Personal L3,2,2,Agent,2,Large,2,0
XG92008,Arizona,4340.52,No,Extended,1,Master,3,2/23/2011,Employed,1,F,32658,Married,1,15,43,0,1,Personal Auto,0,Personal L2,1,4,Branch,1,Medsize,1,0
MF49636,Arizona,7276.87,No,Basic,0,High School or Below,0,2/23/2011,Employed,1,M,95452,Married,1,42,82,2,6,Personal Auto,0,Personal L1,0,1,Agent,2,Medsize,1,0
QA22158,Arizona,9615.07,No,Extended,1,College,1,2/23/2011,Employed,1,F,87171,Divorced,2,46,123,0,6,Corporate Auto,1,Corporate L3,5,1,Call Center,3,Small,0,0
NS12730,Oregon,9851.88,No,Extended,1,Bachelor,2,2/23/2011,Employed,1,M,33307,Married,1,12,59,0,9,Personal Auto,0,Personal L2,1,4,Branch,1,Medsize,1,0
KE41602,Arizona,10244.28,No,Extended,1,High School or Below,0,2/23/2011,Employed,1,M,103297,Married,1,18,20,0,9,Personal Auto,0,Personal L1,0,2,Branch,1,Medsize,1,0
PC27174,Oregon,5442.58,No,Premium,2,College,1,2/23/2011,Unemployed,0,F,0,Single,0,3,55,0,1,Personal Auto,0,Personal L1,0,2,Web,0,Medsize,1,1
KZ80383,Arizona,8147.37,No,Extended,1,High School or Below,0,2/23/2011,Employed,1,F,39942,Married,1,34,5,0,3,Personal Auto,0,Personal L2,1,2,Branch,1,Medsize,1,0
XD32841,Oregon,18761.47,No,Premium,2,Bachelor,2,2/23/2011,Medical Leave,2,M,32910,Married,1,24,46,0,5,Corporate Auto,1,Corporate L3,5,1,Agent,2,Medsize,1,1
IH23596,California,3437.59,No,Basic,0,Bachelor,2,2/23/2011,Unemployed,0,F,0,Divorced,2,18,15,0,1,Corporate Auto,1,Corporate L3,5,1,Call Center,3,Medsize,1,0
VM51572,Washington,9970.23,No,Basic,0,Bachelor,2,2/23/2011,Employed,1,M,73290,Married,1,43,18,0,2,Personal Auto,0,Personal L2,1,2,Call Center,3,Medsize,1,0
AD12500,California,24060.46,No,Extended,1,High School or Below,0,2/23/2011,Employed,1,F,57640,Single,0,23,68,0,9,Personal Auto,0,Personal L2,1,3,Call Center,3,Small,0,1
RW46214,Oregon,7060.07,No,Basic,0,High School or Below,0,2/23/2011,Medical Leave,2,F,35829,Divorced,2,18,88,1,5,Personal Auto,0,Personal L1,0,2,Call Center,3,Medsize,1,0
CK85904,California,18180.34,Yes,Basic,0,High School or Below,0,2/23/2011,Disabled,4,F,15433,Married,1,15,12,0,2,Corporate Auto,1,Corporate L3,5,2,Agent,2,Small,0,0
SH93005,California,8107.89,Yes,Extended,1,College,1,2/23/2011,Retired,3,M,18263,Single,0,28,47,0,3,Personal Auto,0,Personal L3,2,1,Agent,2,Medsize,1,0
WM24870,Nevada,7267.96,No,Basic,0,College,1,2/23/2011,Employed,1,F,120274,Divorced,2,42,41,2,3,Personal Auto,0,Personal L3,2,1,Branch,1,Medsize,1,0
AY35050,Arizona,9845.43,No,Extended,1,College,1,2/23/2011,Unemployed,0,F,0,Married,1,4,95,0,8,Personal Auto,0,Personal L3,2,1,Branch,1,Medsize,1,0
EV68966,California,12716.84,No,Basic,0,College,1,2/23/2011,Employed,1,M,118584,Married,1,30,57,1,3,Personal Auto,0,Personal L3,2,1,Call Center,3,Medsize,1,0
GV68933,Arizona,10367.56,No,Basic,0,High School or Below,0,2/23/2011,Disabled,4,M,17114,Married,1,28,24,0,9,Personal Auto,0,Personal L3,2,1,Call Center,3,Medsize,1,0
RH28799,Arizona,3281.79,No,Basic,0,College,1,2/23/2011,Unemployed,0,M,0,Single,0,39,41,0,1,Personal Auto,0,Personal L3,2,2,Call Center,3,Medsize,1,0
TV23956,Washington,2820.61,No,Basic,0,High School or Below,0,2/23/2011,Unemployed,0,M,0,Single,0,41,8,1,1,Personal Auto,0,Personal L2,1,1,Agent,2,Small,0,0
HT96569,Oregon,3586.94,No,Basic,0,Bachelor,2,2/23/2011,Employed,1,M,77108,Married,1,8,39,0,1,Personal Auto,0,Personal L3,2,4,Branch,1,Small,0,0
FR34560,Oregon,3383.46,No,Basic,0,Master,3,2/23/2011,Medical Leave,2,F,23211,Divorced,2,5,4,0,1,Corporate Auto,1,Corporate L3,5,1,Web,0,Medsize,1,0
AK44985,California,5202.19,No,Basic,0,College,1,2/23/2011,Unemployed,0,F,0,Single,0,18,4,0,1,Personal Auto,0,Personal L2,1,1,Agent,2,Large,2,1
IC61020,Oregon,10040.65,No,Basic,0,High School or Below,0,2/23/2011,Employed,1,F,119286,Divorced,2,3,99,0,1,Personal Auto,0,Personal L2,1,1,Call Center,3,Large,2,1
CS30372,Oregon,7317.46,No,Basic,0,Bachelor,2,2/23/2011,Employed,1,M,29539,Married,1,12,36,0,5,Corporate Auto,1,Corporate L3,5,3,Agent,2,Medsize,1,0
LI60972,Arizona,6773.77,No,Basic,0,College,1,2/23/2011,Employed,1,F,123935,Married,1,24,43,0,9,Special Auto,2,Special L3,8,2,Agent,2,Large,2,0
WY21918,Washington,5221.75,No,Extended,1,College,1,2/23/2011,Employed,1,F,107498,Single,0,8,5,0,1,Personal Auto,0,Personal L3,2,4,Branch,1,Medsize,1,0
KD93234,Oregon,7428.68,No,Basic,0,High School or Below,0,2/23/2011,Unemployed,0,F,0,Married,1,45,53,0,7,Corporate Auto,1,Corporate L3,5,4,Agent,2,Small,0,0
AM17304,Arizona,9744.81,No,Extended,1,Master,3,2/23/2011,Employed,1,F,61231,Single,0,42,41,0,3,Personal Auto,0,Personal L3,2,2,Call Center,3,Medsize,1,0
DH93217,California,40330.91,No,Extended,1,Master,3,2/23/2011,Employed,1,F,71079,Single,0,46,27,0,2,Personal Auto,0,Personal L3,2,3,Call Center,3,Small,0,0
TG37039,Oregon,8424.9,No,Extended,1,Bachelor,2,2/23/2011,Unemployed,0,F,0,Single,0,42,12,0,9,Personal Auto,0,Personal L3,2,1,Branch,1,Medsize,1,0
LU86185,California,12192.14,Yes,Extended,1,Master,3,2/23/2011,Unemployed,0,F,0,Single,0,20,63,0,9,Corporate Auto,1,Corporate L2,4,1,Branch,1,Medsize,1,0
CW77053,Oregon,6043.7,No,Basic,0,High School or Below,0,2/23/2011,Unemployed,0,F,0,Divorced,2,30,62,0,3,Personal Auto,0,Personal L2,1,2,Agent,2,Medsize,1,0
TS76653,Nevada,12192.14,Yes,Extended,1,Master,3,2/23/2011,Unemployed,0,F,0,Single,0,20,63,0,9,Personal Auto,0,Personal L2,1,1,Branch,1,Medsize,1,0
TM24806,Oregon,8107.89,Yes,Extended,1,College,1,2/23/2011,Retired,3,M,18263,Single,0,28,47,0,3,Personal Auto,0,Personal L2,1,1,Agent,2,Medsize,1,0
AY19539,California,8107.89,Yes,Extended,1,College,1,2/23/2011,Retired,3,M,18263,Single,0,28,47,0,3,Personal Auto,0,Personal L3,2,1,Agent,2,Medsize,1,0
LJ79533,Nevada,18180.34,Yes,Basic,0,High School or Below,0,2/23/2011,Disabled,4,F,15433,Married,1,15,12,0,2,Special Auto,2,Special L2,7,2,Agent,2,Small,0,0
TG95261,California,12192.14,Yes,Extended,1,Master,3,2/23/2011,Unemployed,0,F,0,Single,0,20,63,0,9,Personal Auto,0,Personal L2,1,1,Branch,1,Medsize,1,0
GI55977,Oregon,3155.42,No,Basic,0,High School or Below,0,2/23/2011,Medical Leave,2,F,38888,Married,1,18,122,0,1,Personal Auto,0,Personal L1,0,2,Call Center,3,Small,0,0
XO92596,California,8107.89,Yes,Extended,1,College,1,2/23/2011,Retired,3,M,18263,Single,0,28,47,0,3,Personal Auto,0,Personal L3,2,1,Agent,2,Medsize,1,0
YP71513,Oregon,6587.61,No,Basic,0,College,1,2/23/2011,Unemployed,0,M,0,Single,0,9,113,0,5,Personal Auto,0,Personal L3,2,1,Agent,2,Medsize,1,0
CJ51511,Arizona,18180.34,Yes,Basic,0,High School or Below,0,2/23/2011,Disabled,4,F,15433,Married,1,15,12,0,2,Corporate Auto,1,Corporate L3,5,2,Agent,2,Small,0,0
PL56477,Oregon,3952.15,No,Basic,0,College,1,2/23/2011,Employed,1,F,28150,Married,1,11,8,0,1,Personal Auto,0,Personal L3,2,3,Branch,1,Small,0,0
ZA37110,Nevada,6343.7,No,Extended,1,Bachelor,2,2/23/2011,Unemployed,0,F,0,Married,1,19,126,2,1,Personal Auto,0,Personal L3,2,1,Web,0,Medsize,1,0
NI58226,Oregon,3716.08,No,Basic,0,High School or Below,0,2/23/2011,Employed,1,F,109728,Married,1,8,63,0,1,Personal Auto,0,Personal L3,2,3,Web,0,Medsize,1,0
JZ16164,Oregon,6899.52,No,Extended,1,Bachelor,2,2/23/2011,Disabled,4,F,30463,Married,1,0,27,0,1,Personal Auto,0,Personal L1,0,3,Agent,2,Small,0,0
GS85403,Washington,12192.14,Yes,Extended,1,Master,3,2/23/2011,Unemployed,0,F,0,Single,0,20,63,0,9,Corporate Auto,1,Corporate L2,4,1,Branch,1,Medsize,1,0
NJ55678,Arizona,10563.06,No,Basic,0,Bachelor,2,2/23/2011,Employed,1,F,87133,Married,1,1,113,0,2,Personal Auto,0,Personal L3,2,2,Call Center,3,Medsize,1,0
UD61088,California,18628.72,No,Extended,1,Bachelor,2,2/23/2011,Unemployed,0,M,0,Married,1,27,42,0,2,Personal Auto,0,Personal L1,0,1,Agent,2,Small,0,0
BN45584,Oregon,5447.15,No,Basic,0,College,1,2/23/2011,Unemployed,0,F,0,Single,0,11,38,0,1,Special Auto,2,Special L3,8,3,Branch,1,Medsize,1,1
PR37714,California,9656.83,No,Extended,1,Bachelor,2,2/23/2011,Employed,1,F,43521,Divorced,2,20,108,0,4,Personal Auto,0,Personal L3,2,3,Branch,1,Medsize,1,0
AS55478,Oregon,5231.07,No,Extended,1,Bachelor,2,2/23/2011,Employed,1,M,36005,Married,1,31,18,0,1,Corporate Auto,1,Corporate L3,5,4,Call Center,3,Small,0,0
AD28349,Arizona,6260.69,No,Basic,0,High School or Below,0,2/23/2011,Unemployed,0,M,0,Divorced,2,24,109,0,3,Personal Auto,0,Personal L3,2,1,Call Center,3,Medsize,1,0
GC52187,Nevada,4928.28,No,Extended,1,College,1,2/23/2011,Employed,1,F,119937,Married,1,43,57,0,1,Personal Auto,0,Personal L2,1,4,Branch,1,Large,2,0
FL69981,California,5452.47,No,Basic,0,Bachelor,2,2/23/2011,Unemployed,0,F,0,Married,1,23,80,0,1,Personal Auto,0,Personal L3,2,2,Call Center,3,Medsize,1,0
IK49861,Oregon,4195.24,No,Extended,1,Bachelor,2,2/23/2011,Unemployed,0,M,0,Married,1,1,89,0,1,Personal Auto,0,Personal L2,1,2,Agent,2,Medsize,1,0
VQ97965,Oregon,4744.19,No,Extended,1,Bachelor,2,2/23/2011,Employed,1,F,99418,Single,0,3,3,0,1,Corporate Auto,1,Corporate L3,5,2,Agent,2,Medsize,1,0
BQ20851,California,11199.57,No,Basic,0,Master,3,2/23/2011,Employed,1,M,99301,Divorced,2,42,5,0,9,Personal Auto,0,Personal L3,2,1,Agent,2,Medsize,1,0
PN77420,California,7258.8,No,Basic,0,College,1,2/23/2011,Employed,1,M,40553,Single,0,28,70,0,9,Corporate Auto,1,Corporate L3,5,3,Agent,2,Medsize,1,0
KF96171,California,11026.79,No,Premium,2,High School or Below,0,2/23/2011,Unemployed,0,F,0,Single,0,7,36,0,6,Personal Auto,0,Personal L2,1,1,Call Center,3,Medsize,1,1
RR74547,California,3886.44,No,Extended,1,High School or Below,0,2/23/2011,Unemployed,0,M,0,Single,0,45,93,0,1,Personal Auto,0,Personal L3,2,3,Call Center,3,Large,2,0
BY88565,California,7046.67,No,Basic,0,College,1,2/23/2011,Employed,1,F,65074,Divorced,2,27,63,0,6,Personal Auto,0,Personal L2,1,4,Call Center,3,Medsize,1,0
LA29810,California,8425.22,No,Extended,1,College,1,2/23/2011,Employed,1,F,92248,Married,1,31,28,3,8,Personal Auto,0,Personal L2,1,2,Branch,1,Medsize,1,0
VC11777,California,7003.33,No,Basic,0,High School or Below,0,2/23/2011,Employed,1,F,108703,Single,0,27,58,2,9,Personal Auto,0,Personal L1,0,1,Branch,1,Small,0,0
NE79174,California,7271.79,No,Basic,0,Bachelor,2,2/23/2011,Employed,1,M,55658,Married,1,3,134,3,7,Personal Auto,0,Personal L3,2,2,Web,0,Medsize,1,0
EA54906,California,10127.24,No,Extended,1,High School or Below,0,2/23/2011,Employed,1,F,52480,Divorced,2,8,116,0,3,Corporate Auto,1,Corporate L1,3,2,Branch,1,Medsize,1,0
BU79786,Washington,3730.75,No,Basic,0,Bachelor,2,2/24/2011,Employed,1,F,75970,Married,1,43,7,0,1,Corporate Auto,1,Corporate L3,5,1,Agent,2,Medsize,1,0
XZ87318,Oregon,7264.21,Yes,Basic,0,College,1,2/24/2011,Employed,1,F,74723,Married,1,0,18,0,9,Corporate Auto,1,Corporate L3,5,1,Agent,2,Medsize,1,0
TZ98966,Nevada,3307.76,No,Basic,0,Bachelor,2,2/24/2011,Unemployed,0,F,0,Single,0,5,59,3,1,Corporate Auto,1,Corporate L3,5,1,Branch,1,Medsize,1,0
PY70169,Oregon,30569.18,No,Basic,0,High School or Below,0,2/24/2011,Employed,1,M,125565,Divorced,2,23,16,0,2,Personal Auto,0,Personal L3,2,4,Agent,2,Medsize,1,0
YT36855,Washington,4025.53,No,Extended,1,College,1,2/24/2011,Unemployed,0,M,0,Married,1,35,120,0,1,Personal Auto,0,Personal L2,1,3,Web,0,Medsize,1,0
LM19287,Oregon,5037.53,Yes,Extended,1,High School or Below,0,2/24/2011,Unemployed,0,F,0,Married,1,42,46,0,1,Personal Auto,0,Personal L1,0,1,Agent,2,Large,2,0
BS77946,Arizona,13166.96,No,Extended,1,Bachelor,2,2/24/2011,Medical Leave,2,F,23644,Married,1,3,7,0,3,Personal Auto,0,Personal L1,0,1,Branch,1,Medsize,1,0
EZ78112,California,7574.8,No,Basic,0,High School or Below,0,2/24/2011,Employed,1,F,104616,Single,0,3,47,0,3,Special Auto,2,Special L3,8,1,Agent,2,Medsize,1,0
KQ51983,Nevada,6965.15,No,Basic,0,College,1,2/24/2011,Unemployed,0,M,0,Single,0,3,57,0,9,Personal Auto,0,Personal L1,0,1,Branch,1,Medsize,1,1
LA97014,Washington,3478.29,No,Basic,0,Bachelor,2,2/24/2011,Employed,1,M,50725,Married,1,26,19,1,1,Personal Auto,0,Personal L1,0,1,Agent,2,Medsize,1,0
JP30654,Oregon,38725.87,No,Basic,0,College,1,2/24/2011,Employed,1,F,65356,Single,0,20,31,0,2,Personal Auto,0,Personal L3,2,3,Agent,2,Medsize,1,0
YE88490,Arizona,7264.21,Yes,Basic,0,College,1,2/24/2011,Employed,1,F,74723,Married,1,0,18,0,9,Personal Auto,0,Personal L2,1,1,Agent,2,Medsize,1,0
LZ52266,California,5037.53,Yes,Extended,1,High School or Below,0,2/24/2011,Unemployed,0,F,0,Married,1,42,46,0,1,Personal Auto,0,Personal L1,0,1,Agent,2,Large,2,0
KH64733,Nevada,7950.84,No,Basic,0,College,1,2/24/2011,Employed,1,F,83709,Married,1,5,9,0,3,Personal Auto,0,Personal L3,2,2,Agent,2,Medsize,1,0
TN36521,Arizona,33723.3,No,Basic,0,College,1,2/24/2011,Employed,1,F,119394,Single,0,26,41,0,2,Personal Auto,0,Personal L3,2,4,Branch,1,Medsize,1,0
VN79010,California,11539.24,No,Basic,0,High School or Below,0,2/24/2011,Employed,1,F,69092,Married,1,14,34,0,2,Corporate Auto,1,Corporate L2,4,1,Call Center,3,Small,0,0
DX34647,California,10477.71,No,Extended,1,College,1,2/24/2011,Employed,1,F,58235,Married,1,11,55,0,8,Personal Auto,0,Personal L3,2,2,Call Center,3,Large,2,0
PB11270,Oregon,9595.33,No,Basic,0,Bachelor,2,2/24/2011,Unemployed,0,F,0,Married,1,3,20,0,2,Personal Auto,0,Personal L2,1,1,Agent,2,Medsize,1,0
HA99340,Oregon,3237.75,No,Basic,0,High School or Below,0,2/24/2011,Unemployed,0,M,0,Married,1,35,131,0,1,Personal Auto,0,Personal L3,2,1,Agent,2,Medsize,1,0
WA84789,Washington,14445.67,No,Extended,1,Bachelor,2,2/24/2011,Employed,1,F,101673,Married,1,22,86,1,2,Personal Auto,0,Personal L1,0,1,Web,0,Medsize,1,0
OL36978,California,7297.45,No,Basic,0,High School or Below,0,2/24/2011,Employed,1,F,90775,Married,1,30,8,1,9,Personal Auto,0,Personal L3,2,2,Call Center,3,Medsize,1,0
JQ65500,Oregon,11638.35,No,Premium,2,Bachelor,2,2/24/2011,Employed,1,F,60734,Married,1,41,77,0,3,Corporate Auto,1,Corporate L2,4,1,Web,0,Medsize,1,0
VF87723,California,14158.45,No,Extended,1,College,1,2/24/2011,Employed,1,M,41388,Married,1,8,90,0,2,Personal Auto,0,Personal L3,2,2,Branch,1,Medsize,1,0
GH36606,Washington,3966.41,No,Extended,1,College,1,2/24/2011,Unemployed,0,M,0,Single,0,16,90,0,1,Personal Auto,0,Personal L2,1,3,Agent,2,Medsize,1,0
WI89081,Washington,14030.5,No,Extended,1,Bachelor,2,2/24/2011,Employed,1,M,126218,Married,1,11,0,0,9,Personal Auto,0,Personal L1,0,1,Agent,2,Medsize,1,0
ZG94155,Oregon,8416.31,No,Extended,1,Bachelor,2,2/24/2011,Unemployed,0,M,0,Married,1,35,16,0,9,Personal Auto,0,Personal L3,2,1,Branch,1,Large,2,0
JX14364,Oregon,17867.98,No,Basic,0,College,1,2/24/2011,Employed,1,M,53700,Married,1,31,66,0,2,Personal Auto,0,Personal L3,2,1,Call Center,3,Medsize,1,1
MK15785,Nevada,5922.87,No,Basic,0,Master,3,2/24/2011,Employed,1,M,64820,Married,1,32,77,0,1,Corporate Auto,1,Corporate L2,4,4,Call Center,3,Medsize,1,0
ZR88383,Nevada,7264.21,Yes,Basic,0,College,1,2/24/2011,Employed,1,F,74723,Married,1,0,18,0,9,Personal Auto,0,Personal L1,0,1,Agent,2,Medsize,1,0
UO95739,Oregon,6018.21,No,Basic,0,College,1,2/24/2011,Employed,1,M,73850,Divorced,2,8,101,0,1,Personal Auto,0,Personal L3,2,1,Web,0,Medsize,1,0
NE10467,Arizona,5779.43,No,Basic,0,High School or Below,0,2/24/2011,Employed,1,F,32011,Married,1,3,16,0,1,Corporate Auto,1,Corporate L1,3,4,Call Center,3,Medsize,1,0
CU19735,Arizona,10855.62,No,Basic,0,High School or Below,0,2/24/2011,Employed,1,M,60731,Married,1,19,112,0,3,Corporate Auto,1,Corporate L1,3,1,Call Center,3,Medsize,1,0
PT12544,Arizona,9288.63,No,Extended,1,College,1,2/24/2011,Employed,1,M,86312,Married,1,27,85,0,6,Personal Auto,0,Personal L2,1,2,Call Center,3,Medsize,1,0
FN77294,California,10401.69,No,Basic,0,High School or Below,0,2/24/2011,Employed,1,M,40994,Single,0,34,18,2,3,Personal Auto,0,Personal L2,1,1,Branch,1,Medsize,1,0
WU86174,California,3614.33,No,Basic,0,Bachelor,2,2/24/2011,Unemployed,0,F,0,Married,1,39,116,0,1,Personal Auto,0,Personal L3,2,1,Branch,1,Medsize,1,0
KI58952,California,69306.17,No,Premium,2,College,1,2/24/2011,Employed,1,F,98272,Single,0,4,63,1,2,Personal Auto,0,Personal L2,1,1,Web,0,Large,2,0
VT28596,California,6419.9,No,Basic,0,High School or Below,0,2/24/2011,Unemployed,0,F,0,Single,0,36,120,0,3,Personal Auto,0,Personal L2,1,2,Branch,1,Medsize,1,0
FF75737,Oregon,11251.33,No,Basic,0,High School or Below,0,2/24/2011,Employed,1,F,67299,Divorced,2,36,115,1,2,Personal Auto,0,Personal L3,2,1,Branch,1,Small,0,0
OP75571,Arizona,10817.34,No,Basic,0,College,1,2/24/2011,Employed,1,F,54857,Divorced,2,5,61,0,6,Personal Auto,0,Personal L3,2,3,Call Center,3,Medsize,1,0
HE12295,California,6003.1,No,Basic,0,High School or Below,0,2/24/2011,Unemployed,0,M,0,Single,0,43,57,0,3,Personal Auto,0,Personal L1,0,1,Branch,1,Medsize,1,0
WL74893,Oregon,6114.3,No,Basic,0,College,1,2/24/2011,Unemployed,0,F,0,Married,1,30,77,0,9,Special Auto,2,Special L3,8,3,Agent,2,Medsize,1,0
MA45099,Oregon,8746.38,No,Extended,1,Bachelor,2,2/24/2011,Employed,1,M,68666,Married,1,24,116,1,4,Corporate Auto,1,Corporate L1,3,1,Agent,2,Medsize,1,0
VO43359,California,3245.91,No,Basic,0,High School or Below,0,2/24/2011,Employed,1,M,84359,Married,1,47,63,2,1,Personal Auto,0,Personal L3,2,2,Call Center,3,Medsize,1,0
DS32060,California,9134.85,No,Extended,1,College,1,2/24/2011,Employed,1,M,27062,Married,1,20,80,0,3,Personal Auto,0,Personal L2,1,3,Web,0,Medsize,1,0
QN62538,Nevada,6485.31,No,Basic,0,High School or Below,0,2/24/2011,Unemployed,0,M,0,Single,0,42,34,0,7,Corporate Auto,1,Corporate L2,4,1,Call Center,3,Small,0,0
HM38744,Oregon,22238.78,Yes,Basic,0,Bachelor,2,2/24/2011,Retired,3,M,30818,Married,1,15,73,0,2,Corporate Auto,1,Corporate L3,5,1,Agent,2,Medsize,1,0
FZ79470,Arizona,7283.72,No,Basic,0,Bachelor,2,2/24/2011,Unemployed,0,F,0,Married,1,18,41,0,4,Personal Auto,0,Personal L2,1,3,Web,0,Medsize,1,0
VQ76590,Arizona,22238.78,Yes,Basic,0,Bachelor,2,2/24/2011,Retired,3,M,30818,Married,1,15,73,0,2,Personal Auto,0,Personal L1,0,1,Agent,2,Medsize,1,0
IJ98317,California,9766.09,No,Extended,1,Bachelor,2,2/24/2011,Employed,1,F,116705,Married,1,34,107,0,6,Personal Auto,0,Personal L3,2,3,Agent,2,Medsize,1,0
LO90345,Oregon,19537.99,No,Basic,0,College,1,2/24/2011,Employed,1,F,29716,Married,1,7,93,0,5,Corporate Auto,1,Corporate L3,5,2,Web,0,Small,0,0
QX42433,California,9977.72,No,Extended,1,College,1,2/24/2011,Employed,1,M,41106,Married,1,31,63,0,3,Personal Auto,0,Personal L3,2,1,Agent,2,Medsize,1,0
BV33510,Arizona,35658.29,No,Extended,1,High School or Below,0,2/24/2011,Employed,1,F,33252,Married,1,34,117,1,2,Personal Auto,0,Personal L3,2,2,Web,0,Large,2,0
JO64487,California,9374.05,No,Extended,1,High School or Below,0,2/24/2011,Unemployed,0,F,0,Single,0,5,58,5,2,Special Auto,2,Special L2,7,1,Agent,2,Large,2,0
NP18074,Arizona,5683.07,No,Basic,0,Bachelor,2,2/24/2011,Employed,1,F,78210,Married,1,14,86,0,1,Personal Auto,0,Personal L3,2,1,Call Center,3,Small,0,0
CW98845,Oregon,3127.67,No,Basic,0,Bachelor,2,2/24/2011,Unemployed,0,M,0,Married,1,3,108,0,1,Personal Auto,0,Personal L2,1,4,Branch,1,Medsize,1,0
FQ66070,California,11462.88,No,Basic,0,College,1,2/24/2011,Employed,1,M,83803,Married,1,34,111,0,2,Personal Auto,0,Personal L2,1,3,Branch,1,Medsize,1,0
XO90806,California,11349.13,No,Basic,0,College,1,2/24/2011,Employed,1,F,90623,Married,1,45,122,0,4,Personal Auto,0,Personal L3,2,1,Agent,2,Small,0,0
XY91562,Oregon,10405.54,No,Premium,2,College,1,2/24/2011,Unemployed,0,F,0,Single,0,0,15,0,3,Personal Auto,0,Personal L3,2,1,Agent,2,Medsize,1,0
UK86050,Arizona,10648.75,No,Basic,0,High School or Below,0,2/24/2011,Employed,1,F,103397,Divorced,2,0,123,0,2,Personal Auto,0,Personal L3,2,1,Agent,2,Large,2,0
FU55433,Arizona,3606.95,No,Basic,0,High School or Below,0,2/24/2011,Employed,1,M,84310,Married,1,1,12,0,1,Corporate Auto,1,Corporate L2,4,2,Branch,1,Medsize,1,0
JB39997,California,8347.3,No,Extended,1,College,1,2/24/2011,Employed,1,F,49226,Married,1,7,23,0,7,Personal Auto,0,Personal L1,0,4,Call Center,3,Medsize,1,0
FK37308,Oregon,3649.68,No,Basic,0,Doctor,4,2/24/2011,Unemployed,0,F,0,Married,1,26,65,0,1,Corporate Auto,1,Corporate L3,5,3,Call Center,3,Medsize,1,0
IH64929,California,6690.93,No,Basic,0,High School or Below,0,2/24/2011,Employed,1,M,117716,Single,0,47,61,0,3,Personal Auto,0,Personal L2,1,2,Branch,1,Medsize,1,0
FH86704,California,8693.1,No,Extended,1,High School or Below,0,2/24/2011,Unemployed,0,M,0,Single,0,9,115,0,4,Personal Auto,0,Personal L3,2,1,Agent,2,Medsize,1,0
WY17451,Oregon,11638.6,No,Extended,1,College,1,2/24/2011,Unemployed,0,F,0,Single,0,16,16,1,2,Personal Auto,0,Personal L3,2,1,Call Center,3,Medsize,1,0
QM74025,Oregon,6185.91,No,Basic,0,High School or Below,0,2/24/2011,Employed,1,F,66903,Divorced,2,1,99,0,1,Personal Auto,0,Personal L2,1,3,Web,0,Large,2,0
MW83318,Oregon,11915.93,No,Basic,0,College,1,2/24/2011,Employed,1,F,35532,Married,1,4,124,0,9,Corporate Auto,1,Corporate L2,4,1,Web,0,Large,2,0
ZZ41158,Washington,5520.73,No,Basic,0,College,1,2/24/2011,Employed,1,M,38483,Married,1,36,50,0,1,Personal Auto,0,Personal L1,0,2,Agent,2,Small,0,0
OG84541,Arizona,17253.37,No,Basic,0,Master,3,2/24/2011,Employed,1,F,45244,Married,1,45,3,0,2,Personal Auto,0,Personal L2,1,1,Branch,1,Medsize,1,0
HN97052,Oregon,7027.98,No,Basic,0,College,1,2/24/2011,Unemployed,0,F,0,Married,1,24,123,0,9,Personal Auto,0,Personal L3,2,1,Branch,1,Medsize,1,0
RK81706,Arizona,9974.79,No,Extended,1,College,1,2/24/2011,Unemployed,0,F,0,Married,1,42,32,0,3,Personal Auto,0,Personal L3,2,4,Call Center,3,Medsize,1,0
WP65749,Nevada,9959.26,No,Basic,0,College,1,2/24/2011,Unemployed,0,M,0,Married,1,22,57,0,2,Personal Auto,0,Personal L3,2,4,Branch,1,Medsize,1,0
HE99696,Washington,6462.73,No,Basic,0,College,1,2/24/2011,Unemployed,0,F,0,Single,0,22,61,0,5,Personal Auto,0,Personal L3,2,1,Call Center,3,Small,0,0
VZ23007,Oregon,7264.21,Yes,Basic,0,College,1,2/24/2011,Employed,1,F,74723,Married,1,0,18,0,9,Personal Auto,0,Personal L2,1,1,Agent,2,Medsize,1,0
NH95163,Oregon,5004.83,No,Premium,2,College,1,2/24/2011,Medical Leave,2,F,22243,Divorced,2,39,34,0,1,Personal Auto,0,Personal L3,2,1,Web,0,Medsize,1,0
SQ87105,Oregon,6427.27,No,Basic,0,Bachelor,2,2/24/2011,Unemployed,0,F,0,Single,0,12,1,0,6,Corporate Auto,1,Corporate L3,5,1,Web,0,Medsize,1,0
MR50410,Nevada,6840.45,No,Extended,1,College,1,2/24/2011,Employed,1,M,121099,Married,1,8,73,0,1,Personal Auto,0,Personal L1,0,4,Branch,1,Medsize,1,0
AI11191,Arizona,5708.13,No,Basic,0,High School or Below,0,2/24/2011,Employed,1,F,105102,Single,0,16,103,0,1,Personal Auto,0,Personal L2,1,1,Branch,1,Medsize,1,0
TY27229,Arizona,12304.27,No,Premium,2,Bachelor,2,2/24/2011,Employed,1,M,116022,Married,1,22,49,2,5,Personal Auto,0,Personal L2,1,3,Agent,2,Medsize,1,0
ER97256,Arizona,7264.21,Yes,Basic,0,College,1,2/24/2011,Employed,1,F,74723,Married,1,0,18,0,9,Personal Auto,0,Personal L3,2,1,Agent,2,Medsize,1,0
RA29518,Washington,7441.66,No,Extended,1,Master,3,2/24/2011,Employed,1,M,62061,Married,1,20,123,0,1,Special Auto,2,Special L3,8,1,Branch,1,Medsize,1,0
CR20811,California,14392.21,No,Extended,1,Bachelor,2,2/24/2011,Employed,1,F,81867,Married,1,46,92,0,5,Personal Auto,0,Personal L3,2,1,Agent,2,Medsize,1,0
HJ57617,Oregon,10375.29,No,Basic,0,Bachelor,2,2/24/2011,Employed,1,M,42776,Married,1,19,61,2,8,Corporate Auto,1,Corporate L1,3,1,Web,0,Medsize,1,0
EO56466,Oregon,33291.66,No,Basic,0,College,1,2/24/2011,Medical Leave,2,M,29795,Married,1,34,45,0,2,Special Auto,2,Special L2,7,1,Agent,2,Medsize,1,0
SF18484,Oregon,26780.36,No,Basic,0,Master,3,2/24/2011,Unemployed,0,F,0,Married,1,30,0,1,2,Personal Auto,0,Personal L1,0,1,Branch,1,Medsize,1,0
UT18598,California,6634.89,No,Basic,0,Bachelor,2,2/24/2011,Disabled,4,F,19213,Married,1,18,1,0,5,Personal Auto,0,Personal L3,2,4,Agent,2,Small,0,0
TI19394,Oregon,3940.08,No,Basic,0,College,1,2/24/2011,Employed,1,M,108964,Married,1,24,16,0,1,Personal Auto,0,Personal L3,2,2,Web,0,Small,0,0
MU53244,California,6878.84,No,Extended,1,Bachelor,2,2/24/2011,Unemployed,0,F,0,Married,1,26,41,0,1,Personal Auto,0,Personal L2,1,1,Web,0,Medsize,1,0
QZ83992,California,11721.02,No,Basic,0,College,1,2/24/2011,Medical Leave,2,M,14229,Married,1,45,103,0,3,Corporate Auto,1,Corporate L1,3,1,Agent,2,Medsize,1,0
ZN65873,California,5037.53,Yes,Extended,1,High School or Below,0,2/24/2011,Unemployed,0,F,0,Married,1,42,46,0,1,Corporate Auto,1,Corporate L3,5,1,Agent,2,Large,2,0
HL91178,California,3793.19,No,Basic,0,High School or Below,0,2/24/2011,Employed,1,M,100863,Married,1,27,90,0,1,Personal Auto,0,Personal L3,2,1,Branch,1,Large,2,0
GW89349,Nevada,10344.28,No,Basic,0,High School or Below,0,2/24/2011,Unemployed,0,M,0,Single,0,38,26,0,2,Corporate Auto,1,Corporate L2,4,1,Call Center,3,Medsize,1,0
HZ84382,Oregon,11183.19,No,Premium,2,Master,3,2/24/2011,Employed,1,M,128049,Single,0,8,45,0,3,Personal Auto,0,Personal L3,2,1,Call Center,3,Small,0,0
TV97612,Oregon,10943.09,No,Basic,0,Bachelor,2,2/24/2011,Medical Leave,2,M,28100,Married,1,9,47,0,9,Personal Auto,0,Personal L3,2,1,Agent,2,Medsize,1,0
PE72393,Arizona,16071.84,No,Premium,2,High School or Below,0,2/24/2011,Unemployed,0,F,0,Single,0,26,53,0,2,Corporate Auto,1,Corporate L1,3,1,Branch,1,Medsize,1,1
IX97339,Arizona,12466.27,No,Extended,1,College,1,2/24/2011,Unemployed,0,F,0,Single,0,39,58,0,6,Corporate Auto,1,Corporate L3,5,1,Branch,1,Medsize,1,0
UO93347,California,5069.6,No,Extended,1,High School or Below,0,2/24/2011,Employed,1,M,46742,Married,1,38,89,0,1,Personal Auto,0,Personal L3,2,2,Call Center,3,Medsize,1,0
QR42111,Arizona,6829.55,No,Extended,1,High School or Below,0,2/24/2011,Unemployed,0,F,0,Married,1,43,36,0,1,Special Auto,2,Special L2,7,1,Branch,1,Small,0,0
OV29928,Washington,7054.09,No,Basic,0,College,1,2/24/2011,Employed,1,F,91021,Married,1,32,0,0,9,Corporate Auto,1,Corporate L3,5,3,Agent,2,Medsize,1,0
WS60888,California,22238.78,Yes,Basic,0,Bachelor,2,2/24/2011,Retired,3,M,30818,Married,1,15,73,0,2,Personal Auto,0,Personal L2,1,1,Agent,2,Medsize,1,0
IL32727,California,5998.9,No,Extended,1,High School or Below,0,2/24/2011,Unemployed,0,F,0,Married,1,9,93,0,1,Personal Auto,0,Personal L2,1,1,Agent,2,Medsize,1,0
QI63521,Nevada,25958.43,No,Basic,0,High School or Below,0,2/24/2011,Unemployed,0,M,0,Single,0,19,43,0,2,Personal Auto,0,Personal L2,1,1,Branch,1,Medsize,1,1
DQ92905,Arizona,17536.25,No,Basic,0,Bachelor,2,2/24/2011,Unemployed,0,M,0,Single,0,22,4,0,2,Personal Auto,0,Personal L3,2,1,Web,0,Medsize,1,0
LC90366,Nevada,22238.78,Yes,Basic,0,Bachelor,2,2/24/2011,Retired,3,M,30818,Married,1,15,73,0,2,Personal Auto,0,Personal L2,1,1,Agent,2,Medsize,1,0
SM67119,California,9616.99,No,Basic,0,College,1,2/24/2011,Disabled,4,F,21788,Married,1,26,93,0,2,Personal Auto,0,Personal L3,2,1,Branch,1,Large,2,0
KB90953,California,54178.22,No,Extended,1,Bachelor,2,2/24/2011,Employed,1,F,133259,Married,1,28,57,0,2,Personal Auto,0,Personal L2,1,2,Branch,1,Medsize,1,0
DQ19344,California,4201.27,No,Extended,1,College,1,2/24/2011,Employed,1,M,44612,Married,1,19,35,0,1,Personal Auto,0,Personal L3,2,4,Branch,1,Medsize,1,0
NY90858,California,9133.83,No,Extended,1,College,1,2/24/2011,Employed,1,M,79696,Married,1,0,115,0,3,Personal Auto,0,Personal L3,2,1,Agent,2,Medsize,1,0
UH93563,California,7163.32,No,Basic,0,College,1,2/24/2011,Employed,1,M,57876,Married,1,3,18,0,6,Corporate Auto,1,Corporate L3,5,3,Web,0,Small,0,0
BJ58596,California,3356.68,No,Basic,0,High School or Below,0,2/24/2011,Unemployed,0,F,0,Single,0,30,74,0,1,Corporate Auto,1,Corporate L3,5,2,Branch,1,Large,2,0
WJ92113,California,18942.8,No,Premium,2,Bachelor,2,2/24/2011,Employed,1,F,122932,Married,1,30,128,0,2,Personal Auto,0,Personal L2,1,1,Agent,2,Medsize,1,0
PW78930,California,4025.97,No,Basic,0,Bachelor,2,2/24/2011,Employed,1,M,107356,Married,1,46,54,0,1,Personal Auto,0,Personal L2,1,3,Agent,2,Medsize,1,0
FZ30935,Oregon,8189.26,No,Extended,1,College,1,2/25/2011,Employed,1,M,44046,Married,1,15,81,0,7,Personal Auto,0,Personal L2,1,1,Agent,2,Small,0,0
CT41158,Washington,14508.49,No,Extended,1,College,1,2/25/2011,Employed,1,M,89702,Divorced,2,11,104,0,3,Corporate Auto,1,Corporate L1,3,2,Branch,1,Large,2,0
KY21873,Arizona,6818.62,No,Basic,0,College,1,2/25/2011,Unemployed,0,M,0,Married,1,22,61,0,6,Personal Auto,0,Personal L1,0,3,Agent,2,Medsize,1,0
HX21307,Oregon,3532.43,Yes,Basic,0,College,1,2/25/2011,Employed,1,M,97608,Divorced,2,8,36,0,1,Personal Auto,0,Personal L3,2,1,Agent,2,Medsize,1,0
IB87349,California,6113.48,No,Premium,2,High School or Below,0,2/25/2011,Employed,1,M,94959,Married,1,7,76,0,1,Special Auto,2,Special L2,7,1,Agent,2,Small,0,0
KO46064,California,3685.77,No,Basic,0,Bachelor,2,2/25/2011,Employed,1,M,62282,Married,1,16,92,0,1,Personal Auto,0,Personal L3,2,1,Agent,2,Medsize,1,0
HG32616,Nevada,7149.25,No,Extended,1,High School or Below,0,2/25/2011,Employed,1,M,67770,Divorced,2,31,132,0,1,Personal Auto,0,Personal L3,2,1,Agent,2,Medsize,1,0
WO29605,Oregon,3289.78,No,Basic,0,College,1,2/25/2011,Employed,1,F,65981,Married,1,27,12,0,1,Personal Auto,0,Personal L1,0,1,Call Center,3,Small,0,0
VS19949,Nevada,3911.79,No,Basic,0,Bachelor,2,2/25/2011,Employed,1,M,73355,Married,1,36,9,0,1,Personal Auto,0,Personal L2,1,3,Web,0,Medsize,1,0
KX17826,Oregon,6304.56,No,Extended,1,Doctor,4,2/25/2011,Unemployed,0,M,0,Married,1,28,46,0,1,Corporate Auto,1,Corporate L3,5,1,Branch,1,Medsize,1,0
VL37375,California,8349.88,No,Extended,1,Bachelor,2,2/25/2011,Unemployed,0,M,0,Single,0,11,38,0,3,Personal Auto,0,Personal L3,2,1,Branch,1,Small,0,1
QO41043,Oregon,19542.77,No,Extended,1,College,1,2/25/2011,Disabled,4,F,37222,Married,1,15,77,0,2,Corporate Auto,1,Corporate L3,5,3,Branch,1,Medsize,1,0
JJ24476,Arizona,7718.25,No,Basic,0,Master,3,2/25/2011,Employed,1,F,70728,Married,1,12,43,0,3,Personal Auto,0,Personal L2,1,2,Web,0,Medsize,1,0
MF53477,California,4861.26,Yes,Basic,0,High School or Below,0,2/25/2011,Retired,3,F,33948,Single,0,9,73,0,1,Corporate Auto,1,Corporate L1,3,1,Agent,2,Medsize,1,0
BR23201,California,3492.19,No,Basic,0,Bachelor,2,2/25/2011,Unemployed,0,M,0,Married,1,31,113,0,1,Personal Auto,0,Personal L3,2,2,Branch,1,Medsize,1,0
HR42454,Washington,18052.23,No,Premium,2,High School or Below,0,2/25/2011,Employed,1,F,119753,Married,1,19,97,1,2,Corporate Auto,1,Corporate L3,5,3,Branch,1,Small,0,0
HZ74609,Oregon,7462.79,No,Basic,0,Bachelor,2,2/25/2011,Unemployed,0,F,0,Married,1,5,97,0,7,Personal Auto,0,Personal L3,2,3,Branch,1,Large,2,0
PP48389,California,9277.15,No,Premium,2,Bachelor,2,2/25/2011,Unemployed,0,F,0,Married,1,7,80,2,1,Personal Auto,0,Personal L2,1,1,Agent,2,Medsize,1,1
LO77543,Washington,3532.43,Yes,Basic,0,College,1,2/25/2011,Employed,1,M,97608,Divorced,2,8,36,0,1,Special Auto,2,Special L2,7,1,Agent,2,Medsize,1,0
MN34012,Arizona,11345.28,No,Basic,0,Bachelor,2,2/25/2011,Unemployed,0,M,0,Married,1,15,85,0,8,Personal Auto,0,Personal L3,2,1,Agent,2,Medsize,1,0
CV72453,Oregon,6091.48,No,Extended,1,High School or Below,0,2/25/2011,Unemployed,0,F,0,Single,0,8,59,0,1,Corporate Auto,1,Corporate L3,5,1,Agent,2,Small,0,1
CP92616,Nevada,63187.05,No,Extended,1,High School or Below,0,2/25/2011,Employed,1,M,112058,Married,1,11,82,1,2,Personal Auto,0,Personal L1,0,3,Agent,2,Small,0,1
OX24868,California,8129.49,No,Premium,2,High School or Below,0,2/25/2011,Unemployed,0,F,0,Single,0,15,62,0,1,Personal Auto,0,Personal L3,2,1,Agent,2,Medsize,1,1
GD11927,California,3215.42,No,Basic,0,High School or Below,0,2/25/2011,Employed,1,M,105550,Single,0,31,73,0,1,Personal Auto,0,Personal L3,2,4,Agent,2,Small,0,0
RT69513,California,6445.91,No,Basic,0,Bachelor,2,2/25/2011,Unemployed,0,F,0,Married,1,46,63,0,7,Personal Auto,0,Personal L2,1,2,Agent,2,Small,0,0
JA25453,California,9741.36,No,Premium,2,High School or Below,0,2/25/2011,Unemployed,0,M,0,Single,0,34,108,0,9,Personal Auto,0,Personal L2,1,1,Agent,2,Small,0,1
PB60406,California,7714.21,No,Basic,0,Doctor,4,2/25/2011,Employed,1,F,107621,Single,0,16,117,0,6,Personal Auto,0,Personal L3,2,1,Agent,2,Small,0,0
LL96228,Oregon,19023.11,No,Basic,0,Master,3,2/25/2011,Employed,1,M,134761,Married,1,3,86,0,2,Corporate Auto,1,Corporate L2,4,1,Branch,1,Medsize,1,0
QF66741,Nevada,20444.95,No,Basic,0,College,1,2/25/2011,Unemployed,0,M,0,Married,1,8,59,1,2,Personal Auto,0,Personal L2,1,3,Branch,1,Medsize,1,0
ZG47195,Nevada,6657.2,No,Basic,0,College,1,2/25/2011,Unemployed,0,M,0,Single,0,32,63,0,3,Personal Auto,0,Personal L3,2,1,Agent,2,Small,0,0
WR70403,Washington,7659.69,No,Extended,1,High School or Below,0,2/25/2011,Unemployed,0,M,0,Divorced,2,18,117,0,7,Personal Auto,0,Personal L3,2,1,Agent,2,Medsize,1,0
TH86528,Washington,7796.95,No,Extended,1,High School or Below,0,2/25/2011,Unemployed,0,F,0,Single,0,27,23,0,6,Personal Auto,0,Personal L1,0,3,Call Center,3,Small,0,1
OL82456,Oregon,5338.37,Yes,Basic,0,Bachelor,2,2/25/2011,Disabled,4,M,24806,Married,1,11,68,0,1,Personal Auto,0,Personal L1,0,1,Branch,1,Large,2,0
BN46866,Oregon,7664.58,No,Basic,0,College,1,2/25/2011,Employed,1,M,61216,Married,1,38,116,0,3,Personal Auto,0,Personal L3,2,1,Web,0,Large,2,0
LR35392,Oregon,12160.03,No,Premium,2,High School or Below,0,2/25/2011,Employed,1,M,56078,Single,0,15,47,0,3,Personal Auto,0,Personal L2,1,1,Web,0,Medsize,1,0
SD67101,Nevada,4861.26,Yes,Basic,0,High School or Below,0,2/25/2011,Retired,3,F,33948,Single,0,9,73,0,1,Personal Auto,0,Personal L2,1,1,Agent,2,Medsize,1,0
CA54112,Nevada,20411.4,No,Basic,0,Doctor,4,2/25/2011,Employed,1,M,64429,Married,1,14,89,0,2,Personal Auto,0,Personal L1,0,2,Call Center,3,Medsize,1,0
LW12893,California,10680.7,No,Basic,0,High School or Below,0,2/25/2011,Employed,1,F,59287,Divorced,2,14,80,2,2,Personal Auto,0,Personal L2,1,2,Call Center,3,Small,0,0
XZ54522,Nevada,11894.71,No,Premium,2,Bachelor,2,2/25/2011,Employed,1,F,102959,Single,0,32,119,1,3,Personal Auto,0,Personal L1,0,1,Branch,1,Medsize,1,0
MK56815,California,12948.16,No,Premium,2,College,1,2/25/2011,Employed,1,M,73626,Married,1,43,85,0,6,Personal Auto,0,Personal L3,2,1,Call Center,3,Medsize,1,0
SF11920,Arizona,7569.79,No,Basic,0,College,1,2/25/2011,Employed,1,F,53334,Married,1,43,23,0,5,Corporate Auto,1,Corporate L1,3,1,Web,0,Medsize,1,0
RT22532,Arizona,5338.37,Yes,Basic,0,Bachelor,2,2/25/2011,Disabled,4,M,24806,Married,1,11,68,0,1,Personal Auto,0,Personal L1,0,1,Branch,1,Large,2,0
MZ30958,Nevada,9066.05,No,Extended,1,High School or Below,0,2/25/2011,Retired,3,M,29477,Married,1,8,105,0,7,Corporate Auto,1,Corporate L2,4,1,Agent,2,Medsize,1,0
TD97297,Oregon,11536.57,No,Basic,0,Bachelor,2,2/25/2011,Employed,1,M,47866,Married,1,19,78,0,6,Personal Auto,0,Personal L1,0,3,Agent,2,Medsize,1,0
OL39995,Oregon,9055.79,No,Basic,0,Bachelor,2,2/25/2011,Unemployed,0,M,0,Divorced,2,1,41,0,2,Personal Auto,0,Personal L2,1,4,Agent,2,Medsize,1,0
WM17695,Washington,22346.87,No,Extended,1,Doctor,4,2/25/2011,Employed,1,F,133531,Married,1,24,124,0,2,Personal Auto,0,Personal L3,2,1,Agent,2,Large,2,0
CB64729,Nevada,11363.17,No,Premium,2,Bachelor,2,2/25/2011,Employed,1,M,27290,Single,0,14,11,0,7,Personal Auto,0,Personal L2,1,4,Call Center,3,Medsize,1,0
YP41539,Oregon,7182.11,No,Basic,0,High School or Below,0,2/25/2011,Employed,1,F,119703,Married,1,12,24,1,4,Personal Auto,0,Personal L2,1,1,Call Center,3,Medsize,1,0
JR62870,California,7699.44,No,Basic,0,High School or Below,0,2/25/2011,Employed,1,M,55941,Single,0,11,53,0,9,Personal Auto,0,Personal L1,0,1,Branch,1,Medsize,1,0
JP40952,Arizona,4587.37,No,Basic,0,High School or Below,0,2/25/2011,Unemployed,0,M,0,Single,0,5,81,0,1,Personal Auto,0,Personal L3,2,3,Agent,2,Medsize,1,1
ED63600,California,29784.44,No,Extended,1,College,1,2/25/2011,Unemployed,0,M,0,Single,0,35,72,0,2,Corporate Auto,1,Corporate L2,4,1,Agent,2,Medsize,1,1
VY32314,Oregon,5762.64,No,Basic,0,High School or Below,0,2/25/2011,Employed,1,M,58332,Single,0,16,22,0,1,Personal Auto,0,Personal L3,2,1,Web,0,Medsize,1,0
ON45263,California,3324.86,No,Basic,0,Bachelor,2,2/25/2011,Unemployed,0,F,0,Divorced,2,12,92,0,1,Personal Auto,0,Personal L1,0,1,Call Center,3,Small,0,0
JV58396,California,4123.63,No,Extended,1,Bachelor,2,2/25/2011,Unemployed,0,M,0,Single,0,39,26,0,1,Personal Auto,0,Personal L1,0,2,Agent,2,Small,0,0
HC16500,Arizona,11056.46,No,Basic,0,Doctor,4,2/25/2011,Employed,1,M,97458,Married,1,26,65,0,2,Personal Auto,0,Personal L3,2,3,Call Center,3,Medsize,1,0
WA63124,Nevada,2853.71,No,Basic,0,College,1,2/25/2011,Unemployed,0,F,0,Single,0,36,50,2,1,Personal Auto,0,Personal L1,0,3,Call Center,3,Small,0,0
VA77345,Oregon,4766.9,No,Extended,1,College,1,2/25/2011,Employed,1,F,36293,Married,1,15,113,0,1,Special Auto,2,Special L2,7,4,Call Center,3,Medsize,1,0
QM59790,Arizona,4242.88,No,Extended,1,High School or Below,0,2/25/2011,Unemployed,0,F,0,Divorced,2,23,47,0,1,Personal Auto,0,Personal L3,2,4,Branch,1,Small,0,0
PS78418,Oregon,7794.77,No,Basic,0,Bachelor,2,2/25/2011,Employed,1,M,70575,Married,1,42,123,0,3,Personal Auto,0,Personal L2,1,1,Branch,1,Medsize,1,0
ZV42323,California,7614.99,No,Basic,0,Bachelor,2,2/25/2011,Employed,1,M,91156,Single,0,47,28,0,7,Corporate Auto,1,Corporate L2,4,2,Web,0,Medsize,1,0
XJ34057,California,13958.46,No,Extended,1,Bachelor,2,2/25/2011,Employed,1,M,90631,Married,1,7,85,1,6,Personal Auto,0,Personal L2,1,1,Call Center,3,Medsize,1,0
TO87218,California,10008.07,No,Basic,0,High School or Below,0,2/25/2011,Unemployed,0,F,0,Single,0,9,59,0,4,Personal Auto,0,Personal L2,1,1,Web,0,Medsize,1,0
QX84389,California,12182.67,No,Basic,0,Master,3,2/25/2011,Employed,1,M,96524,Married,1,34,82,0,5,Corporate Auto,1,Corporate L3,5,3,Agent,2,Small,0,0
ES97823,Oregon,32529.92,No,Extended,1,Bachelor,2,2/25/2011,Unemployed,0,F,0,Single,0,1,54,0,2,Personal Auto,0,Personal L1,0,4,Web,0,Medsize,1,1
HH22446,Nevada,5338.37,Yes,Basic,0,Bachelor,2,2/25/2011,Disabled,4,M,24806,Married,1,11,68,0,1,Personal Auto,0,Personal L2,1,1,Branch,1,Large,2,0
LK57294,Oregon,6461.11,No,Basic,0,High School or Below,0,2/25/2011,Employed,1,M,31593,Married,1,39,51,0,7,Personal Auto,0,Personal L1,0,4,Call Center,3,Medsize,1,0
JM88889,California,16530.62,No,Premium,2,High School or Below,0,2/25/2011,Employed,1,F,62635,Married,1,15,107,1,2,Corporate Auto,1,Corporate L2,4,1,Agent,2,Medsize,1,0
FX73249,Oregon,9860.61,No,Premium,2,Bachelor,2,2/25/2011,Unemployed,0,M,0,Divorced,2,47,107,0,3,Personal Auto,0,Personal L2,1,1,Agent,2,Medsize,1,0
UQ59692,California,28694.92,No,Extended,1,Bachelor,2,2/25/2011,Employed,1,F,99167,Married,1,0,39,1,2,Personal Auto,0,Personal L3,2,4,Branch,1,Small,0,0
AH39293,California,3532.43,Yes,Basic,0,College,1,2/25/2011,Employed,1,M,97608,Divorced,2,8,36,0,1,Personal Auto,0,Personal L1,0,1,Agent,2,Medsize,1,0
RM34371,Nevada,6365.64,No,Basic,0,Bachelor,2,2/25/2011,Unemployed,0,F,0,Married,1,38,58,0,7,Personal Auto,0,Personal L2,1,3,Branch,1,Medsize,1,0
TD51026,Arizona,10414.71,No,Basic,0,Bachelor,2,2/25/2011,Medical Leave,2,M,17758,Married,1,0,57,0,4,Personal Auto,0,Personal L2,1,1,Branch,1,Medsize,1,0
TE60343,Oregon,6366.96,No,Basic,0,High School or Below,0,2/25/2011,Employed,1,M,34757,Married,1,0,113,1,3,Corporate Auto,1,Corporate L3,5,2,Agent,2,Medsize,1,0
PA80607,Oregon,10930.02,No,Basic,0,High School or Below,0,2/25/2011,Employed,1,M,115402,Married,1,11,20,0,2,Personal Auto,0,Personal L3,2,2,Agent,2,Medsize,1,0
UU22643,Oregon,4861.26,Yes,Basic,0,High School or Below,0,2/25/2011,Retired,3,F,33948,Single,0,9,73,0,1,Personal Auto,0,Personal L3,2,1,Agent,2,Medsize,1,0
NM44679,California,13207.9,No,Extended,1,College,1,2/25/2011,Unemployed,0,M,0,Married,1,45,28,0,5,Personal Auto,0,Personal L2,1,1,Call Center,3,Medsize,1,1
MY55142,Washington,7494.65,No,Basic,0,College,1,2/25/2011,Employed,1,M,62158,Married,1,30,80,0,7,Personal Auto,0,Personal L2,1,1,Agent,2,Medsize,1,0
QV13947,Oregon,5974.76,No,Basic,0,College,1,2/25/2011,Employed,1,M,85856,Married,1,14,42,2,1,Personal Auto,0,Personal L3,2,2,Branch,1,Medsize,1,0
RR64429,California,9151.44,No,Extended,1,High School or Below,0,2/25/2011,Unemployed,0,M,0,Single,0,3,113,0,9,Personal Auto,0,Personal L3,2,2,Agent,2,Small,0,0
DT59560,California,6422.28,No,Premium,2,High School or Below,0,2/25/2011,Employed,1,F,91106,Married,1,4,35,0,1,Personal Auto,0,Personal L3,2,3,Branch,1,Large,2,0
HG53255,Nevada,15179.27,No,Extended,1,College,1,2/25/2011,Employed,1,M,89297,Single,0,3,51,0,2,Personal Auto,0,Personal L3,2,4,Call Center,3,Medsize,1,0
EO99750,Nevada,9796.38,No,Premium,2,Master,3,2/25/2011,Employed,1,F,39222,Married,1,46,70,0,1,Personal Auto,0,Personal L3,2,3,Web,0,Small,0,0
GE20220,Oregon,10269.06,No,Extended,1,Bachelor,2,2/25/2011,Employed,1,F,64500,Married,1,3,109,0,7,Personal Auto,0,Personal L3,2,2,Call Center,3,Medsize,1,0
JP55271,Oregon,14355.23,No,Extended,1,High School or Below,0,2/25/2011,Employed,1,F,108062,Married,1,5,57,0,4,Personal Auto,0,Personal L2,1,2,Call Center,3,Small,0,0
YM88338,California,6587.25,No,Basic,0,Bachelor,2,2/25/2011,Employed,1,F,79083,Married,1,7,72,0,3,Personal Auto,0,Personal L3,2,1,Agent,2,Medsize,1,0
XD19934,Oregon,14184.37,No,Extended,1,High School or Below,0,2/25/2011,Employed,1,M,83228,Single,0,11,3,0,2,Personal Auto,0,Personal L3,2,2,Web,0,Medsize,1,0
TK38409,Nevada,3532.43,Yes,Basic,0,College,1,2/25/2011,Employed,1,M,97608,Divorced,2,8,36,0,1,Personal Auto,0,Personal L3,2,1,Agent,2,Medsize,1,0
RJ32720,Arizona,14470.76,No,Extended,1,College,1,2/25/2011,Employed,1,F,116149,Divorced,2,11,27,3,2,Personal Auto,0,Personal L3,2,1,Web,0,Medsize,1,0
OX53879,Arizona,6903.76,No,Basic,0,Bachelor,2,2/25/2011,Employed,1,M,124776,Married,1,3,65,2,3,Personal Auto,0,Personal L3,2,1,Call Center,3,Large,2,0
LL56632,Oregon,11717.72,No,Basic,0,High School or Below,0,2/25/2011,Employed,1,F,75387,Married,1,5,35,0,3,Personal Auto,0,Personal L3,2,2,Agent,2,Medsize,1,0
HI71466,California,5193.93,No,Extended,1,College,1,2/25/2011,Employed,1,M,31670,Married,1,23,26,0,1,Personal Auto,0,Personal L3,2,2,Branch,1,Medsize,1,0
KU59569,California,10414.74,No,Basic,0,College,1,2/25/2011,Unemployed,0,F,0,Single,0,4,122,0,8,Personal Auto,0,Personal L3,2,2,Agent,2,Medsize,1,1
ZI85739,California,21411.05,No,Extended,1,Master,3,2/25/2011,Unemployed,0,F,0,Married,1,14,55,0,2,Personal Auto,0,Personal L1,0,1,Branch,1,Small,0,0
NK20941,California,9527.58,No,Extended,1,High School or Below,0,2/25/2011,Employed,1,M,70803,Single,0,7,77,0,7,Personal Auto,0,Personal L3,2,1,Agent,2,Medsize,1,0
OQ51004,California,5338.37,Yes,Basic,0,Bachelor,2,2/25/2011,Disabled,4,M,24806,Married,1,11,68,0,1,Personal Auto,0,Personal L2,1,1,Branch,1,Large,2,0
JA24437,California,10200.37,No,Premium,2,College,1,2/25/2011,Unemployed,0,M,0,Single,0,26,68,0,3,Personal Auto,0,Personal L3,2,1,Branch,1,Medsize,1,1
TC82133,Oregon,7257.36,No,Basic,0,Bachelor,2,2/25/2011,Employed,1,M,90239,Married,1,15,108,4,5,Personal Auto,0,Personal L3,2,3,Branch,1,Medsize,1,0
HU89665,Oregon,16373.29,No,Basic,0,College,1,2/25/2011,Employed,1,F,27668,Married,1,9,49,0,2,Personal Auto,0,Personal L3,2,2,Agent,2,Medsize,1,0
FE12805,Oregon,9693.37,No,Premium,2,Bachelor,2,2/25/2011,Employed,1,F,46117,Married,1,7,14,3,1,Personal Auto,0,Personal L3,2,3,Call Center,3,Medsize,1,1
FA89548,Arizona,3289.14,No,Basic,0,Bachelor,2,2/25/2011,Unemployed,0,M,0,Married,1,22,124,0,1,Personal Auto,0,Personal L1,0,3,Branch,1,Small,0,0
RZ89024,Oregon,4189.05,No,Extended,1,Doctor,4,2/25/2011,Employed,1,M,42985,Married,1,32,15,0,1,Personal Auto,0,Personal L3,2,2,Agent,2,Medsize,1,0
HG51739,Oregon,3591.01,No,Basic,0,College,1,2/25/2011,Unemployed,0,F,0,Single,0,24,82,0,1,Personal Auto,0,Personal L1,0,1,Call Center,3,Medsize,1,0
XE22944,Arizona,6268.61,No,Extended,1,Bachelor,2,2/25/2011,Disabled,4,F,16552,Divorced,2,35,108,0,1,Personal Auto,0,Personal L1,0,1,Call Center,3,Medsize,1,0
ZY78741,California,8210,No,Extended,1,High School or Below,0,2/25/2011,Unemployed,0,M,0,Single,0,32,31,0,7,Corporate Auto,1,Corporate L2,4,2,Agent,2,Large,2,0
ZO89996,Oregon,3532.43,Yes,Basic,0,College,1,2/25/2011,Employed,1,M,97608,Divorced,2,8,36,0,1,Personal Auto,0,Personal L1,0,1,Agent,2,Medsize,1,0
OS84395,Nevada,10276.13,No,Extended,1,Bachelor,2,2/25/2011,Employed,1,M,121840,Married,1,1,104,0,7,Corporate Auto,1,Corporate L2,4,2,Web,0,Medsize,1,0
OJ64812,Washington,12940.43,No,Extended,1,Bachelor,2,2/25/2011,Employed,1,M,35683,Single,0,26,120,3,2,Personal Auto,0,Personal L3,2,1,Branch,1,Medsize,1,0
DR32525,Arizona,32059.08,No,Extended,1,College,1,2/25/2011,Unemployed,0,M,0,Single,0,39,30,4,2,Personal Auto,0,Personal L3,2,3,Agent,2,Medsize,1,0
FQ88964,Arizona,3067.8,No,Basic,0,College,1,2/25/2011,Unemployed,0,M,0,Single,0,30,14,1,1,Personal Auto,0,Personal L2,1,3,Call Center,3,Large,2,0
VZ56705,Oregon,11886.19,No,Basic,0,Bachelor,2,2/25/2011,Employed,1,M,52161,Married,1,7,113,0,2,Personal Auto,0,Personal L2,1,1,Agent,2,Medsize,1,0
LR49944,Nevada,3705.39,No,Basic,0,Doctor,4,2/25/2011,Employed,1,F,47465,Married,1,0,99,0,1,Personal Auto,0,Personal L3,2,1,Agent,2,Large,2,0
PN35535,California,6279.23,No,Basic,0,College,1,2/25/2011,Employed,1,F,132941,Married,1,11,30,0,1,Personal Auto,0,Personal L1,0,2,Web,0,Medsize,1,0
XV11038,California,12452.38,No,Extended,1,College,1,2/25/2011,Medical Leave,2,F,25399,Single,0,27,127,0,3,Personal Auto,0,Personal L2,1,2,Branch,1,Medsize,1,0
OS70004,California,10134.15,No,Premium,2,College,1,2/25/2011,Employed,1,M,66907,Single,0,5,47,0,1,Personal Auto,0,Personal L3,2,1,Branch,1,Medsize,1,1
JG21385,California,11766.53,No,Extended,1,Bachelor,2,2/25/2011,Unemployed,0,M,0,Single,0,45,27,0,2,Personal Auto,0,Personal L3,2,3,Branch,1,Medsize,1,0
IU62399,California,7911.65,No,Basic,0,Bachelor,2,2/25/2011,Employed,1,F,49800,Married,1,32,111,1,3,Personal Auto,0,Personal L2,1,1,Agent,2,Medsize,1,0
XL81489,California,9160.47,No,Premium,2,Bachelor,2,2/25/2011,Unemployed,0,F,0,Single,0,8,30,0,1,Corporate Auto,1,Corporate L3,5,1,Agent,2,Small,0,1
EY49684,California,3118.33,No,Basic,0,Bachelor,2,2/25/2011,Unemployed,0,F,0,Divorced,2,22,77,0,1,Personal Auto,0,Personal L3,2,1,Agent,2,Medsize,1,0
CA62597,California,10101.85,No,Basic,0,Bachelor,2,2/25/2011,Unemployed,0,F,0,Married,1,23,27,0,3,Corporate Auto,1,Corporate L2,4,1,Agent,2,Medsize,1,1
VH85817,California,7803.25,Yes,Basic,0,High School or Below,0,2/26/2011,Employed,1,M,68939,Single,0,31,0,0,8,Personal Auto,0,Personal L3,2,2,Call Center,3,Medsize,1,1
MQ14219,Arizona,11465.14,No,Basic,0,College,1,2/26/2011,Employed,1,M,37535,Married,1,26,73,0,7,Personal Auto,0,Personal L3,2,2,Branch,1,Medsize,1,1
DX91392,California,7803.25,Yes,Basic,0,High School or Below,0,2/26/2011,Employed,1,M,68939,Single,0,31,0,0,8,Personal Auto,0,Personal L2,1,2,Call Center,3,Medsize,1,1
CC30924,Oregon,8454.6,No,Premium,2,College,1,2/26/2011,Employed,1,M,40649,Married,1,27,96,0,1,Corporate Auto,1,Corporate L3,5,4,Agent,2,Small,0,0
JE21522,California,12942.9,No,Extended,1,Bachelor,2,2/26/2011,Employed,1,M,53009,Married,1,45,42,0,2,Personal Auto,0,Personal L2,1,4,Branch,1,Medsize,1,0
ZF84449,Oregon,5031.08,No,Basic,0,College,1,2/26/2011,Unemployed,0,F,0,Single,0,9,46,1,1,Special Auto,2,Special L1,6,1,Agent,2,Medsize,1,1
NS10490,Oregon,19114.13,No,Basic,0,Bachelor,2,2/26/2011,Employed,1,F,112367,Married,1,22,45,0,2,Personal Auto,0,Personal L3,2,2,Agent,2,Medsize,1,0
YH60476,Oregon,7803.25,Yes,Basic,0,High School or Below,0,2/26/2011,Employed,1,M,68939,Single,0,31,0,0,8,Corporate Auto,1,Corporate L3,5,2,Call Center,3,Medsize,1,1
VU19243,Arizona,5664.95,No,Premium,2,High School or Below,0,2/26/2011,Medical Leave,2,F,24370,Divorced,2,7,96,0,1,Personal Auto,0,Personal L1,0,3,Web,0,Medsize,1,0
RN82884,Arizona,5781.98,Yes,Basic,0,College,1,2/26/2011,Employed,1,F,55166,Married,1,22,95,1,1,Personal Auto,0,Personal L3,2,1,Agent,2,Medsize,1,0
DB75522,California,9434.34,No,Extended,1,College,1,2/26/2011,Employed,1,F,30289,Married,1,32,28,0,3,Special Auto,2,Special L2,7,2,Branch,1,Small,0,0
QR45101,Oregon,8943.23,No,Basic,0,Bachelor,2,2/26/2011,Unemployed,0,M,0,Married,1,36,72,0,2,Corporate Auto,1,Corporate L3,5,1,Branch,1,Medsize,1,0
EH16250,Arizona,10402.13,No,Basic,0,Bachelor,2,2/26/2011,Employed,1,M,34142,Single,0,0,5,0,2,Personal Auto,0,Personal L1,0,3,Call Center,3,Medsize,1,0
ON59472,Arizona,21291.38,No,Extended,1,High School or Below,0,2/26/2011,Medical Leave,2,M,29593,Married,1,19,59,0,3,Corporate Auto,1,Corporate L2,4,1,Branch,1,Large,2,1
ZV32120,California,5361.32,No,Basic,0,Doctor,4,2/26/2011,Employed,1,M,31859,Single,0,27,62,0,1,Corporate Auto,1,Corporate L3,5,2,Agent,2,Medsize,1,0
MG10140,Oregon,5058.11,Yes,Extended,1,College,1,2/26/2011,Employed,1,F,55997,Married,1,19,51,1,1,Personal Auto,0,Personal L1,0,2,Call Center,3,Large,2,0
QQ39596,Arizona,3398.67,No,Basic,0,College,1,2/26/2011,Unemployed,0,F,0,Married,1,3,96,0,1,Personal Auto,0,Personal L3,2,2,Call Center,3,Medsize,1,0
BR99015,California,9184.88,No,Extended,1,Bachelor,2,2/26/2011,Unemployed,0,F,0,Single,0,34,27,0,6,Personal Auto,0,Personal L3,2,2,Call Center,3,Small,0,0
XP61034,Oregon,5542.53,No,Basic,0,Bachelor,2,2/26/2011,Employed,1,M,53314,Married,1,27,109,0,1,Personal Auto,0,Personal L3,2,2,Agent,2,Medsize,1,1
SK95364,California,6237.53,No,Extended,1,College,1,2/26/2011,Unemployed,0,F,0,Single,0,15,0,0,1,Personal Auto,0,Personal L2,1,3,Agent,2,Medsize,1,1
BC66536,Arizona,9292.98,No,Extended,1,High School or Below,0,2/26/2011,Employed,1,F,114573,Married,1,7,88,0,4,Corporate Auto,1,Corporate L2,4,2,Web,0,Medsize,1,0
ZC62609,Oregon,3728.28,No,Extended,1,High School or Below,0,2/26/2011,Unemployed,0,F,0,Single,0,47,51,0,1,Personal Auto,0,Personal L1,0,1,Branch,1,Small,0,0
AL35726,Oregon,5058.11,Yes,Extended,1,College,1,2/26/2011,Employed,1,F,55997,Married,1,19,51,1,1,Personal Auto,0,Personal L2,1,2,Call Center,3,Large,2,0
ND29059,Oregon,14954.88,No,Extended,1,Bachelor,2,2/26/2011,Employed,1,M,105315,Married,1,19,57,0,3,Personal Auto,0,Personal L3,2,1,Agent,2,Medsize,1,0
WH62198,California,2987.8,No,Basic,0,Bachelor,2,2/26/2011,Unemployed,0,M,0,Divorced,2,0,89,0,1,Personal Auto,0,Personal L2,1,1,Call Center,3,Small,0,0
AV76907,Oregon,5781.98,Yes,Basic,0,College,1,2/26/2011,Employed,1,F,55166,Married,1,22,95,1,1,Personal Auto,0,Personal L3,2,1,Agent,2,Medsize,1,0
OT49339,Oregon,11384.3,No,Basic,0,College,1,2/26/2011,Disabled,4,M,28420,Married,1,16,74,0,5,Corporate Auto,1,Corporate L3,5,2,Call Center,3,Medsize,1,0
SM14243,Washington,11375.18,No,Basic,0,High School or Below,0,2/26/2011,Unemployed,0,F,0,Married,1,41,50,0,2,Personal Auto,0,Personal L3,2,1,Call Center,3,Medsize,1,0
KJ23009,California,14308.03,No,Extended,1,Bachelor,2,2/26/2011,Employed,1,F,27242,Married,1,39,0,1,5,Corporate Auto,1,Corporate L3,5,3,Agent,2,Medsize,1,0
OG71924,Oregon,9404.29,No,Extended,1,Master,3,2/26/2011,Unemployed,0,F,0,Married,1,38,4,0,8,Personal Auto,0,Personal L3,2,2,Branch,1,Large,2,0
AP65984,Oregon,6590.37,No,Extended,1,College,1,2/26/2011,Unemployed,0,F,0,Single,0,0,116,0,1,Personal Auto,0,Personal L1,0,2,Agent,2,Medsize,1,0
AP56340,Washington,7269.31,No,Basic,0,Bachelor,2,2/26/2011,Disabled,4,M,17689,Married,1,28,43,0,7,Personal Auto,0,Personal L2,1,1,Agent,2,Medsize,1,0
RW50070,Arizona,12062.62,No,Extended,1,High School or Below,0,2/26/2011,Employed,1,M,85490,Married,1,7,134,0,1,Personal Auto,0,Personal L3,2,2,Branch,1,Medsize,1,1
UF32671,Washington,7143.38,No,Basic,0,College,1,2/26/2011,Employed,1,F,77406,Single,0,12,115,0,3,Personal Auto,0,Personal L1,0,1,Call Center,3,Small,0,0
SQ60915,Arizona,5259.55,No,Extended,1,High School or Below,0,2/26/2011,Employed,1,M,48560,Divorced,2,39,109,0,1,Corporate Auto,1,Corporate L3,5,3,Call Center,3,Large,2,0
PU71194,Oregon,47524.83,No,Premium,2,Bachelor,2,2/26/2011,Employed,1,F,76063,Divorced,2,15,93,0,2,Personal Auto,0,Personal L3,2,1,Branch,1,Medsize,1,1
DA57177,Oregon,5781.98,Yes,Basic,0,College,1,2/26/2011,Employed,1,F,55166,Married,1,22,95,1,1,Personal Auto,0,Personal L2,1,1,Agent,2,Medsize,1,0
FM25704,Oregon,3422.61,No,Basic,0,Bachelor,2,2/26/2011,Employed,1,M,117360,Married,1,4,86,0,1,Corporate Auto,1,Corporate L3,5,3,Agent,2,Large,2,0
MX95450,Oregon,49812.03,No,Extended,1,College,1,2/26/2011,Unemployed,0,F,0,Single,0,0,80,0,2,Personal Auto,0,Personal L3,2,1,Agent,2,Medsize,1,0
AF49027,Arizona,17317.03,No,Premium,2,College,1,2/26/2011,Unemployed,0,F,0,Single,0,34,58,0,2,Personal Auto,0,Personal L3,2,1,Agent,2,Medsize,1,1
FJ60600,Oregon,9148.08,No,Extended,1,High School or Below,0,2/26/2011,Unemployed,0,F,0,Single,0,0,51,0,3,Personal Auto,0,Personal L3,2,1,Agent,2,Small,0,1
TC69546,Arizona,19408.34,No,Premium,2,College,1,2/26/2011,Employed,1,M,94960,Married,1,15,58,0,3,Personal Auto,0,Personal L3,2,4,Branch,1,Medsize,1,0
LQ76461,Oregon,6980.11,No,Basic,0,High School or Below,0,2/26/2011,Employed,1,F,47701,Married,1,39,42,0,4,Personal Auto,0,Personal L2,1,4,Web,0,Small,0,0
OP60201,Oregon,2974.64,No,Basic,0,College,1,2/26/2011,Unemployed,0,M,0,Single,0,45,8,2,1,Personal Auto,0,Personal L3,2,1,Call Center,3,Medsize,1,0
YQ44187,Oregon,3436.05,No,Basic,0,Bachelor,2,2/26/2011,Employed,1,F,36107,Single,0,27,55,0,1,Personal Auto,0,Personal L2,1,1,Agent,2,Medsize,1,0
QJ21876,California,7650.04,No,Premium,2,College,1,2/26/2011,Employed,1,F,65011,Divorced,2,12,27,0,1,Personal Auto,0,Personal L3,2,1,Web,0,Medsize,1,0
QI31659,California,22886.66,No,Basic,0,Bachelor,2,2/26/2011,Employed,1,F,103676,Single,0,30,3,0,2,Personal Auto,0,Personal L3,2,2,Call Center,3,Medsize,1,0
HA45220,California,7098.64,No,Basic,0,High School or Below,0,2/26/2011,Employed,1,F,51130,Married,1,41,88,0,8,Corporate Auto,1,Corporate L3,5,1,Branch,1,Large,2,0
PA18731,Oregon,12826.36,No,Basic,0,College,1,2/26/2011,Employed,1,F,63254,Married,1,18,127,0,9,Personal Auto,0,Personal L3,2,3,Branch,1,Small,0,0
PW31239,Oregon,5781.98,Yes,Basic,0,College,1,2/26/2011,Employed,1,F,55166,Married,1,22,95,1,1,Personal Auto,0,Personal L3,2,1,Agent,2,Medsize,1,0
DH95491,California,3009.64,No,Basic,0,High School or Below,0,2/26/2011,Unemployed,0,M,0,Married,1,36,77,0,1,Personal Auto,0,Personal L3,2,2,Call Center,3,Medsize,1,0
EZ41764,California,3373.6,No,Basic,0,Bachelor,2,2/26/2011,Employed,1,M,103669,Married,1,16,36,0,1,Personal Auto,0,Personal L2,1,3,Agent,2,Medsize,1,0
RQ77476,Oregon,27622.56,No,Premium,2,Bachelor,2,2/26/2011,Employed,1,M,118128,Married,1,27,38,0,2,Personal Auto,0,Personal L3,2,2,Branch,1,Medsize,1,0
ND71187,Arizona,12808.42,No,Extended,1,Master,3,2/26/2011,Employed,1,M,75915,Married,1,41,82,0,2,Corporate Auto,1,Corporate L2,4,1,Agent,2,Large,2,0
CN30964,California,9025.83,No,Extended,1,Bachelor,2,2/26/2011,Employed,1,F,42548,Married,1,45,100,2,3,Personal Auto,0,Personal L3,2,4,Agent,2,Small,0,0
UD77728,Arizona,7638.04,No,Basic,0,Bachelor,2,2/26/2011,Employed,1,F,31793,Married,1,23,4,0,3,Personal Auto,0,Personal L3,2,2,Agent,2,Medsize,1,0
IP65887,Oregon,51854.3,No,Basic,0,Bachelor,2,2/26/2011,Employed,1,F,96719,Married,1,26,112,0,2,Corporate Auto,1,Corporate L3,5,1,Call Center,3,Medsize,1,0
MC48570,Arizona,3335.1,No,Basic,0,Doctor,4,2/26/2011,Disabled,4,F,25192,Married,1,18,100,0,1,Personal Auto,0,Personal L2,1,2,Web,0,Medsize,1,0
XC14741,California,3968.92,No,Basic,0,High School or Below,0,2/26/2011,Employed,1,M,131942,Divorced,2,32,35,0,1,Corporate Auto,1,Corporate L2,4,2,Branch,1,Medsize,1,0
YE70791,California,6978.82,Yes,Basic,0,High School or Below,0,2/26/2011,Medical Leave,2,M,16781,Single,0,30,18,0,4,Personal Auto,0,Personal L2,1,2,Call Center,3,Medsize,1,0
LI72489,Nevada,20663.4,No,Premium,2,Bachelor,2,2/26/2011,Employed,1,M,62556,Married,1,32,92,0,9,Corporate Auto,1,Corporate L3,5,4,Web,0,Medsize,1,0
YJ96611,Arizona,9693.38,No,Basic,0,High School or Below,0,2/26/2011,Unemployed,0,F,0,Single,0,41,130,0,3,Special Auto,2,Special L1,6,1,Web,0,Medsize,1,1
KX57885,California,8198.88,No,Extended,1,Bachelor,2,2/26/2011,Retired,3,M,29839,Divorced,2,5,100,1,3,Personal Auto,0,Personal L3,2,2,Call Center,3,Medsize,1,0
FQ89652,Oregon,9473.15,No,Basic,0,College,1,2/26/2011,Unemployed,0,F,0,Single,0,39,123,0,6,Special Auto,2,Special L2,7,1,Agent,2,Medsize,1,1
XX34879,Oregon,19869.46,No,Extended,1,College,1,2/26/2011,Employed,1,M,75955,Married,1,36,42,0,2,Corporate Auto,1,Corporate L3,5,2,Agent,2,Medsize,1,0
EO24423,Arizona,3246.26,No,Basic,0,Master,3,2/26/2011,Disabled,4,M,30023,Married,1,46,115,0,1,Personal Auto,0,Personal L3,2,2,Branch,1,Small,0,0
IN56924,California,7303.44,No,Basic,0,High School or Below,0,2/26/2011,Unemployed,0,F,0,Single,0,1,12,5,2,Personal Auto,0,Personal L3,2,2,Agent,2,Medsize,1,0
IS58553,Oregon,20484.86,No,Extended,1,High School or Below,0,2/26/2011,Employed,1,F,30305,Married,1,27,43,0,2,Personal Auto,0,Personal L3,2,1,Branch,1,Medsize,1,0
PS43764,Washington,6978.82,Yes,Basic,0,High School or Below,0,2/26/2011,Medical Leave,2,M,16781,Single,0,30,18,0,4,Special Auto,2,Special L2,7,2,Call Center,3,Medsize,1,0
YO41331,Oregon,5058.11,Yes,Extended,1,College,1,2/26/2011,Employed,1,F,55997,Married,1,19,51,1,1,Personal Auto,0,Personal L3,2,2,Call Center,3,Large,2,0
EP64833,California,8342.59,No,Extended,1,High School or Below,0,2/26/2011,Unemployed,0,F,0,Single,0,16,130,0,8,Corporate Auto,1,Corporate L3,5,3,Call Center,3,Medsize,1,0
QA32784,Oregon,6727.29,No,Extended,1,Bachelor,2,2/26/2011,Disabled,4,M,29021,Married,1,42,78,0,1,Personal Auto,0,Personal L3,2,3,Call Center,3,Medsize,1,0
NJ54277,California,5058.11,Yes,Extended,1,College,1,2/26/2011,Employed,1,F,55997,Married,1,19,51,1,1,Personal Auto,0,Personal L2,1,2,Call Center,3,Large,2,0
CY90231,Nevada,34091.69,No,Basic,0,Master,3,2/26/2011,Employed,1,M,59530,Divorced,2,38,88,1,2,Personal Auto,0,Personal L2,1,1,Branch,1,Small,0,0
KR29524,Oregon,6402.53,No,Basic,0,Bachelor,2,2/26/2011,Employed,1,F,106105,Married,1,1,95,0,1,Personal Auto,0,Personal L1,0,1,Branch,1,Medsize,1,0
LP59331,Arizona,7131.43,No,Basic,0,College,1,2/26/2011,Employed,1,M,52118,Single,0,22,134,0,3,Personal Auto,0,Personal L3,2,1,Branch,1,Medsize,1,0
OE19653,Oregon,4726.15,No,Extended,1,High School or Below,0,2/26/2011,Unemployed,0,F,0,Married,1,5,85,0,1,Personal Auto,0,Personal L2,1,4,Branch,1,Small,0,0
WG51244,Oregon,29497.97,No,Basic,0,Bachelor,2,2/26/2011,Employed,1,M,64944,Divorced,2,8,46,2,2,Corporate Auto,1,Corporate L2,4,1,Call Center,3,Small,0,1
UF13251,Oregon,11489.52,No,Basic,0,High School or Below,0,2/26/2011,Employed,1,M,35143,Married,1,24,34,0,3,Personal Auto,0,Personal L2,1,2,Web,0,Medsize,1,0
HY49431,California,4440.33,No,Extended,1,Bachelor,2,2/26/2011,Employed,1,F,29628,Married,1,23,89,0,1,Personal Auto,0,Personal L1,0,3,Branch,1,Medsize,1,0
MZ85889,California,7319.06,No,Basic,0,Master,3,2/26/2011,Employed,1,F,34800,Divorced,2,39,46,0,3,Corporate Auto,1,Corporate L2,4,2,Call Center,3,Large,2,0
DR93103,Arizona,23701.94,No,Basic,0,Master,3,2/26/2011,Employed,1,F,48886,Married,1,34,77,0,2,Personal Auto,0,Personal L2,1,1,Agent,2,Medsize,1,0
GN36177,Nevada,3501.65,No,Basic,0,Bachelor,2,2/26/2011,Employed,1,M,58895,Divorced,2,12,108,0,1,Personal Auto,0,Personal L3,2,4,Call Center,3,Small,0,0
KH94432,Arizona,7207.01,No,Basic,0,Doctor,4,2/26/2011,Employed,1,F,65740,Married,1,28,42,0,6,Corporate Auto,1,Corporate L2,4,3,Agent,2,Medsize,1,0
CG69038,Washington,6504.29,No,Basic,0,College,1,2/26/2011,Employed,1,M,51512,Married,1,3,53,0,4,Personal Auto,0,Personal L3,2,3,Branch,1,Medsize,1,0
DR77208,California,12877.34,No,Extended,1,Bachelor,2,2/26/2011,Unemployed,0,M,0,Married,1,9,8,0,2,Personal Auto,0,Personal L2,1,4,Call Center,3,Medsize,1,0
VF36700,Oregon,32775.44,No,Extended,1,Master,3,2/26/2011,Retired,3,F,28327,Single,0,14,70,1,2,Personal Auto,0,Personal L2,1,1,Branch,1,Medsize,1,0
UM17151,California,2562.31,No,Basic,0,Bachelor,2,2/26/2011,Unemployed,0,M,0,Single,0,20,123,3,1,Personal Auto,0,Personal L2,1,1,Agent,2,Medsize,1,0
PP35705,California,48415.04,No,Extended,1,High School or Below,0,2/26/2011,Medical Leave,2,M,35608,Divorced,2,9,26,0,2,Personal Auto,0,Personal L3,2,1,Agent,2,Small,0,0
LH66741,Arizona,9496.37,No,Basic,0,Bachelor,2,2/26/2011,Employed,1,M,31263,Married,1,42,62,3,2,Personal Auto,0,Personal L2,1,2,Branch,1,Large,2,0
WW19050,Oregon,7714.23,No,Extended,1,High School or Below,0,2/26/2011,Unemployed,0,M,0,Married,1,4,89,0,9,Personal Auto,0,Personal L2,1,4,Agent,2,Large,2,0
LP48634,California,3481.43,No,Basic,0,High School or Below,0,2/26/2011,Employed,1,F,80965,Divorced,2,31,7,0,1,Corporate Auto,1,Corporate L3,5,4,Call Center,3,Medsize,1,0
KH53118,California,10132.79,No,Basic,0,Bachelor,2,2/26/2011,Employed,1,F,60055,Married,1,7,100,0,2,Special Auto,2,Special L3,8,1,Agent,2,Medsize,1,0
BV36386,California,5781.98,Yes,Basic,0,College,1,2/26/2011,Employed,1,F,55166,Married,1,22,95,1,1,Personal Auto,0,Personal L3,2,1,Agent,2,Medsize,1,0
QY46560,Arizona,2905.31,No,Basic,0,Bachelor,2,2/26/2011,Unemployed,0,M,0,Single,0,11,68,0,1,Personal Auto,0,Personal L2,1,2,Agent,2,Medsize,1,0
XJ65608,California,7278.9,No,Basic,0,College,1,2/26/2011,Employed,1,F,85905,Married,1,22,28,1,8,Corporate Auto,1,Corporate L1,3,2,Agent,2,Medsize,1,0
GM61951,Nevada,39551.4,No,Basic,0,High School or Below,0,2/26/2011,Unemployed,0,F,0,Single,0,30,88,0,2,Personal Auto,0,Personal L3,2,2,Agent,2,Small,0,1
RE93978,Washington,11055.12,No,Basic,0,College,1,2/26/2011,Employed,1,M,120232,Divorced,2,26,119,0,3,Personal Auto,0,Personal L2,1,3,Web,0,Small,0,0
HB21182,Arizona,3264,No,Basic,0,Master,3,2/26/2011,Employed,1,F,27270,Single,0,4,69,3,1,Personal Auto,0,Personal L3,2,2,Agent,2,Medsize,1,0
YQ95507,Oregon,3422.55,No,Basic,0,High School or Below,0,2/26/2011,Employed,1,F,93500,Divorced,2,4,41,0,1,Personal Auto,0,Personal L3,2,3,Call Center,3,Small,0,0
UX87980,Nevada,3787.14,No,Extended,1,College,1,2/26/2011,Employed,1,M,67743,Single,0,41,126,3,1,Personal Auto,0,Personal L3,2,2,Web,0,Medsize,1,0
VZ64716,Oregon,15587.33,No,Extended,1,Master,3,2/26/2011,Employed,1,M,109459,Married,1,43,46,1,2,Corporate Auto,1,Corporate L2,4,4,Call Center,3,Medsize,1,0
GD93408,California,7774.67,No,Basic,0,Bachelor,2,2/26/2011,Employed,1,F,41807,Married,1,14,120,1,8,Corporate Auto,1,Corporate L2,4,1,Branch,1,Medsize,1,0
VI12822,Washington,3553.95,No,Basic,0,High School or Below,0,2/26/2011,Employed,1,F,134785,Married,1,19,41,0,1,Personal Auto,0,Personal L2,1,2,Branch,1,Small,0,0
WE21182,Oregon,6978.82,Yes,Basic,0,High School or Below,0,2/26/2011,Medical Leave,2,M,16781,Single,0,30,18,0,4,Personal Auto,0,Personal L3,2,2,Call Center,3,Medsize,1,0
IS73434,Arizona,4345.85,No,Extended,1,Bachelor,2,2/26/2011,Employed,1,F,61954,Married,1,1,66,0,1,Corporate Auto,1,Corporate L2,4,2,Agent,2,Medsize,1,0
XL49151,Arizona,3769.21,No,Extended,1,College,1,2/26/2011,Employed,1,M,30275,Single,0,12,42,1,1,Corporate Auto,1,Corporate L3,5,3,Branch,1,Medsize,1,0
UY95661,California,6711.83,No,Basic,0,Master,3,2/26/2011,Employed,1,M,66367,Married,1,22,55,2,3,Personal Auto,0,Personal L2,1,3,Branch,1,Medsize,1,0
KH12081,Arizona,10974.84,No,Basic,0,High School or Below,0,2/26/2011,Unemployed,0,F,0,Divorced,2,4,15,1,8,Personal Auto,0,Personal L3,2,2,Branch,1,Large,2,0
IH20118,Oregon,6978.82,Yes,Basic,0,High School or Below,0,2/26/2011,Medical Leave,2,M,16781,Single,0,30,18,0,4,Personal Auto,0,Personal L3,2,2,Call Center,3,Medsize,1,0
AQ94108,Oregon,11485.57,No,Basic,0,College,1,2/26/2011,Employed,1,F,76550,Married,1,45,68,0,2,Corporate Auto,1,Corporate L3,5,1,Branch,1,Medsize,1,0
PD69398,Washington,29308.87,No,Extended,1,College,1,2/26/2011,Employed,1,M,84200,Married,1,5,14,2,2,Corporate Auto,1,Corporate L1,3,2,Call Center,3,Medsize,1,0
PG14554,Arizona,44249.36,No,Basic,0,Bachelor,2,2/26/2011,Unemployed,0,M,0,Married,1,4,30,0,2,Personal Auto,0,Personal L2,1,1,Call Center,3,Small,0,0
ON72594,California,15897.61,No,Extended,1,Master,3,2/26/2011,Employed,1,F,79489,Married,1,11,69,0,2,Personal Auto,0,Personal L2,1,4,Branch,1,Medsize,1,0
RE68901,Washington,7608.26,No,Basic,0,College,1,2/26/2011,Employed,1,F,27409,Married,1,32,113,0,3,Corporate Auto,1,Corporate L3,5,1,Branch,1,Small,0,0
AZ90068,California,11060.77,No,Basic,0,College,1,2/26/2011,Employed,1,M,120446,Single,0,16,12,4,2,Personal Auto,0,Personal L3,2,2,Branch,1,Medsize,1,0
XH46220,California,5058.11,Yes,Extended,1,College,1,2/26/2011,Employed,1,F,55997,Married,1,19,51,1,1,Corporate Auto,1,Corporate L2,4,2,Call Center,3,Large,2,0
YN15016,California,6036.86,No,Basic,0,High School or Below,0,2/26/2011,Unemployed,0,M,0,Single,0,47,132,2,9,Personal Auto,0,Personal L3,2,1,Branch,1,Medsize,1,0
NM33351,California,47501.45,No,Extended,1,Bachelor,2,2/26/2011,Employed,1,F,116281,Divorced,2,23,105,0,2,Corporate Auto,1,Corporate L3,5,1,Agent,2,Small,0,0
RJ62038,California,11024.79,No,Extended,1,High School or Below,0,2/26/2011,Unemployed,0,M,0,Single,0,46,7,0,2,Personal Auto,0,Personal L1,0,2,Web,0,Small,0,0
ZO42514,California,12364.66,No,Premium,2,Bachelor,2,2/26/2011,Employed,1,F,130047,Divorced,2,45,51,0,9,Personal Auto,0,Personal L3,2,3,Agent,2,Medsize,1,0
EA52579,California,10377.85,No,Basic,0,Bachelor,2,2/26/2011,Unemployed,0,F,0,Divorced,2,0,7,0,3,Personal Auto,0,Personal L1,0,3,Call Center,3,Medsize,1,0
MR76405,California,12784.59,No,Extended,1,College,1,2/26/2011,Employed,1,F,62816,Married,1,16,62,1,2,Corporate Auto,1,Corporate L2,4,1,Agent,2,Medsize,1,0
LI81655,California,8961.47,No,Premium,2,Master,3,2/26/2011,Employed,1,M,29141,Married,1,42,59,1,1,Personal Auto,0,Personal L2,1,4,Agent,2,Medsize,1,1
PS23376,California,7655.98,No,Basic,0,High School or Below,0,2/26/2011,Employed,1,F,94052,Married,1,46,45,0,4,Corporate Auto,1,Corporate L2,4,1,Branch,1,Large,2,0
WC83389,Oregon,7708.95,No,Basic,0,College,1,2/27/2011,Employed,1,M,69050,Married,1,12,1,0,7,Personal Auto,0,Personal L2,1,2,Branch,1,Medsize,1,0
OM82309,California,78524.85,No,Basic,0,Bachelor,2,2/27/2011,Employed,1,M,82783,Single,0,0,41,1,2,Personal Auto,0,Personal L3,2,2,Branch,1,Small,0,0
WI57118,California,9047.12,No,Extended,1,College,1,2/27/2011,Employed,1,M,76137,Married,1,5,24,0,7,Personal Auto,0,Personal L3,2,4,Agent,2,Small,0,0
ML93326,Washington,6041.82,No,Basic,0,College,1,2/27/2011,Employed,1,F,114619,Married,1,9,85,0,1,Personal Auto,0,Personal L1,0,1,Agent,2,Medsize,1,0
RV14138,Nevada,5850.99,Yes,Extended,1,Bachelor,2,2/27/2011,Retired,3,F,32270,Single,0,1,90,3,1,Personal Auto,0,Personal L3,2,1,Agent,2,Medsize,1,0
YS94121,Nevada,7621.29,No,Basic,0,High School or Below,0,2/27/2011,Employed,1,M,67994,Divorced,2,12,7,0,9,Personal Auto,0,Personal L1,0,1,Call Center,3,Small,0,0
KO26461,Arizona,43564.3,No,Extended,1,High School or Below,0,2/27/2011,Employed,1,M,56052,Married,1,24,95,0,2,Personal Auto,0,Personal L2,1,1,Agent,2,Medsize,1,0
HO61691,Arizona,6877.61,No,Basic,0,Bachelor,2,2/27/2011,Employed,1,F,97208,Divorced,2,5,51,0,3,Personal Auto,0,Personal L1,0,4,Agent,2,Medsize,1,0
OU78470,Arizona,39592.86,No,Extended,1,Master,3,2/27/2011,Employed,1,F,43208,Single,0,38,9,0,2,Corporate Auto,1,Corporate L3,5,2,Call Center,3,Medsize,1,0
MJ69973,Arizona,3835.15,No,Basic,0,High School or Below,0,2/27/2011,Unemployed,0,M,0,Married,1,23,99,0,1,Personal Auto,0,Personal L3,2,1,Call Center,3,Medsize,1,0
IW71076,California,6765.2,No,Basic,0,Bachelor,2,2/27/2011,Employed,1,M,101585,Married,1,18,96,0,5,Corporate Auto,1,Corporate L3,5,2,Agent,2,Large,2,0
IN17648,Nevada,6917.09,No,Basic,0,High School or Below,0,2/27/2011,Unemployed,0,M,0,Single,0,1,84,0,7,Personal Auto,0,Personal L1,0,1,Agent,2,Medsize,1,1
TC97762,California,6726.62,No,Basic,0,High School or Below,0,2/27/2011,Employed,1,F,70571,Married,1,8,119,0,5,Corporate Auto,1,Corporate L3,5,3,Branch,1,Medsize,1,0
MY64920,Oregon,12443.13,No,Basic,0,College,1,2/27/2011,Employed,1,F,98900,Married,1,9,42,0,4,Personal Auto,0,Personal L2,1,4,Web,0,Medsize,1,0
QP65569,Arizona,16412.4,Yes,Premium,2,High School or Below,0,2/27/2011,Employed,1,M,77556,Single,0,8,38,0,2,Personal Auto,0,Personal L3,2,1,Agent,2,Medsize,1,0
CN23147,Oregon,17627.18,No,Premium,2,Bachelor,2,2/27/2011,Employed,1,M,65885,Married,1,1,5,1,2,Corporate Auto,1,Corporate L3,5,1,Branch,1,Medsize,1,0
RU94434,Oregon,16412.4,Yes,Premium,2,High School or Below,0,2/27/2011,Employed,1,M,77556,Single,0,8,38,0,2,Personal Auto,0,Personal L3,2,1,Agent,2,Medsize,1,0
HQ82233,California,16176.27,No,Basic,0,High School or Below,0,2/27/2011,Employed,1,M,58043,Married,1,14,30,0,2,Personal Auto,0,Personal L3,2,3,Call Center,3,Medsize,1,0
IS30295,Arizona,19757.86,Yes,Extended,1,Bachelor,2,2/27/2011,Unemployed,0,F,0,Divorced,2,7,76,0,2,Personal Auto,0,Personal L3,2,1,Call Center,3,Medsize,1,0
KR48903,Washington,3381.63,No,Basic,0,High School or Below,0,2/27/2011,Employed,1,M,119156,Married,1,11,46,0,1,Personal Auto,0,Personal L3,2,1,Branch,1,Medsize,1,0
AQ51368,Oregon,14386.79,Yes,Extended,1,Bachelor,2,2/27/2011,Employed,1,F,97929,Married,1,9,4,0,2,Corporate Auto,1,Corporate L3,5,2,Call Center,3,Medsize,1,0
UF77413,Oregon,3723.97,No,Basic,0,College,1,2/27/2011,Employed,1,M,88822,Married,1,14,19,1,1,Personal Auto,0,Personal L1,0,1,Branch,1,Medsize,1,0
LE84979,California,16480.96,No,Basic,0,Master,3,2/27/2011,Employed,1,F,28797,Divorced,2,24,113,0,2,Personal Auto,0,Personal L3,2,1,Agent,2,Large,2,0
VO36036,Oregon,4774.18,No,Extended,1,Doctor,4,2/27/2011,Employed,1,F,38135,Single,0,34,120,0,1,Personal Auto,0,Personal L3,2,2,Branch,1,Small,0,0
WG15841,California,3794.13,Yes,Basic,0,Bachelor,2,2/27/2011,Employed,1,M,36167,Married,1,5,55,0,1,Personal Auto,0,Personal L3,2,2,Agent,2,Medsize,1,0
TP54769,California,6889.53,No,Extended,1,Bachelor,2,2/27/2011,Employed,1,F,53260,Divorced,2,8,73,0,1,Corporate Auto,1,Corporate L3,5,1,Web,0,Medsize,1,0
AN36757,Oregon,29775.61,No,Extended,1,Master,3,2/27/2011,Employed,1,M,90249,Married,1,14,95,2,2,Personal Auto,0,Personal L3,2,2,Branch,1,Medsize,1,0
TS50305,California,5372.17,No,Basic,0,High School or Below,0,2/27/2011,Unemployed,0,F,0,Single,0,15,4,0,1,Personal Auto,0,Personal L3,2,1,Agent,2,Medsize,1,1
GY55415,Nevada,21229.09,No,Premium,2,Bachelor,2,2/27/2011,Unemployed,0,F,0,Single,0,22,95,0,2,Corporate Auto,1,Corporate L1,3,1,Web,0,Medsize,1,1
KY29506,California,27534.56,No,Premium,2,College,1,2/27/2011,Employed,1,F,125348,Single,0,4,38,1,2,Personal Auto,0,Personal L2,1,1,Agent,2,Small,0,0
JR59597,California,8549.47,No,Extended,1,Bachelor,2,2/27/2011,Employed,1,M,68638,Single,0,16,88,0,3,Personal Auto,0,Personal L3,2,3,Call Center,3,Small,0,0
DL26809,Nevada,9216.18,No,Basic,0,College,1,2/27/2011,Unemployed,0,M,0,Single,0,18,35,0,2,Personal Auto,0,Personal L3,2,1,Agent,2,Small,0,0
DN98431,Oregon,3422.68,No,Basic,0,High School or Below,0,2/27/2011,Unemployed,0,F,0,Married,1,32,99,0,1,Corporate Auto,1,Corporate L3,5,1,Branch,1,Medsize,1,0
QI40455,Oregon,16332.18,No,Basic,0,Doctor,4,2/27/2011,Unemployed,0,F,0,Married,1,24,107,0,2,Personal Auto,0,Personal L3,2,1,Branch,1,Large,2,0
EX61844,Arizona,18926.97,No,Basic,0,High School or Below,0,2/27/2011,Employed,1,M,49590,Married,1,28,38,0,2,Personal Auto,0,Personal L2,1,2,Agent,2,Medsize,1,0
PL78574,Arizona,16412.4,Yes,Premium,2,High School or Below,0,2/27/2011,Employed,1,M,77556,Single,0,8,38,0,2,Personal Auto,0,Personal L3,2,1,Agent,2,Medsize,1,0
RR54950,Arizona,7134.86,No,Basic,0,College,1,2/27/2011,Employed,1,M,115767,Married,1,31,19,1,8,Special Auto,2,Special L2,7,1,Branch,1,Small,0,0
GC93551,Oregon,7141.67,No,Basic,0,High School or Below,0,2/27/2011,Employed,1,F,36692,Divorced,2,11,123,0,9,Personal Auto,0,Personal L3,2,1,Branch,1,Medsize,1,0
OV40993,Nevada,11736.4,No,Basic,0,College,1,2/27/2011,Disabled,4,F,23562,Married,1,16,95,1,9,Personal Auto,0,Personal L2,1,1,Branch,1,Small,0,0
GC42314,Arizona,11199.84,No,Basic,0,Doctor,4,2/27/2011,Unemployed,0,M,0,Married,1,4,80,0,9,Personal Auto,0,Personal L3,2,3,Web,0,Medsize,1,0
BG60187,Oregon,10816.37,No,Extended,1,Bachelor,2,2/27/2011,Unemployed,0,M,0,Single,0,30,111,0,2,Personal Auto,0,Personal L3,2,1,Branch,1,Medsize,1,0
KE60943,California,6626.08,No,Basic,0,Bachelor,2,2/27/2011,Employed,1,M,44962,Married,1,4,16,0,5,Special Auto,2,Special L2,7,1,Call Center,3,Small,0,0
KR17533,Oregon,5338.63,No,Basic,0,Doctor,4,2/27/2011,Employed,1,M,54236,Divorced,2,46,105,1,1,Personal Auto,0,Personal L1,0,3,Branch,1,Medsize,1,0
YV93921,California,7060.15,No,Basic,0,Bachelor,2,2/27/2011,Employed,1,M,104432,Single,0,32,51,0,8,Personal Auto,0,Personal L2,1,3,Web,0,Medsize,1,0
LV34368,California,6497.93,No,Basic,0,Bachelor,2,2/27/2011,Unemployed,0,M,0,Single,0,41,59,0,3,Special Auto,2,Special L3,8,1,Agent,2,Medsize,1,0
KP96020,Arizona,5846.54,No,Basic,0,Bachelor,2,2/27/2011,Employed,1,F,53541,Married,1,4,62,0,1,Corporate Auto,1,Corporate L2,4,1,Agent,2,Small,0,0
EW35231,Oregon,13412.07,No,Extended,1,High School or Below,0,2/27/2011,Employed,1,F,76112,Married,1,0,80,1,8,Corporate Auto,1,Corporate L2,4,1,Agent,2,Medsize,1,0
FG16885,Arizona,21349.91,No,Premium,2,College,1,2/27/2011,Unemployed,0,M,0,Single,0,9,68,0,2,Personal Auto,0,Personal L2,1,2,Web,0,Medsize,1,1
ID40186,Oregon,17421.67,No,Premium,2,Bachelor,2,2/27/2011,Employed,1,F,37500,Divorced,2,41,19,0,2,Personal Auto,0,Personal L3,2,1,Agent,2,Large,2,0
BL93527,Arizona,3682.85,No,Basic,0,High School or Below,0,2/27/2011,Employed,1,M,59434,Single,0,0,101,0,1,Personal Auto,0,Personal L3,2,1,Branch,1,Medsize,1,0
SX95355,Oregon,7896.81,No,Basic,0,Bachelor,2,2/27/2011,Employed,1,F,91140,Married,1,4,7,0,8,Personal Auto,0,Personal L3,2,3,Call Center,3,Small,0,0
IC51895,Arizona,14809.68,No,Extended,1,College,1,2/27/2011,Employed,1,F,52479,Married,1,8,45,0,2,Personal Auto,0,Personal L2,1,2,Branch,1,Medsize,1,0
HU72679,Oregon,13008.04,No,Basic,0,Doctor,4,2/27/2011,Employed,1,M,121951,Divorced,2,5,62,0,9,Corporate Auto,1,Corporate L3,5,3,Branch,1,Medsize,1,0
MO63575,Oregon,5850.99,Yes,Extended,1,Bachelor,2,2/27/2011,Retired,3,F,32270,Single,0,1,90,3,1,Corporate Auto,1,Corporate L3,5,1,Agent,2,Medsize,1,0
GB12561,Oregon,9823.06,No,Basic,0,College,1,2/27/2011,Unemployed,0,F,0,Single,0,15,113,2,3,Corporate Auto,1,Corporate L3,5,1,Agent,2,Medsize,1,1
LY14355,Washington,3963.58,No,Basic,0,High School or Below,0,2/27/2011,Employed,1,F,99693,Married,1,46,69,1,1,Personal Auto,0,Personal L2,1,2,Web,0,Small,0,0
WI14444,California,7612.03,No,Basic,0,High School or Below,0,2/27/2011,Employed,1,F,100286,Married,1,36,0,0,3,Personal Auto,0,Personal L1,0,4,Agent,2,Medsize,1,0
BD58297,California,3864.46,No,Basic,0,Bachelor,2,2/27/2011,Employed,1,F,103081,Married,1,5,82,2,1,Personal Auto,0,Personal L3,2,3,Branch,1,Medsize,1,0
EH86912,California,11367.58,No,Basic,0,College,1,2/27/2011,Disabled,4,M,38633,Married,1,27,77,0,9,Personal Auto,0,Personal L2,1,3,Agent,2,Medsize,1,1
QO16222,California,8617.88,No,Basic,0,College,1,2/27/2011,Unemployed,0,F,0,Single,0,18,100,2,1,Personal Auto,0,Personal L3,2,2,Call Center,3,Small,0,1
KD63903,Arizona,11591.99,No,Basic,0,College,1,2/27/2011,Unemployed,0,M,0,Married,1,8,43,0,5,Personal Auto,0,Personal L1,0,3,Call Center,3,Medsize,1,0
SN21895,Arizona,8655.01,No,Extended,1,Bachelor,2,2/27/2011,Medical Leave,2,F,17669,Married,1,39,104,0,3,Personal Auto,0,Personal L3,2,1,Agent,2,Small,0,0
TL18087,Washington,4130.03,No,Extended,1,Bachelor,2,2/27/2011,Employed,1,M,87862,Married,1,41,92,0,1,Personal Auto,0,Personal L2,1,2,Web,0,Medsize,1,0
LO17953,Oregon,7045.92,No,Basic,0,Doctor,4,2/27/2011,Employed,1,F,52250,Married,1,14,38,0,9,Personal Auto,0,Personal L3,2,2,Branch,1,Large,2,0
NG93751,California,4381.2,No,Extended,1,Bachelor,2,2/27/2011,Employed,1,M,62687,Married,1,18,27,0,1,Corporate Auto,1,Corporate L3,5,2,Branch,1,Medsize,1,0
LU79865,Nevada,7822.04,No,Basic,0,Bachelor,2,2/27/2011,Employed,1,M,119300,Divorced,2,0,22,1,9,Personal Auto,0,Personal L1,0,1,Agent,2,Small,0,0
SV68939,Arizona,13484.86,No,Extended,1,Master,3,2/27/2011,Employed,1,F,44762,Married,1,38,78,0,3,Personal Auto,0,Personal L3,2,2,Agent,2,Medsize,1,0
ZM84839,California,10997.47,No,Basic,0,College,1,2/27/2011,Employed,1,F,125249,Married,1,28,112,2,2,Personal Auto,0,Personal L1,0,1,Web,0,Medsize,1,0
BI34286,Oregon,8795.29,No,Extended,1,Master,3,2/27/2011,Employed,1,M,63800,Married,1,30,73,0,5,Corporate Auto,1,Corporate L2,4,1,Branch,1,Medsize,1,0
ES66762,Oregon,14386.79,Yes,Extended,1,Bachelor,2,2/27/2011,Employed,1,F,97929,Married,1,9,4,0,2,Personal Auto,0,Personal L1,0,2,Call Center,3,Medsize,1,0
PH70685,California,7400.03,No,Basic,0,Bachelor,2,2/27/2011,Employed,1,F,95573,Married,1,14,128,0,4,Corporate Auto,1,Corporate L1,3,2,Call Center,3,Medsize,1,0
NX93393,Oregon,5852.73,No,Premium,2,High School or Below,0,2/27/2011,Employed,1,M,116230,Married,1,41,1,0,1,Corporate Auto,1,Corporate L3,5,2,Call Center,3,Large,2,0
FG71665,Arizona,3794.13,Yes,Basic,0,Bachelor,2,2/27/2011,Employed,1,M,36167,Married,1,5,55,0,1,Personal Auto,0,Personal L1,0,2,Agent,2,Medsize,1,0
SJ87108,Arizona,5850.99,Yes,Extended,1,Bachelor,2,2/27/2011,Retired,3,F,32270,Single,0,1,90,3,1,Corporate Auto,1,Corporate L3,5,1,Agent,2,Medsize,1,0
QM78112,Washington,3794.13,Yes,Basic,0,Bachelor,2,2/27/2011,Employed,1,M,36167,Married,1,5,55,0,1,Personal Auto,0,Personal L3,2,2,Agent,2,Medsize,1,0
UI80897,Washington,7496.01,No,Basic,0,High School or Below,0,2/27/2011,Employed,1,M,68135,Divorced,2,1,117,0,8,Corporate Auto,1,Corporate L2,4,4,Call Center,3,Large,2,0
UA74474,Oregon,6095.5,No,Premium,2,College,1,2/27/2011,Employed,1,F,118148,Married,1,1,38,1,1,Corporate Auto,1,Corporate L3,5,2,Branch,1,Small,0,1
HD29166,Oregon,19757.86,Yes,Extended,1,Bachelor,2,2/27/2011,Unemployed,0,F,0,Divorced,2,7,76,0,2,Personal Auto,0,Personal L3,2,1,Call Center,3,Medsize,1,0
UY57856,Oregon,4033.73,No,Extended,1,College,1,2/27/2011,Unemployed,0,F,0,Single,0,19,30,0,1,Corporate Auto,1,Corporate L2,4,3,Branch,1,Medsize,1,0
JM89095,Oregon,13579.3,No,Extended,1,High School or Below,0,2/27/2011,Unemployed,0,M,0,Single,0,41,109,0,2,Personal Auto,0,Personal L2,1,1,Call Center,3,Medsize,1,0
TZ37274,Arizona,6248.18,No,Basic,0,High School or Below,0,2/27/2011,Unemployed,0,M,0,Single,0,43,42,0,3,Personal Auto,0,Personal L3,2,3,Web,0,Medsize,1,0
DL11519,Oregon,9282.07,No,Basic,0,College,1,2/27/2011,Unemployed,0,M,0,Single,0,32,66,0,6,Special Auto,2,Special L2,7,1,Branch,1,Medsize,1,1
PH83205,Oregon,3794.13,Yes,Basic,0,Bachelor,2,2/27/2011,Employed,1,M,36167,Married,1,5,55,0,1,Corporate Auto,1,Corporate L3,5,2,Agent,2,Medsize,1,0
ZE59681,Nevada,3778.22,No,Basic,0,College,1,2/27/2011,Employed,1,M,118812,Single,0,39,28,0,1,Corporate Auto,1,Corporate L2,4,1,Branch,1,Medsize,1,0
XQ93931,Oregon,10538.29,No,Basic,0,College,1,2/27/2011,Employed,1,M,32003,Married,1,1,76,1,2,Corporate Auto,1,Corporate L3,5,3,Web,0,Medsize,1,0
MZ63755,California,19757.86,Yes,Extended,1,Bachelor,2,2/27/2011,Unemployed,0,F,0,Divorced,2,7,76,0,2,Personal Auto,0,Personal L1,0,1,Call Center,3,Medsize,1,0
VR18539,Washington,11221,No,Basic,0,College,1,2/27/2011,Employed,1,M,60538,Single,0,19,46,0,3,Personal Auto,0,Personal L2,1,1,Branch,1,Medsize,1,0
PT50287,Oregon,3995.76,No,Basic,0,Bachelor,2,2/27/2011,Employed,1,F,94157,Divorced,2,23,123,0,1,Personal Auto,0,Personal L1,0,1,Call Center,3,Medsize,1,0
EM39400,Nevada,3834.41,No,Basic,0,Bachelor,2,2/27/2011,Employed,1,M,106894,Divorced,2,1,32,0,1,Personal Auto,0,Personal L3,2,2,Branch,1,Medsize,1,0
ZB82406,Oregon,8978.12,No,Extended,1,Bachelor,2,2/27/2011,Unemployed,0,F,0,Single,0,22,88,2,3,Personal Auto,0,Personal L1,0,2,Branch,1,Small,0,0
OP93305,California,14976.52,No,Extended,1,High School or Below,0,2/27/2011,Employed,1,M,105644,Single,0,19,119,0,2,Personal Auto,0,Personal L3,2,4,Branch,1,Small,0,0
MC85738,California,19757.86,Yes,Extended,1,Bachelor,2,2/27/2011,Unemployed,0,F,0,Divorced,2,7,76,0,2,Personal Auto,0,Personal L3,2,1,Call Center,3,Medsize,1,0
VV61641,Oregon,25280.31,No,Premium,2,High School or Below,0,2/27/2011,Unemployed,0,F,0,Single,0,9,63,2,2,Personal Auto,0,Personal L1,0,1,Agent,2,Medsize,1,1
IU15885,Washington,6615.45,No,Basic,0,Bachelor,2,2/27/2011,Unemployed,0,F,0,Married,1,47,101,0,4,Personal Auto,0,Personal L3,2,2,Agent,2,Small,0,0
CA55066,Arizona,16412.4,Yes,Premium,2,High School or Below,0,2/27/2011,Employed,1,M,77556,Single,0,8,38,0,2,Personal Auto,0,Personal L2,1,1,Agent,2,Medsize,1,0
RS54064,Washington,29554.68,No,Basic,0,High School or Below,0,2/27/2011,Employed,1,M,105755,Divorced,2,3,119,2,2,Corporate Auto,1,Corporate L3,5,1,Branch,1,Medsize,1,0
AJ32539,Oregon,3819.57,No,Basic,0,Bachelor,2,2/27/2011,Employed,1,M,34911,Married,1,16,62,0,1,Personal Auto,0,Personal L3,2,2,Web,0,Medsize,1,0
HC63693,Arizona,9911.35,No,Extended,1,College,1,2/27/2011,Employed,1,F,118866,Single,0,7,51,0,8,Corporate Auto,1,Corporate L1,3,1,Branch,1,Medsize,1,0
US36532,Arizona,6666.59,No,Basic,0,High School or Below,0,2/27/2011,Employed,1,F,102982,Married,1,12,134,0,6,Corporate Auto,1,Corporate L3,5,2,Agent,2,Medsize,1,0
WT38706,Oregon,19757.86,Yes,Extended,1,Bachelor,2,2/27/2011,Unemployed,0,F,0,Divorced,2,7,76,0,2,Personal Auto,0,Personal L3,2,1,Call Center,3,Medsize,1,0
FG35165,Washington,3348.66,No,Basic,0,College,1,2/27/2011,Employed,1,F,68197,Married,1,46,128,0,1,Personal Auto,0,Personal L3,2,1,Branch,1,Medsize,1,0
BB19609,California,21288.3,No,Extended,1,College,1,2/27/2011,Employed,1,M,40469,Married,1,22,26,0,2,Personal Auto,0,Personal L3,2,1,Agent,2,Small,0,0
CF62430,Nevada,12325.33,No,Basic,0,Bachelor,2,2/27/2011,Employed,1,F,95814,Divorced,2,8,32,1,3,Personal Auto,0,Personal L2,1,1,Agent,2,Small,0,0
EG54606,California,7045.61,No,Basic,0,Bachelor,2,2/27/2011,Employed,1,M,28851,Married,1,18,65,0,8,Personal Auto,0,Personal L2,1,2,Branch,1,Small,0,0
XP92021,Oregon,17949.06,No,Basic,0,High School or Below,0,2/27/2011,Employed,1,F,91812,Divorced,2,1,3,0,2,Personal Auto,0,Personal L1,0,1,Call Center,3,Medsize,1,0
KV17233,Arizona,3285.91,No,Basic,0,Bachelor,2,2/27/2011,Employed,1,F,31095,Married,1,7,12,0,1,Personal Auto,0,Personal L3,2,3,Web,0,Small,0,0
GP20237,Nevada,3681.56,No,Basic,0,Bachelor,2,2/27/2011,Employed,1,F,39536,Married,1,7,27,1,1,Personal Auto,0,Personal L3,2,2,Call Center,3,Small,0,0
EX63393,California,8524.56,No,Extended,1,Master,3,2/27/2011,Employed,1,F,90378,Married,1,18,16,0,6,Personal Auto,0,Personal L1,0,3,Agent,2,Small,0,0
SR49919,Arizona,14386.79,Yes,Extended,1,Bachelor,2,2/27/2011,Employed,1,F,97929,Married,1,9,4,0,2,Personal Auto,0,Personal L3,2,2,Call Center,3,Medsize,1,0
TB40283,California,19757.86,Yes,Extended,1,Bachelor,2,2/27/2011,Unemployed,0,F,0,Divorced,2,7,76,0,2,Corporate Auto,1,Corporate L2,4,1,Call Center,3,Medsize,1,0
BD84823,Oregon,16412.4,Yes,Premium,2,High School or Below,0,2/27/2011,Employed,1,M,77556,Single,0,8,38,0,2,Personal Auto,0,Personal L2,1,1,Agent,2,Medsize,1,0
SI26369,Oregon,5909.67,No,Basic,0,College,1,2/27/2011,Unemployed,0,M,0,Single,0,34,34,0,8,Personal Auto,0,Personal L3,2,2,Call Center,3,Medsize,1,0
IN26765,Oregon,11167.07,No,Basic,0,College,1,2/27/2011,Employed,1,M,84931,Married,1,12,120,0,2,Personal Auto,0,Personal L1,0,2,Branch,1,Medsize,1,0
IQ96928,Oregon,5869.99,No,Basic,0,High School or Below,0,2/27/2011,Unemployed,0,F,0,Single,0,27,12,0,7,Corporate Auto,1,Corporate L1,3,1,Agent,2,Small,0,0
LC20778,Nevada,25306.28,No,Extended,1,Master,3,2/27/2011,Medical Leave,2,F,36759,Single,0,27,12,0,2,Personal Auto,0,Personal L2,1,3,Agent,2,Small,0,0
CF44171,California,5850.99,Yes,Extended,1,Bachelor,2,2/27/2011,Retired,3,F,32270,Single,0,1,90,3,1,Personal Auto,0,Personal L3,2,1,Agent,2,Medsize,1,0
UL96474,Arizona,5071.46,No,Basic,0,College,1,2/27/2011,Unemployed,0,F,0,Married,1,43,66,3,1,Personal Auto,0,Personal L2,1,2,Agent,2,Medsize,1,0
IV84135,California,12729.26,No,Extended,1,College,1,2/27/2011,Employed,1,F,102111,Divorced,2,8,70,4,2,Personal Auto,0,Personal L3,2,4,Agent,2,Medsize,1,0
TE11374,California,10277.62,No,Basic,0,Bachelor,2,2/27/2011,Disabled,4,F,33726,Married,1,27,70,4,7,Personal Auto,0,Personal L1,0,1,Web,0,Medsize,1,0
CA45756,Arizona,29950.94,No,Basic,0,Master,3,2/27/2011,Employed,1,F,81575,Single,0,0,131,0,2,Corporate Auto,1,Corporate L2,4,1,Call Center,3,Medsize,1,0
PY17715,California,4626.66,No,Extended,1,Master,3,2/27/2011,Employed,1,F,79434,Single,0,34,59,0,1,Corporate Auto,1,Corporate L3,5,1,Agent,2,Medsize,1,0
YB14965,Arizona,49296.66,No,Basic,0,College,1,2/27/2011,Employed,1,M,121191,Married,1,7,112,0,2,Personal Auto,0,Personal L3,2,1,Agent,2,Medsize,1,0
GA93544,Oregon,3911.62,No,Extended,1,High School or Below,0,2/27/2011,Unemployed,0,F,0,Single,0,26,23,0,1,Personal Auto,0,Personal L2,1,1,Branch,1,Medsize,1,0
OO79691,Arizona,15968.63,No,Basic,0,College,1,2/27/2011,Unemployed,0,F,0,Single,0,5,11,0,2,Personal Auto,0,Personal L3,2,2,Call Center,3,Medsize,1,1
PA15141,California,9387.84,No,Extended,1,High School or Below,0,2/27/2011,Employed,1,F,58348,Married,1,45,69,0,7,Special Auto,2,Special L2,7,1,Branch,1,Large,2,0
MY56715,Oregon,4563.96,No,Extended,1,Bachelor,2,2/27/2011,Employed,1,M,78447,Divorced,2,12,8,0,1,Corporate Auto,1,Corporate L3,5,2,Branch,1,Medsize,1,0
QC95625,California,16412.4,Yes,Premium,2,High School or Below,0,2/27/2011,Employed,1,M,77556,Single,0,8,38,0,2,Personal Auto,0,Personal L2,1,1,Agent,2,Medsize,1,0
AQ34238,Oregon,6218.46,No,Basic,0,Bachelor,2,2/27/2011,Unemployed,0,M,0,Single,0,11,19,2,8,Corporate Auto,1,Corporate L1,3,1,Call Center,3,Medsize,1,0
NG94966,California,3290.06,No,Basic,0,College,1,2/27/2011,Employed,1,M,46925,Divorced,2,41,113,0,1,Personal Auto,0,Personal L3,2,2,Agent,2,Large,2,0
JL25091,California,6209.67,No,Premium,2,Bachelor,2,2/27/2011,Employed,1,M,107033,Single,0,12,80,1,1,Special Auto,2,Special L2,7,3,Agent,2,Medsize,1,0
DZ85842,California,10942.85,No,Basic,0,High School or Below,0,2/27/2011,Retired,3,M,24192,Married,1,19,72,0,2,Personal Auto,0,Personal L1,0,1,Branch,1,Medsize,1,0
GD57363,California,6930.41,No,Basic,0,College,1,2/27/2011,Employed,1,M,52373,Married,1,31,86,0,3,Personal Auto,0,Personal L2,1,2,Agent,2,Medsize,1,0
BR22486,California,6803.24,No,Basic,0,College,1,2/27/2011,Employed,1,F,111969,Single,0,16,76,0,3,Personal Auto,0,Personal L2,1,3,Agent,2,Medsize,1,0
JA47688,California,4785.13,No,Extended,1,Master,3,2/27/2011,Employed,1,M,54888,Single,0,34,27,0,1,Personal Auto,0,Personal L2,1,3,Branch,1,Medsize,1,0
ZK71157,California,7233.52,No,Basic,0,Bachelor,2,2/27/2011,Employed,1,F,55125,Single,0,18,113,0,6,Corporate Auto,1,Corporate L1,3,2,Call Center,3,Medsize,1,0
JY66887,California,22033.04,No,Extended,1,High School or Below,0,2/27/2011,Unemployed,0,F,0,Single,0,7,16,3,5,Personal Auto,0,Personal L2,1,2,Branch,1,Medsize,1,1
BP90016,California,11208.13,No,Basic,0,Master,3,2/27/2011,Employed,1,M,105343,Married,1,11,66,0,3,Corporate Auto,1,Corporate L3,5,3,Agent,2,Small,0,0
ZV55368,California,7707.63,No,Basic,0,High School or Below,0,2/27/2011,Employed,1,M,102128,Married,1,32,72,0,8,Corporate Auto,1,Corporate L2,4,4,Agent,2,Medsize,1,0
SV85652,Arizona,3313.69,No,Basic,0,College,1,2/28/2011,Employed,1,M,31263,Married,1,5,8,1,1,Personal Auto,0,Personal L2,1,4,Call Center,3,Small,0,0
UB61619,Oregon,5480.42,No,Premium,2,Master,3,2/28/2011,Disabled,4,F,15688,Divorced,2,5,132,0,1,Personal Auto,0,Personal L1,0,1,Agent,2,Medsize,1,0
HF88410,Washington,10399.59,No,Basic,0,High School or Below,0,2/28/2011,Employed,1,M,49633,Married,1,20,43,1,2,Personal Auto,0,Personal L2,1,1,Call Center,3,Medsize,1,0
EK59571,Oregon,5245.37,Yes,Premium,2,College,1,2/28/2011,Unemployed,0,M,0,Married,1,4,124,0,1,Corporate Auto,1,Corporate L2,4,1,Branch,1,Large,2,0
XN16891,Arizona,3932.4,No,Basic,0,College,1,2/28/2011,Employed,1,M,109481,Divorced,2,9,90,0,1,Personal Auto,0,Personal L1,0,4,Agent,2,Small,0,0
PK52952,Arizona,11534.95,No,Basic,0,Doctor,4,2/28/2011,Employed,1,M,38102,Single,0,18,18,0,8,Personal Auto,0,Personal L3,2,1,Call Center,3,Medsize,1,0
AF10970,Arizona,8063.74,No,Basic,0,Bachelor,2,2/28/2011,Employed,1,F,129820,Married,1,31,122,0,3,Corporate Auto,1,Corporate L3,5,1,Call Center,3,Medsize,1,0
IM94808,Nevada,7284.37,No,Basic,0,Bachelor,2,2/28/2011,Employed,1,M,94569,Married,1,20,93,0,8,Corporate Auto,1,Corporate L3,5,4,Web,0,Medsize,1,0
MQ68407,Oregon,5908.09,Yes,Premium,2,Bachelor,2,2/28/2011,Employed,1,F,86095,Divorced,2,24,85,0,1,Personal Auto,0,Personal L3,2,2,Agent,2,Medsize,1,0
ZA64638,Nevada,13182.68,No,Extended,1,High School or Below,0,2/28/2011,Unemployed,0,F,0,Single,0,32,15,1,2,Personal Auto,0,Personal L2,1,2,Web,0,Small,0,0
XA55917,California,11520.67,No,Basic,0,College,1,2/28/2011,Disabled,4,F,35166,Married,1,14,20,1,9,Personal Auto,0,Personal L1,0,1,Web,0,Medsize,1,0
RA49085,California,3743.33,No,Basic,0,College,1,2/28/2011,Employed,1,F,50001,Married,1,8,131,1,1,Corporate Auto,1,Corporate L3,5,4,Branch,1,Large,2,0
OV54878,California,6262.7,No,Premium,2,Bachelor,2,2/28/2011,Unemployed,0,M,0,Single,0,7,117,0,1,Corporate Auto,1,Corporate L2,4,4,Web,0,Medsize,1,1
NS39326,California,6244.49,No,Basic,0,College,1,2/28/2011,Employed,1,F,90005,Married,1,31,8,0,1,Personal Auto,0,Personal L3,2,3,Agent,2,Medsize,1,0
NH35059,Nevada,5245.37,Yes,Premium,2,College,1,2/28/2011,Unemployed,0,M,0,Married,1,4,124,0,1,Corporate Auto,1,Corporate L3,5,1,Branch,1,Large,2,0
KW56110,Oregon,24788.1,No,Basic,0,Bachelor,2,2/28/2011,Unemployed,0,M,0,Single,0,4,76,0,2,Personal Auto,0,Personal L2,1,1,Web,0,Medsize,1,1
NZ26102,Oregon,3090.99,No,Basic,0,High School or Below,0,2/28/2011,Unemployed,0,F,0,Single,0,11,78,0,1,Personal Auto,0,Personal L3,2,2,Branch,1,Small,0,0
JO63462,California,4465.8,No,Extended,1,Bachelor,2,2/28/2011,Employed,1,M,107726,Divorced,2,36,62,0,1,Corporate Auto,1,Corporate L2,4,4,Branch,1,Medsize,1,0
XX88577,California,21231.63,No,Premium,2,Bachelor,2,2/28/2011,Employed,1,M,114512,Married,1,9,5,0,9,Corporate Auto,1,Corporate L1,3,2,Branch,1,Small,0,0
PS31050,Washington,28895.88,No,Basic,0,Bachelor,2,2/28/2011,Unemployed,0,F,0,Single,0,47,107,0,2,Personal Auto,0,Personal L3,2,1,Branch,1,Medsize,1,0
MD86050,Oregon,6374.24,No,Basic,0,High School or Below,0,2/28/2011,Unemployed,0,M,0,Single,0,27,51,0,8,Personal Auto,0,Personal L3,2,4,Branch,1,Medsize,1,0
GN80437,Oregon,4650.71,No,Extended,1,College,1,2/28/2011,Unemployed,0,F,0,Married,1,38,80,0,1,Special Auto,2,Special L2,7,2,Branch,1,Medsize,1,0
BU41599,Washington,7535.38,No,Basic,0,Master,3,2/28/2011,Employed,1,F,84698,Divorced,2,39,108,0,3,Personal Auto,0,Personal L1,0,2,Call Center,3,Medsize,1,0
DW59142,Nevada,30635.94,No,Basic,0,High School or Below,0,2/28/2011,Employed,1,F,97037,Single,0,1,86,0,2,Corporate Auto,1,Corporate L3,5,2,Web,0,Medsize,1,0
RX19151,Washington,11038.38,No,Basic,0,Bachelor,2,2/28/2011,Employed,1,M,90635,Married,1,0,66,5,6,Personal Auto,0,Personal L1,0,2,Agent,2,Medsize,1,0
YE27183,Oregon,7982.82,No,Extended,1,Bachelor,2,2/28/2011,Unemployed,0,M,0,Single,0,18,120,0,4,Corporate Auto,1,Corporate L3,5,3,Call Center,3,Medsize,1,0
IK99137,Washington,7445.8,No,Extended,1,Bachelor,2,2/28/2011,Unemployed,0,M,0,Divorced,2,7,84,0,7,Special Auto,2,Special L2,7,2,Web,0,Small,0,0
BC43958,California,9834.79,Yes,Basic,0,High School or Below,0,2/28/2011,Employed,1,M,60464,Married,1,8,65,0,2,Corporate Auto,1,Corporate L1,3,2,Agent,2,Small,0,0
AU46443,Nevada,10148.06,No,Basic,0,Bachelor,2,2/28/2011,Unemployed,0,F,0,Single,0,26,18,0,3,Personal Auto,0,Personal L3,2,1,Agent,2,Medsize,1,1
DO98345,Oregon,17761.61,No,Extended,1,High School or Below,0,2/28/2011,Employed,1,M,97898,Married,1,45,36,0,2,Personal Auto,0,Personal L3,2,2,Web,0,Medsize,1,0
CB44654,Arizona,3253.18,No,Basic,0,Bachelor,2,2/28/2011,Employed,1,M,80548,Single,0,45,4,1,1,Personal Auto,0,Personal L3,2,1,Agent,2,Medsize,1,0
YM77369,Oregon,6420.77,No,Premium,2,High School or Below,0,2/28/2011,Employed,1,M,75797,Married,1,0,123,0,1,Corporate Auto,1,Corporate L2,4,4,Web,0,Large,2,0
ZU88029,Oregon,5487.31,No,Basic,0,Master,3,2/28/2011,Retired,3,F,35317,Single,0,11,95,0,1,Personal Auto,0,Personal L3,2,3,Branch,1,Large,2,0
OY66019,Oregon,8450.3,No,Extended,1,College,1,2/28/2011,Unemployed,0,F,0,Married,1,11,105,0,4,Personal Auto,0,Personal L2,1,2,Agent,2,Medsize,1,0
FL18392,California,7720.77,No,Basic,0,Bachelor,2,2/28/2011,Employed,1,F,104761,Married,1,36,65,0,6,Personal Auto,0,Personal L3,2,3,Branch,1,Small,0,0
QC30857,Nevada,3957.06,No,Basic,0,College,1,2/28/2011,Employed,1,F,61787,Married,1,45,36,0,1,Personal Auto,0,Personal L2,1,1,Agent,2,Medsize,1,0
KI64666,Nevada,30301.13,No,Basic,0,Bachelor,2,2/28/2011,Unemployed,0,F,0,Single,0,43,47,0,2,Personal Auto,0,Personal L2,1,1,Call Center,3,Medsize,1,0
FV14881,California,21446.14,No,Basic,0,Doctor,4,2/28/2011,Employed,1,F,76089,Married,1,41,63,1,6,Personal Auto,0,Personal L3,2,4,Call Center,3,Medsize,1,1
ZH98656,Nevada,11601.72,No,Basic,0,Master,3,2/28/2011,Employed,1,F,123223,Married,1,19,5,0,4,Personal Auto,0,Personal L3,2,1,Call Center,3,Large,2,0
AN57220,Oregon,23305.91,No,Basic,0,Bachelor,2,2/28/2011,Employed,1,F,130838,Married,1,32,3,0,2,Special Auto,2,Special L3,8,4,Web,0,Medsize,1,0
NM95102,Oregon,9834.79,Yes,Basic,0,High School or Below,0,2/28/2011,Employed,1,M,60464,Married,1,8,65,0,2,Personal Auto,0,Personal L3,2,2,Agent,2,Small,0,0
RO18530,Washington,3429.93,No,Basic,0,Master,3,2/28/2011,Employed,1,M,57452,Single,0,5,47,0,1,Personal Auto,0,Personal L3,2,4,Agent,2,Large,2,0
SX98462,Oregon,9659.71,No,Basic,0,College,1,2/28/2011,Disabled,4,M,22837,Married,1,42,42,0,2,Personal Auto,0,Personal L2,1,3,Agent,2,Medsize,1,0
BJ13380,Oregon,7202.76,No,Basic,0,Bachelor,2,2/28/2011,Employed,1,F,123664,Single,0,5,124,2,3,Personal Auto,0,Personal L2,1,1,Agent,2,Small,0,0
GV71044,Oregon,3284.58,No,Basic,0,College,1,2/28/2011,Unemployed,0,F,0,Single,0,16,96,0,1,Personal Auto,0,Personal L3,2,1,Agent,2,Medsize,1,0
LU87443,Oregon,6372.82,No,Basic,0,College,1,2/28/2011,Employed,1,F,35474,Single,0,23,41,0,4,Personal Auto,0,Personal L2,1,3,Branch,1,Medsize,1,0
EE53627,Oregon,3026.82,No,Basic,0,High School or Below,0,2/28/2011,Disabled,4,M,16377,Single,0,43,81,1,1,Personal Auto,0,Personal L2,1,3,Call Center,3,Medsize,1,0
IN91592,California,3794.41,No,Basic,0,Bachelor,2,2/28/2011,Employed,1,F,99708,Married,1,11,80,3,1,Personal Auto,0,Personal L3,2,4,Agent,2,Medsize,1,0
QV30663,Nevada,13315.73,No,Extended,1,Master,3,2/28/2011,Employed,1,F,134533,Married,1,18,128,0,3,Personal Auto,0,Personal L3,2,3,Call Center,3,Medsize,1,0
JZ28301,Oregon,7495.65,No,Basic,0,College,1,2/28/2011,Employed,1,F,47265,Married,1,9,123,0,8,Personal Auto,0,Personal L3,2,4,Call Center,3,Large,2,0
ZV32968,Oregon,9834.79,Yes,Basic,0,High School or Below,0,2/28/2011,Employed,1,M,60464,Married,1,8,65,0,2,Personal Auto,0,Personal L3,2,2,Agent,2,Small,0,0
VE98553,Oregon,6299.97,No,Premium,2,Bachelor,2,2/28/2011,Employed,1,M,81629,Married,1,19,4,0,1,Personal Auto,0,Personal L3,2,2,Agent,2,Large,2,1
AE62631,Oregon,11377.43,No,Basic,0,Bachelor,2,2/28/2011,Employed,1,M,27894,Married,1,14,134,0,2,Personal Auto,0,Personal L1,0,4,Agent,2,Medsize,1,0
JI94264,Arizona,13572.3,No,Extended,1,College,1,2/28/2011,Disabled,4,M,22290,Single,0,47,5,0,5,Personal Auto,0,Personal L3,2,2,Agent,2,Large,2,1
GW14698,Arizona,6591.37,No,Basic,0,College,1,2/28/2011,Employed,1,F,108815,Married,1,30,116,0,3,Corporate Auto,1,Corporate L3,5,4,Web,0,Medsize,1,0
LY17372,Arizona,6901.61,No,Extended,1,College,1,2/28/2011,Employed,1,M,60403,Divorced,2,22,74,4,1,Personal Auto,0,Personal L3,2,1,Branch,1,Small,0,1
CD71502,Arizona,4946.7,No,Basic,0,High School or Below,0,2/28/2011,Unemployed,0,M,0,Divorced,2,11,101,0,1,Personal Auto,0,Personal L3,2,1,Branch,1,Medsize,1,0
LC23144,California,11445.71,No,Basic,0,High School or Below,0,2/28/2011,Medical Leave,2,F,18725,Married,1,1,105,0,5,Personal Auto,0,Personal L3,2,3,Web,0,Medsize,1,0
TK61994,Oregon,8241.08,No,Extended,1,College,1,2/28/2011,Disabled,4,F,25232,Married,1,14,85,0,5,Personal Auto,0,Personal L2,1,1,Agent,2,Medsize,1,0
WP58797,Oregon,5314.66,No,Basic,0,Bachelor,2,2/28/2011,Disabled,4,M,25981,Married,1,38,82,0,1,Personal Auto,0,Personal L3,2,3,Web,0,Large,2,0
QR53727,Arizona,10765.43,No,Basic,0,High School or Below,0,2/28/2011,Unemployed,0,F,0,Single,0,7,86,0,4,Personal Auto,0,Personal L3,2,1,Web,0,Medsize,1,0
MB63131,Oregon,6281.4,No,Basic,0,Bachelor,2,2/28/2011,Unemployed,0,F,0,Married,1,7,24,1,6,Corporate Auto,1,Corporate L2,4,1,Call Center,3,Medsize,1,0
VD19899,California,37182.2,No,Premium,2,Doctor,4,2/28/2011,Employed,1,F,68167,Married,1,26,20,0,2,Personal Auto,0,Personal L3,2,2,Call Center,3,Medsize,1,0
NL17031,Washington,4012.82,No,Extended,1,High School or Below,0,2/28/2011,Unemployed,0,M,0,Single,0,42,38,0,1,Personal Auto,0,Personal L3,2,2,Agent,2,Medsize,1,0
OD70577,Arizona,3835.21,No,Extended,1,College,1,2/28/2011,Unemployed,0,F,0,Single,0,4,134,1,1,Personal Auto,0,Personal L3,2,1,Branch,1,Medsize,1,1
NX62002,Oregon,23621.65,Yes,Basic,0,College,1,2/28/2011,Unemployed,0,M,0,Divorced,2,12,127,0,2,Corporate Auto,1,Corporate L3,5,1,Agent,2,Medsize,1,0
YZ60434,Oregon,7263.12,No,Basic,0,Master,3,2/28/2011,Unemployed,0,M,0,Divorced,2,26,55,0,8,Personal Auto,0,Personal L2,1,1,Web,0,Medsize,1,0
LM50087,Arizona,3352.92,No,Basic,0,College,1,2/28/2011,Employed,1,F,68353,Married,1,35,57,0,1,Corporate Auto,1,Corporate L2,4,3,Agent,2,Medsize,1,0
OS95734,California,9550.44,No,Extended,1,Bachelor,2,2/28/2011,Employed,1,F,127586,Married,1,36,73,0,3,Personal Auto,0,Personal L3,2,4,Agent,2,Medsize,1,0
HT64629,Washington,16516.39,No,Basic,0,High School or Below,0,2/28/2011,Unemployed,0,F,0,Single,0,20,92,0,2,Personal Auto,0,Personal L2,1,2,Branch,1,Medsize,1,1
SL71970,Oregon,3153.84,No,Basic,0,High School or Below,0,2/28/2011,Unemployed,0,F,0,Single,0,28,38,0,1,Special Auto,2,Special L3,8,2,Agent,2,Medsize,1,0
LT16517,Oregon,14617.63,No,Extended,1,High School or Below,0,2/28/2011,Employed,1,F,83772,Married,1,4,120,0,5,Personal Auto,0,Personal L3,2,1,Web,0,Medsize,1,0
RQ78687,Oregon,3977.1,No,Basic,0,College,1,2/28/2011,Employed,1,M,120704,Divorced,2,15,68,0,1,Personal Auto,0,Personal L2,1,2,Agent,2,Medsize,1,0
UQ71296,Washington,7594.17,No,Basic,0,College,1,2/28/2011,Employed,1,M,131078,Married,1,5,11,0,5,Personal Auto,0,Personal L1,0,4,Branch,1,Large,2,0
BC77846,Nevada,8538.79,No,Extended,1,High School or Below,0,2/28/2011,Unemployed,0,M,0,Married,1,5,116,0,7,Personal Auto,0,Personal L2,1,3,Agent,2,Medsize,1,0
LE74625,California,3997.77,No,Extended,1,Master,3,2/28/2011,Medical Leave,2,M,30521,Married,1,7,14,0,1,Personal Auto,0,Personal L1,0,2,Agent,2,Small,0,0
HW19141,Oregon,4660.76,No,Extended,1,Bachelor,2,2/28/2011,Employed,1,F,88794,Married,1,32,47,4,1,Corporate Auto,1,Corporate L2,4,2,Call Center,3,Medsize,1,0
PF88939,Nevada,10611.12,No,Basic,0,Doctor,4,2/28/2011,Disabled,4,M,29330,Married,1,27,107,0,8,Personal Auto,0,Personal L2,1,2,Branch,1,Medsize,1,0
XC77244,Oregon,9834.79,Yes,Basic,0,High School or Below,0,2/28/2011,Employed,1,M,60464,Married,1,8,65,0,2,Personal Auto,0,Personal L3,2,2,Agent,2,Small,0,0
RU75949,Oregon,16648.9,No,Basic,0,College,1,2/28/2011,Employed,1,M,115815,Married,1,24,73,2,2,Personal Auto,0,Personal L1,0,1,Agent,2,Medsize,1,0
CK29372,California,6844.98,No,Basic,0,College,1,2/28/2011,Employed,1,F,32184,Married,1,43,89,0,7,Personal Auto,0,Personal L2,1,4,Call Center,3,Small,0,0
RZ98310,Nevada,23421.19,No,Extended,1,Bachelor,2,2/28/2011,Unemployed,0,F,0,Married,1,4,9,0,2,Personal Auto,0,Personal L3,2,1,Call Center,3,Medsize,1,0
YP38413,Oregon,34837.43,No,Basic,0,College,1,2/28/2011,Employed,1,F,117316,Single,0,32,99,0,2,Personal Auto,0,Personal L2,1,1,Agent,2,Medsize,1,0
LJ35581,Washington,13534.99,No,Premium,2,Bachelor,2,2/28/2011,Unemployed,0,F,0,Single,0,34,36,0,3,Personal Auto,0,Personal L3,2,2,Agent,2,Medsize,1,1
AZ15952,Oregon,11811.82,No,Premium,2,Bachelor,2,2/28/2011,Employed,1,M,70704,Divorced,2,3,50,0,9,Personal Auto,0,Personal L3,2,1,Web,0,Medsize,1,0
CJ59481,Washington,3830.1,No,Basic,0,College,1,2/28/2011,Employed,1,M,122706,Married,1,11,111,0,1,Personal Auto,0,Personal L3,2,1,Agent,2,Medsize,1,0
IU95336,Arizona,3811.73,No,Basic,0,High School or Below,0,2/28/2011,Employed,1,M,32873,Married,1,8,120,3,1,Corporate Auto,1,Corporate L2,4,2,Branch,1,Medsize,1,0
NN44612,Nevada,6628.29,No,Basic,0,Bachelor,2,2/28/2011,Employed,1,F,82893,Divorced,2,1,93,0,3,Personal Auto,0,Personal L3,2,1,Agent,2,Medsize,1,0
KM65135,Oregon,6430.49,No,Basic,0,College,1,2/28/2011,Disabled,4,M,20192,Single,0,32,92,0,8,Corporate Auto,1,Corporate L3,5,1,Branch,1,Small,0,0
UR27848,California,23621.65,Yes,Basic,0,College,1,2/28/2011,Unemployed,0,M,0,Divorced,2,12,127,0,2,Personal Auto,0,Personal L1,0,1,Agent,2,Medsize,1,0
SG53084,California,6434.97,No,Basic,0,Bachelor,2,2/28/2011,Employed,1,F,95083,Married,1,22,66,3,4,Personal Auto,0,Personal L2,1,4,Web,0,Medsize,1,0
AT18041,California,3621.65,No,Basic,0,High School or Below,0,2/28/2011,Employed,1,F,85686,Married,1,0,96,0,1,Personal Auto,0,Personal L1,0,2,Agent,2,Large,2,0
BT68954,Oregon,4807.4,No,Extended,1,Bachelor,2,2/28/2011,Unemployed,0,M,0,Single,0,47,20,0,1,Special Auto,2,Special L2,7,1,Agent,2,Medsize,1,0
UO12263,Oregon,6284.19,No,Basic,0,High School or Below,0,2/28/2011,Unemployed,0,F,0,Married,1,42,103,4,3,Corporate Auto,1,Corporate L1,3,1,Agent,2,Medsize,1,0
VQ48245,Washington,4349.41,No,Extended,1,Master,3,2/28/2011,Employed,1,F,105141,Married,1,23,49,0,1,Personal Auto,0,Personal L3,2,3,Web,0,Small,0,0
FL50532,Arizona,11120.29,No,Basic,0,Master,3,2/28/2011,Employed,1,M,65969,Married,1,7,103,0,3,Personal Auto,0,Personal L1,0,3,Web,0,Medsize,1,0
YC45944,Arizona,5245.37,Yes,Premium,2,College,1,2/28/2011,Unemployed,0,M,0,Married,1,4,124,0,1,Personal Auto,0,Personal L2,1,1,Branch,1,Large,2,0
PB16956,Oregon,10587.21,No,Extended,1,College,1,2/28/2011,Employed,1,F,68851,Married,1,18,66,1,3,Personal Auto,0,Personal L1,0,1,Agent,2,Medsize,1,0
UZ95992,California,5908.09,Yes,Premium,2,Bachelor,2,2/28/2011,Employed,1,F,86095,Divorced,2,24,85,0,1,Personal Auto,0,Personal L3,2,2,Agent,2,Medsize,1,0
LX74249,Oregon,3967.4,No,Basic,0,Bachelor,2,2/28/2011,Employed,1,F,130633,Married,1,38,82,0,1,Personal Auto,0,Personal L3,2,3,Call Center,3,Medsize,1,0
QI11566,Oregon,3422.24,No,Basic,0,Bachelor,2,2/28/2011,Disabled,4,F,33970,Married,1,43,24,0,1,Corporate Auto,1,Corporate L2,4,2,Branch,1,Small,0,0
UA53326,Oregon,4461.42,No,Extended,1,College,1,2/28/2011,Retired,3,F,32307,Single,0,5,32,0,1,Personal Auto,0,Personal L3,2,4,Web,0,Large,2,0
ZF81243,Nevada,5908.09,Yes,Premium,2,Bachelor,2,2/28/2011,Employed,1,F,86095,Divorced,2,24,85,0,1,Personal Auto,0,Personal L1,0,2,Agent,2,Medsize,1,0
GE49670,Arizona,10029.26,No,Premium,2,High School or Below,0,2/28/2011,Unemployed,0,M,0,Married,1,8,58,0,9,Personal Auto,0,Personal L3,2,3,Branch,1,Medsize,1,0
CR76145,California,5245.37,Yes,Premium,2,College,1,2/28/2011,Unemployed,0,M,0,Married,1,4,124,0,1,Personal Auto,0,Personal L2,1,1,Branch,1,Large,2,0
XY57950,California,4884.88,No,Extended,1,College,1,2/28/2011,Unemployed,0,M,0,Divorced,2,0,96,0,1,Special Auto,2,Special L2,7,1,Branch,1,Medsize,1,0
RM31359,Oregon,4224.3,No,Extended,1,High School or Below,0,2/28/2011,Employed,1,F,64876,Married,1,20,124,0,1,Corporate Auto,1,Corporate L3,5,3,Agent,2,Small,0,0
SN26999,Oregon,14749.86,No,Extended,1,High School or Below,0,2/28/2011,Employed,1,F,133032,Single,0,1,126,0,2,Personal Auto,0,Personal L3,2,2,Agent,2,Small,0,0
PQ35034,Oregon,13390.24,No,Basic,0,College,1,2/28/2011,Employed,1,F,50741,Divorced,2,39,122,0,2,Corporate Auto,1,Corporate L3,5,1,Branch,1,Medsize,1,0
QV76563,Arizona,6844.81,No,Basic,0,Doctor,4,2/28/2011,Unemployed,0,F,0,Divorced,2,11,32,0,6,Personal Auto,0,Personal L2,1,4,Agent,2,Small,0,0
EA55071,Arizona,5908.09,Yes,Premium,2,Bachelor,2,2/28/2011,Employed,1,F,86095,Divorced,2,24,85,0,1,Personal Auto,0,Personal L2,1,2,Agent,2,Medsize,1,0
SY36127,California,3880.02,No,Basic,0,Master,3,2/28/2011,Employed,1,F,45174,Married,1,16,12,0,1,Personal Auto,0,Personal L3,2,2,Branch,1,Medsize,1,0
MB12747,Nevada,13214.76,No,Extended,1,Bachelor,2,2/28/2011,Employed,1,M,43106,Married,1,26,41,0,2,Personal Auto,0,Personal L3,2,1,Branch,1,Medsize,1,0
FT61724,California,6255.29,No,Basic,0,Bachelor,2,2/28/2011,Employed,1,F,39292,Married,1,38,42,0,1,Personal Auto,0,Personal L3,2,2,Branch,1,Medsize,1,0
DV62119,Arizona,4790,No,Extended,1,Doctor,4,2/28/2011,Employed,1,F,102754,Married,1,8,131,0,1,Personal Auto,0,Personal L3,2,2,Agent,2,Medsize,1,0
KQ98040,California,10795.41,No,Extended,1,Bachelor,2,2/28/2011,Employed,1,F,94582,Married,1,3,77,0,3,Corporate Auto,1,Corporate L2,4,3,Agent,2,Small,0,0
XK20264,Washington,12457.73,No,Extended,1,High School or Below,0,2/28/2011,Unemployed,0,F,0,Married,1,30,84,0,2,Personal Auto,0,Personal L3,2,1,Call Center,3,Medsize,1,0
RD53171,Arizona,4135.2,No,Extended,1,College,1,2/28/2011,Unemployed,0,F,0,Single,0,19,77,2,1,Personal Auto,0,Personal L2,1,1,Agent,2,Medsize,1,0
CT84535,California,5245.37,Yes,Premium,2,College,1,2/28/2011,Unemployed,0,M,0,Married,1,4,124,0,1,Personal Auto,0,Personal L3,2,1,Branch,1,Large,2,0
CH76379,Oregon,5719.7,No,Basic,0,Bachelor,2,2/28/2011,Unemployed,0,M,0,Single,0,28,18,0,3,Personal Auto,0,Personal L3,2,1,Agent,2,Medsize,1,0
TA35356,California,13046.85,No,Extended,1,College,1,2/28/2011,Employed,1,F,116173,Married,1,16,15,0,1,Personal Auto,0,Personal L3,2,2,Branch,1,Medsize,1,0
OF38237,California,6586.42,No,Basic,0,Doctor,4,2/28/2011,Disabled,4,F,40433,Married,1,0,103,0,4,Personal Auto,0,Personal L1,0,1,Call Center,3,Medsize,1,0
MN74944,Arizona,8484.96,No,Extended,1,College,1,2/28/2011,Employed,1,M,70484,Married,1,8,100,0,9,Personal Auto,0,Personal L1,0,1,Branch,1,Medsize,1,0
QT84069,Oregon,68267.15,No,Extended,1,Master,3,2/28/2011,Employed,1,M,110809,Married,1,1,84,0,2,Personal Auto,0,Personal L1,0,2,Branch,1,Small,0,1
VP84987,California,23621.65,Yes,Basic,0,College,1,2/28/2011,Unemployed,0,M,0,Divorced,2,12,127,0,2,Personal Auto,0,Personal L3,2,1,Agent,2,Medsize,1,0
DN46994,California,7294.84,No,Basic,0,Bachelor,2,2/28/2011,Employed,1,F,98055,Married,1,38,123,0,8,Personal Auto,0,Personal L3,2,1,Agent,2,Medsize,1,0
WH24638,California,9556.88,No,Extended,1,College,1,2/28/2011,Employed,1,F,33008,Married,1,5,88,0,4,Personal Auto,0,Personal L2,1,3,Agent,2,Medsize,1,0
EB61889,California,12806.15,No,Extended,1,High School or Below,0,2/28/2011,Medical Leave,2,M,34185,Divorced,2,31,70,0,3,Corporate Auto,1,Corporate L3,5,3,Call Center,3,Medsize,1,1
FV63234,California,6692.17,No,Basic,0,Bachelor,2,2/28/2011,Unemployed,0,F,0,Divorced,2,4,93,0,7,Personal Auto,0,Personal L2,1,2,Branch,1,Medsize,1,0
MQ84363,California,14947.24,No,Extended,1,Bachelor,2,2/28/2011,Employed,1,M,79611,Divorced,2,16,101,1,2,Corporate Auto,1,Corporate L1,3,1,Agent,2,Medsize,1,0
US30122,California,82531.82,No,Basic,0,College,1,2/28/2011,Unemployed,0,M,0,Single,0,3,101,0,2,Corporate Auto,1,Corporate L3,5,2,Branch,1,Medsize,1,1
SP29219,California,5245.37,Yes,Premium,2,College,1,2/28/2011,Unemployed,0,M,0,Married,1,4,124,0,1,Personal Auto,0,Personal L3,2,1,Branch,1,Large,2,0
FH85960,Oregon,42149.36,No,Premium,2,College,1,3/1/2024,Employed,1,M,57753,Divorced,2,14,36,1,2,Personal Auto,0,Personal L2,1,1,Call Center,3,Medsize,1,0
QH48047,Oregon,15917.17,Yes,Basic,0,College,1,3/1/2024,Retired,3,M,34089,Divorced,2,18,58,0,2,Personal Auto,0,Personal L2,1,2,Web,0,Medsize,1,0
RR77985,Oregon,3898.45,No,Extended,1,Bachelor,2,3/1/2024,Unemployed,0,F,0,Single,0,32,128,0,1,Personal Auto,0,Personal L1,0,1,Call Center,3,Medsize,1,0
QA17596,California,5269.69,No,Extended,1,Bachelor,2,3/1/2024,Employed,1,F,81092,Married,1,23,101,0,1,Personal Auto,0,Personal L3,2,2,Agent,2,Small,0,0
RO30676,California,10479.5,No,Premium,2,College,1,3/1/2024,Disabled,4,F,32166,Married,1,24,104,2,3,Personal Auto,0,Personal L3,2,1,Agent,2,Medsize,1,0
DB42794,California,5889.96,Yes,Premium,2,College,1,3/1/2024,Employed,1,M,79437,Married,1,8,100,0,1,Personal Auto,0,Personal L1,0,2,Branch,1,Medsize,1,0
KY14688,Oregon,3685.92,No,Basic,0,Master,3,3/1/2024,Employed,1,F,48894,Married,1,8,112,0,1,Personal Auto,0,Personal L1,0,3,Branch,1,Large,2,0
RB34917,Arizona,6968.86,No,Basic,0,Bachelor,2,3/1/2024,Unemployed,0,F,0,Single,0,28,117,0,4,Personal Auto,0,Personal L2,1,2,Branch,1,Small,0,1
FF28650,Oregon,11222.12,No,Basic,0,Bachelor,2,3/1/2024,Retired,3,M,28947,Divorced,2,43,113,0,3,Personal Auto,0,Personal L3,2,2,Web,0,Medsize,1,0
NS45347,Oregon,7602.46,No,Basic,0,College,1,3/1/2024,Medical Leave,2,F,23343,Married,1,4,34,0,5,Personal Auto,0,Personal L2,1,1,Agent,2,Medsize,1,0
EJ44139,Oregon,28921.91,Yes,Basic,0,Bachelor,2,3/1/2024,Unemployed,0,M,0,Married,1,12,42,0,2,Personal Auto,0,Personal L1,0,2,Agent,2,Medsize,1,0
XR64251,Nevada,3679.23,Yes,Basic,0,Master,3,3/1/2024,Employed,1,F,49478,Married,1,3,95,1,1,Personal Auto,0,Personal L1,0,2,Web,0,Large,2,0
FT56968,Arizona,3496.63,No,Basic,0,High School or Below,0,3/1/2024,Employed,1,M,30237,Married,1,31,103,2,1,Personal Auto,0,Personal L1,0,1,Agent,2,Large,2,0
QO65264,California,6766.31,No,Basic,0,College,1,3/1/2024,Employed,1,M,65243,Married,1,30,16,0,7,Personal Auto,0,Personal L3,2,2,Branch,1,Small,0,0
NF35573,Oregon,14903.08,No,Basic,0,High School or Below,0,3/1/2024,Unemployed,0,M,0,Married,1,5,90,0,2,Special Auto,2,Special L3,8,2,Call Center,3,Medsize,1,1
ZY99878,California,18552.43,No,Premium,2,High School or Below,0,3/1/2024,Employed,1,M,121963,Single,0,15,92,0,3,Personal Auto,0,Personal L2,1,1,Branch,1,Medsize,1,1
HS85465,California,3725.97,Yes,Basic,0,Bachelor,2,3/1/2024,Employed,1,M,124600,Married,1,5,88,0,1,Corporate Auto,1,Corporate L1,3,2,Agent,2,Medsize,1,0
SI78985,Oregon,10790.56,No,Premium,2,Bachelor,2,3/1/2024,Employed,1,F,53255,Married,1,14,19,3,5,Personal Auto,0,Personal L1,0,3,Web,0,Medsize,1,0
RR68322,Nevada,4701.63,No,Extended,1,High School or Below,0,3/1/2024,Employed,1,M,87969,Married,1,15,80,0,1,Personal Auto,0,Personal L3,2,2,Call Center,3,Medsize,1,0
VP13613,California,5322.68,No,Extended,1,Bachelor,2,3/1/2024,Employed,1,M,88295,Married,1,22,107,0,1,Personal Auto,0,Personal L2,1,2,Branch,1,Large,2,0
LO68739,Arizona,10448.39,No,Extended,1,Bachelor,2,3/1/2024,Employed,1,F,87560,Married,1,32,15,0,8,Personal Auto,0,Personal L2,1,3,Call Center,3,Medsize,1,0
BW88060,California,11857.27,No,Basic,0,High School or Below,0,3/1/2024,Disabled,4,F,22942,Married,1,34,16,0,8,Personal Auto,0,Personal L3,2,1,Call Center,3,Medsize,1,1
WO70078,Oregon,10106.19,No,Extended,1,Bachelor,2,3/1/2024,Employed,1,F,132164,Divorced,2,39,99,3,7,Personal Auto,0,Personal L3,2,1,Branch,1,Medsize,1,0
FI13966,Oregon,29980.57,No,Premium,2,High School or Below,0,3/1/2024,Employed,1,F,54608,Married,1,11,27,3,7,Personal Auto,0,Personal L3,2,3,Branch,1,Small,0,1
MW54213,Arizona,7660.42,No,Basic,0,College,1,3/1/2024,Unemployed,0,M,0,Married,1,18,8,5,2,Personal Auto,0,Personal L3,2,1,Agent,2,Medsize,1,0
QT84720,Oregon,3903.83,No,Basic,0,Bachelor,2,3/1/2024,Employed,1,F,76627,Married,1,42,108,1,1,Corporate Auto,1,Corporate L2,4,1,Branch,1,Large,2,0
JI82682,California,3348.53,No,Basic,0,High School or Below,0,3/1/2024,Unemployed,0,F,0,Married,1,1,81,0,1,Personal Auto,0,Personal L1,0,1,Web,0,Medsize,1,0
HF65914,Arizona,9370.31,No,Extended,1,College,1,3/1/2024,Unemployed,0,M,0,Married,1,5,81,0,3,Personal Auto,0,Personal L1,0,1,Branch,1,Medsize,1,0
AY88788,Oregon,20813.87,No,Basic,0,College,1,3/1/2024,Employed,1,F,94285,Married,1,0,89,0,7,Personal Auto,0,Personal L3,2,1,Branch,1,Medsize,1,1
MV69686,Oregon,5375.94,No,Extended,1,Doctor,4,3/1/2024,Employed,1,F,51975,Married,1,35,66,1,1,Corporate Auto,1,Corporate L2,4,1,Agent,2,Large,2,0
BA40043,California,7829.77,No,Basic,0,College,1,3/1/2024,Employed,1,M,81930,Single,0,39,90,0,7,Corporate Auto,1,Corporate L2,4,2,Branch,1,Medsize,1,0
XE39286,Arizona,13201.29,No,Extended,1,Bachelor,2,3/1/2024,Employed,1,F,134141,Married,1,4,50,0,5,Personal Auto,0,Personal L2,1,4,Web,0,Small,0,0
WM95454,California,3870.87,Yes,Extended,1,Bachelor,2,3/1/2024,Retired,3,F,31558,Divorced,2,26,24,0,1,Personal Auto,0,Personal L3,2,2,Call Center,3,Medsize,1,0
TT36693,Nevada,5889.96,Yes,Premium,2,College,1,3/1/2024,Employed,1,M,79437,Married,1,8,100,0,1,Personal Auto,0,Personal L2,1,2,Branch,1,Medsize,1,0
HI51182,Oregon,11412.46,No,Premium,2,College,1,3/1/2024,Employed,1,F,80849,Married,1,8,19,0,3,Personal Auto,0,Personal L3,2,1,Branch,1,Medsize,1,0
WB96917,California,13331.38,No,Extended,1,College,1,3/1/2024,Employed,1,M,39957,Single,0,3,95,0,2,Personal Auto,0,Personal L1,0,4,Call Center,3,Medsize,1,0
KA58700,Nevada,8215.16,No,Extended,1,College,1,3/1/2024,Employed,1,M,60361,Single,0,26,19,2,8,Corporate Auto,1,Corporate L3,5,1,Agent,2,Medsize,1,0
SI31035,Arizona,7248,No,Basic,0,Doctor,4,3/1/2024,Employed,1,M,80461,Married,1,38,3,0,6,Personal Auto,0,Personal L3,2,4,Branch,1,Medsize,1,0
QG27547,Oregon,3870.87,Yes,Extended,1,Bachelor,2,3/1/2024,Retired,3,F,31558,Divorced,2,26,24,0,1,Personal Auto,0,Personal L3,2,2,Call Center,3,Medsize,1,0
ZX93551,Arizona,3870.87,Yes,Extended,1,Bachelor,2,3/1/2024,Retired,3,F,31558,Divorced,2,26,24,0,1,Personal Auto,0,Personal L3,2,2,Call Center,3,Medsize,1,0
NK91656,Oregon,3932.99,No,Extended,1,Master,3,3/1/2024,Disabled,4,M,27101,Divorced,2,9,3,1,1,Personal Auto,0,Personal L3,2,1,Web,0,Medsize,1,0
HZ62410,Oregon,3742.15,No,Extended,1,Bachelor,2,3/1/2024,Unemployed,0,M,0,Single,0,8,74,0,1,Personal Auto,0,Personal L3,2,1,Agent,2,Medsize,1,0
BO42776,Washington,34236.14,No,Basic,0,Bachelor,2,3/1/2024,Employed,1,M,28947,Married,1,22,112,0,2,Corporate Auto,1,Corporate L3,5,1,Agent,2,Medsize,1,0
SP63623,Oregon,6334.33,No,Basic,0,College,1,3/1/2024,Unemployed,0,M,0,Single,0,42,120,0,5,Personal Auto,0,Personal L2,1,1,Agent,2,Large,2,0
WI38796,Oregon,12317.28,No,Basic,0,Bachelor,2,3/1/2024,Employed,1,M,95495,Married,1,34,16,0,4,Corporate Auto,1,Corporate L3,5,4,Web,0,Medsize,1,1
BB48165,California,14979.57,No,Basic,0,Bachelor,2,3/1/2024,Unemployed,0,F,0,Single,0,14,65,0,2,Personal Auto,0,Personal L3,2,1,Agent,2,Medsize,1,0
PG48617,California,3908.96,No,Basic,0,High School or Below,0,3/1/2024,Employed,1,M,62460,Married,1,5,99,0,1,Personal Auto,0,Personal L3,2,2,Call Center,3,Medsize,1,0
AG32304,Nevada,7315.28,No,Basic,0,College,1,3/1/2024,Employed,1,F,52830,Married,1,34,35,0,3,Personal Auto,0,Personal L3,2,1,Call Center,3,Medsize,1,0
GJ70481,Arizona,5977.85,No,Basic,0,High School or Below,0,3/1/2024,Unemployed,0,M,0,Single,0,8,63,0,8,Personal Auto,0,Personal L3,2,3,Agent,2,Small,0,0
EW46828,Arizona,10881.22,No,Basic,0,High School or Below,0,3/1/2024,Employed,1,M,31956,Divorced,2,43,61,0,2,Personal Auto,0,Personal L3,2,1,Branch,1,Medsize,1,0
TN66124,California,14246.39,No,Extended,1,High School or Below,0,3/1/2024,Employed,1,M,104796,Married,1,19,51,0,2,Corporate Auto,1,Corporate L2,4,4,Web,0,Medsize,1,0
FX65946,Arizona,7768.91,No,Basic,0,Bachelor,2,3/1/2024,Employed,1,M,47043,Married,1,35,32,0,7,Personal Auto,0,Personal L3,2,2,Agent,2,Small,0,0
LN44535,Washington,9834,No,Extended,1,College,1,3/1/2024,Employed,1,F,60217,Married,1,4,61,0,7,Personal Auto,0,Personal L3,2,1,Branch,1,Medsize,1,0
FH65253,Oregon,32049.16,No,Extended,1,High School or Below,0,3/1/2024,Employed,1,M,37834,Married,1,38,127,0,2,Personal Auto,0,Personal L2,1,2,Branch,1,Medsize,1,0
UG37492,California,5889.96,Yes,Premium,2,College,1,3/1/2024,Employed,1,M,79437,Married,1,8,100,0,1,Personal Auto,0,Personal L3,2,2,Branch,1,Medsize,1,0
NJ10602,Washington,11419.72,No,Basic,0,College,1,3/1/2024,Employed,1,F,125168,Married,1,32,26,0,2,Personal Auto,0,Personal L3,2,4,Call Center,3,Medsize,1,0
DG30586,Oregon,3870.87,Yes,Extended,1,Bachelor,2,3/1/2024,Retired,3,F,31558,Divorced,2,26,24,0,1,Personal Auto,0,Personal L3,2,2,Call Center,3,Medsize,1,0
PW65305,California,11975.41,No,Basic,0,College,1,3/1/2024,Employed,1,M,123633,Married,1,19,70,0,2,Personal Auto,0,Personal L2,1,2,Branch,1,Medsize,1,0
GJ52970,California,9771.98,No,Basic,0,High School or Below,0,3/1/2024,Unemployed,0,M,0,Married,1,42,73,1,2,Personal Auto,0,Personal L3,2,3,Call Center,3,Medsize,1,0
FM59265,Washington,10846.6,No,Basic,0,Bachelor,2,3/1/2024,Unemployed,0,F,0,Married,1,22,68,0,7,Personal Auto,0,Personal L3,2,2,Agent,2,Medsize,1,1
QH12810,Oregon,15949.54,No,Basic,0,Bachelor,2,3/1/2024,Unemployed,0,F,0,Single,0,1,51,0,2,Personal Auto,0,Personal L3,2,2,Agent,2,Large,2,1
YU21725,Washington,6619.26,No,Basic,0,High School or Below,0,3/1/2024,Unemployed,0,F,0,Single,0,30,1,1,3,Corporate Auto,1,Corporate L3,5,1,Agent,2,Medsize,1,0
BG51419,Washington,5889.96,Yes,Premium,2,College,1,3/1/2024,Employed,1,M,79437,Married,1,8,100,0,1,Corporate Auto,1,Corporate L1,3,2,Branch,1,Medsize,1,0
NX11526,Arizona,3725.97,Yes,Basic,0,Bachelor,2,3/1/2024,Employed,1,M,124600,Married,1,5,88,0,1,Corporate Auto,1,Corporate L2,4,2,Agent,2,Medsize,1,0
NT15165,California,16264.5,No,Premium,2,Bachelor,2,3/1/2024,Employed,1,F,58487,Married,1,11,23,0,2,Corporate Auto,1,Corporate L1,3,2,Branch,1,Medsize,1,0
QN76156,Oregon,3949.73,No,Basic,0,College,1,3/1/2024,Employed,1,F,41515,Married,1,3,50,0,1,Personal Auto,0,Personal L3,2,4,Call Center,3,Small,0,0
VB22338,Nevada,5549.34,No,Basic,0,High School or Below,0,3/1/2024,Employed,1,M,42987,Single,0,9,42,0,1,Special Auto,2,Special L3,8,4,Agent,2,Small,0,0
OA99158,California,28921.91,Yes,Basic,0,Bachelor,2,3/1/2024,Unemployed,0,M,0,Married,1,12,42,0,2,Corporate Auto,1,Corporate L3,5,2,Agent,2,Medsize,1,0
IL47644,Oregon,11961.88,No,Basic,0,High School or Below,0,3/1/2024,Employed,1,F,65794,Married,1,19,84,0,3,Personal Auto,0,Personal L1,0,2,Call Center,3,Medsize,1,0
DZ81394,Oregon,11755.83,No,Basic,0,High School or Below,0,3/1/2024,Unemployed,0,F,0,Single,0,27,26,0,3,Personal Auto,0,Personal L3,2,1,Agent,2,Medsize,1,1
FS81127,California,3274.15,No,Basic,0,Bachelor,2,3/1/2024,Unemployed,0,F,0,Married,1,4,57,1,1,Corporate Auto,1,Corporate L3,5,2,Web,0,Medsize,1,0
AT30076,Nevada,4774.47,No,Extended,1,High School or Below,0,3/1/2024,Employed,1,F,42831,Single,0,1,128,0,1,Personal Auto,0,Personal L3,2,3,Agent,2,Small,0,0
JL16084,Arizona,8925.01,No,Extended,1,College,1,3/1/2024,Unemployed,0,F,0,Single,0,20,50,0,3,Personal Auto,0,Personal L3,2,1,Branch,1,Medsize,1,0
BC87161,Oregon,3725.97,Yes,Basic,0,Bachelor,2,3/1/2024,Employed,1,M,124600,Married,1,5,88,0,1,Personal Auto,0,Personal L1,0,2,Agent,2,Medsize,1,0
NX71501,California,8014.06,No,Basic,0,Doctor,4,3/1/2024,Employed,1,F,57900,Married,1,42,24,0,7,Personal Auto,0,Personal L1,0,1,Agent,2,Small,0,0
XG64081,Arizona,3725.97,Yes,Basic,0,Bachelor,2,3/1/2024,Employed,1,M,124600,Married,1,5,88,0,1,Personal Auto,0,Personal L3,2,2,Agent,2,Medsize,1,0
GU29647,Oregon,28921.91,Yes,Basic,0,Bachelor,2,3/1/2024,Unemployed,0,M,0,Married,1,12,42,0,2,Personal Auto,0,Personal L2,1,2,Agent,2,Medsize,1,0
VG40704,California,4232.8,No,Extended,1,College,1,3/1/2024,Employed,1,F,75404,Married,1,14,96,0,1,Personal Auto,0,Personal L2,1,4,Branch,1,Medsize,1,0
VK57280,Washington,6381.93,No,Basic,0,Bachelor,2,3/1/2024,Unemployed,0,M,0,Single,0,31,9,0,3,Personal Auto,0,Personal L2,1,2,Call Center,3,Medsize,1,0
PY79729,Oregon,3761.99,No,Basic,0,High School or Below,0,3/1/2024,Employed,1,F,127319,Divorced,2,1,103,4,1,Corporate Auto,1,Corporate L3,5,4,Agent,2,Small,0,0
LX42787,California,3117.96,No,Basic,0,College,1,3/1/2024,Retired,3,M,30465,Single,0,8,16,0,1,Personal Auto,0,Personal L2,1,4,Branch,1,Large,2,0
QN60028,California,3725.97,Yes,Basic,0,Bachelor,2,3/1/2024,Employed,1,M,124600,Married,1,5,88,0,1,Corporate Auto,1,Corporate L2,4,2,Agent,2,Medsize,1,0
FZ45665,Oregon,8775.55,No,Basic,0,Bachelor,2,3/1/2024,Unemployed,0,F,0,Single,0,18,50,0,2,Personal Auto,0,Personal L3,2,1,Agent,2,Medsize,1,0
QQ51185,Nevada,3590.32,No,Basic,0,College,1,3/1/2024,Employed,1,F,87732,Married,1,23,122,0,1,Personal Auto,0,Personal L3,2,2,Web,0,Small,0,0
KB90888,Oregon,3458.13,No,Basic,0,High School or Below,0,3/1/2024,Unemployed,0,F,0,Single,0,34,7,0,1,Corporate Auto,1,Corporate L1,3,2,Branch,1,Medsize,1,1
QL35310,Nevada,3679.23,Yes,Basic,0,Master,3,3/1/2024,Employed,1,F,49478,Married,1,3,95,1,1,Corporate Auto,1,Corporate L3,5,2,Web,0,Large,2,0
QD36906,Nevada,11776.95,No,Basic,0,Master,3,3/1/2024,Employed,1,F,44943,Married,1,41,3,1,2,Personal Auto,0,Personal L3,2,1,Agent,2,Medsize,1,0
BM71358,Arizona,14562.61,No,Extended,1,High School or Below,0,3/1/2024,Employed,1,M,60338,Divorced,2,35,119,0,2,Personal Auto,0,Personal L3,2,1,Call Center,3,Medsize,1,0
PX27645,California,11430.95,No,Extended,1,Bachelor,2,3/1/2024,Unemployed,0,M,0,Single,0,3,99,0,5,Personal Auto,0,Personal L1,0,1,Call Center,3,Medsize,1,1
ND80148,California,12419.18,No,Premium,2,College,1,3/1/2024,Employed,1,M,50489,Married,1,41,30,0,3,Personal Auto,0,Personal L3,2,1,Call Center,3,Medsize,1,0
VZ79366,California,5889.96,Yes,Premium,2,College,1,3/1/2024,Employed,1,M,79437,Married,1,8,100,0,1,Personal Auto,0,Personal L2,1,2,Branch,1,Medsize,1,0
YQ58965,California,3870.87,Yes,Extended,1,Bachelor,2,3/1/2024,Retired,3,F,31558,Divorced,2,26,24,0,1,Personal Auto,0,Personal L3,2,2,Call Center,3,Medsize,1,0
AR69517,California,15917.17,Yes,Basic,0,College,1,3/1/2024,Retired,3,M,34089,Divorced,2,18,58,0,2,Corporate Auto,1,Corporate L3,5,2,Web,0,Medsize,1,0
PV62583,Nevada,13228.89,No,Extended,1,College,1,3/1/2024,Medical Leave,2,M,29924,Married,1,14,30,0,6,Personal Auto,0,Personal L3,2,1,Web,0,Medsize,1,0
FS84707,Nevada,3633.14,No,Basic,0,Doctor,4,3/1/2024,Employed,1,F,110846,Divorced,2,23,85,0,1,Personal Auto,0,Personal L2,1,4,Web,0,Small,0,0
ZS66375,California,10166.9,No,Basic,0,Bachelor,2,3/1/2024,Unemployed,0,F,0,Single,0,14,59,0,2,Personal Auto,0,Personal L3,2,1,Agent,2,Medsize,1,0
VI66513,California,13079.25,No,Extended,1,High School or Below,0,3/1/2024,Employed,1,M,27012,Single,0,42,116,1,2,Corporate Auto,1,Corporate L3,5,2,Branch,1,Small,0,1
BR24590,Arizona,3389.3,No,Basic,0,Bachelor,2,3/1/2024,Unemployed,0,M,0,Single,0,34,41,0,1,Personal Auto,0,Personal L3,2,1,Agent,2,Small,0,0
OH98172,California,4304.52,No,Extended,1,High School or Below,0,3/1/2024,Employed,1,F,109459,Married,1,27,34,0,1,Personal Auto,0,Personal L3,2,2,Agent,2,Medsize,1,0
CH20044,California,3025.98,No,Basic,0,Bachelor,2,3/1/2024,Unemployed,0,F,0,Single,0,30,126,0,1,Corporate Auto,1,Corporate L1,3,1,Agent,2,Medsize,1,0
VB53090,California,10818.37,No,Basic,0,Master,3,3/1/2024,Employed,1,M,58315,Married,1,46,96,0,2,Personal Auto,0,Personal L3,2,4,Agent,2,Medsize,1,0
ZT60102,Arizona,24017.05,No,Premium,2,College,1,3/1/2024,Retired,3,M,35100,Divorced,2,46,113,0,8,Personal Auto,0,Personal L1,0,1,Web,0,Small,0,1
PS77478,Arizona,9266,No,Basic,0,College,1,3/1/2024,Unemployed,0,M,0,Single,0,19,41,1,5,Personal Auto,0,Personal L3,2,3,Branch,1,Medsize,1,1
UK62940,Oregon,3178.57,No,Basic,0,College,1,3/1/2024,Unemployed,0,M,0,Married,1,26,97,0,1,Personal Auto,0,Personal L3,2,1,Branch,1,Medsize,1,0
GI70759,California,6505.16,No,Basic,0,Bachelor,2,3/1/2024,Unemployed,0,M,0,Single,0,35,108,0,9,Personal Auto,0,Personal L3,2,1,Agent,2,Medsize,1,0
SV51174,Oregon,27852.05,No,Extended,1,Master,3,3/1/2024,Employed,1,M,39062,Married,1,32,126,0,2,Personal Auto,0,Personal L3,2,2,Agent,2,Medsize,1,0
KB25170,Washington,3456.11,No,Basic,0,Doctor,4,3/1/2024,Employed,1,F,118880,Married,1,20,132,0,1,Personal Auto,0,Personal L1,0,4,Call Center,3,Small,0,0
BK43823,Oregon,16271.53,No,Premium,2,High School or Below,0,3/1/2024,Employed,1,F,34316,Married,1,18,24,0,2,Personal Auto,0,Personal L2,1,2,Call Center,3,Medsize,1,0
AC42963,California,28921.91,Yes,Basic,0,Bachelor,2,3/1/2024,Unemployed,0,M,0,Married,1,12,42,0,2,Special Auto,2,Special L3,8,2,Agent,2,Medsize,1,0
TK59338,Arizona,18305.18,No,Basic,0,College,1,3/1/2024,Employed,1,M,132349,Married,1,24,124,0,2,Personal Auto,0,Personal L2,1,2,Agent,2,Medsize,1,0
LN47910,Arizona,5985.94,No,Premium,2,College,1,3/1/2024,Employed,1,F,112347,Married,1,12,57,0,1,Personal Auto,0,Personal L1,0,3,Agent,2,Medsize,1,0
PM92089,Oregon,4567.65,No,Extended,1,High School or Below,0,3/1/2024,Unemployed,0,F,0,Single,0,31,51,0,1,Corporate Auto,1,Corporate L3,5,2,Call Center,3,Medsize,1,0
HB35022,Oregon,18307.94,No,Extended,1,Doctor,4,3/1/2024,Unemployed,0,M,0,Married,1,12,65,0,2,Special Auto,2,Special L2,7,1,Agent,2,Medsize,1,0
IK66117,California,6708.63,No,Basic,0,High School or Below,0,3/1/2024,Medical Leave,2,M,29466,Married,1,24,72,0,8,Special Auto,2,Special L2,7,2,Branch,1,Medsize,1,0
GX44284,California,3493.91,No,Basic,0,Bachelor,2,3/1/2024,Employed,1,M,64137,Divorced,2,38,99,0,1,Personal Auto,0,Personal L3,2,1,Branch,1,Medsize,1,0
ES82658,Oregon,8664.64,No,Extended,1,Master,3,3/1/2024,Employed,1,M,62975,Divorced,2,11,35,0,7,Personal Auto,0,Personal L3,2,4,Web,0,Medsize,1,0
MV86976,California,4700.75,No,Extended,1,High School or Below,0,3/1/2024,Unemployed,0,M,0,Single,0,42,115,0,1,Personal Auto,0,Personal L2,1,1,Agent,2,Medsize,1,0
CV49750,Arizona,28921.91,Yes,Basic,0,Bachelor,2,3/1/2024,Unemployed,0,M,0,Married,1,12,42,0,2,Personal Auto,0,Personal L3,2,2,Agent,2,Medsize,1,0
RB63074,Oregon,6558.39,No,Basic,0,High School or Below,0,3/1/2024,Unemployed,0,M,0,Single,0,0,107,0,3,Personal Auto,0,Personal L1,0,2,Branch,1,Medsize,1,0
WM39308,Nevada,21300.15,No,Basic,0,High School or Below,0,3/1/2024,Employed,1,F,133263,Married,1,4,123,0,2,Personal Auto,0,Personal L2,1,2,Call Center,3,Medsize,1,0
ON91363,Washington,5035.7,No,Extended,1,College,1,3/1/2024,Employed,1,M,101428,Married,1,9,45,2,1,Personal Auto,0,Personal L2,1,4,Call Center,3,Medsize,1,0
TU77462,Oregon,10083.9,No,Extended,1,College,1,3/1/2024,Employed,1,M,64919,Married,1,34,99,0,4,Personal Auto,0,Personal L2,1,1,Web,0,Medsize,1,0
QV89018,Arizona,27631.42,No,Basic,0,High School or Below,0,3/1/2024,Employed,1,M,120184,Married,1,43,14,0,2,Personal Auto,0,Personal L3,2,3,Branch,1,Large,2,0
YW88487,Arizona,10067.42,No,Basic,0,College,1,3/1/2024,Employed,1,F,58598,Married,1,8,66,0,1,Personal Auto,0,Personal L2,1,3,Agent,2,Medsize,1,1
XC26395,Oregon,10001.93,No,Extended,1,High School or Below,0,3/1/2024,Employed,1,M,103641,Divorced,2,46,111,1,7,Personal Auto,0,Personal L3,2,1,Branch,1,Large,2,0
BP34620,California,7580.35,No,Basic,0,Bachelor,2,3/1/2024,Disabled,4,F,26931,Married,1,0,134,1,3,Corporate Auto,1,Corporate L2,4,1,Branch,1,Medsize,1,0
KY98596,Arizona,6795.08,No,Basic,0,Bachelor,2,3/1/2024,Employed,1,M,92247,Married,1,31,51,0,3,Personal Auto,0,Personal L1,0,4,Branch,1,Small,0,0
ZD42550,Nevada,10519.29,No,Basic,0,Master,3,3/1/2024,Employed,1,F,49648,Divorced,2,28,28,0,2,Corporate Auto,1,Corporate L3,5,1,Call Center,3,Medsize,1,0
BA97018,Arizona,8921.02,No,Extended,1,High School or Below,0,3/1/2024,Medical Leave,2,M,29182,Single,0,5,55,0,7,Personal Auto,0,Personal L1,0,2,Web,0,Medsize,1,1
ZB72138,Oregon,12054.98,No,Basic,0,Bachelor,2,3/1/2024,Employed,1,M,59844,Married,1,34,78,0,3,Personal Auto,0,Personal L1,0,2,Agent,2,Medsize,1,0
OO62338,Oregon,9584.43,No,Basic,0,Bachelor,2,3/1/2024,Disabled,4,M,21763,Married,1,7,115,2,2,Corporate Auto,1,Corporate L1,3,1,Web,0,Small,0,0
YW43854,Washington,9375.4,No,Basic,0,High School or Below,0,3/1/2024,Unemployed,0,M,0,Single,0,32,42,0,2,Personal Auto,0,Personal L1,0,1,Branch,1,Medsize,1,0
DK81475,Nevada,6236.26,No,Basic,0,College,1,3/1/2024,Employed,1,M,128656,Married,1,46,58,0,1,Personal Auto,0,Personal L1,0,3,Call Center,3,Large,2,0
QW24080,Oregon,2851.19,No,Basic,0,College,1,3/1/2024,Unemployed,0,F,0,Single,0,7,101,4,1,Personal Auto,0,Personal L2,1,3,Branch,1,Large,2,0
RN66968,California,7199.03,No,Basic,0,High School or Below,0,3/1/2024,Employed,1,M,101030,Married,1,12,24,0,7,Personal Auto,0,Personal L3,2,2,Agent,2,Large,2,0
QZ19741,Oregon,18651.3,No,Premium,2,College,1,3/1/2024,Employed,1,F,130606,Married,1,19,34,5,3,Personal Auto,0,Personal L1,0,2,Branch,1,Medsize,1,1
DI45039,California,3718.09,No,Basic,0,College,1,3/1/2024,Employed,1,F,79252,Married,1,26,128,0,1,Personal Auto,0,Personal L2,1,4,Web,0,Medsize,1,0
AS77287,California,10934.42,No,Basic,0,College,1,3/1/2024,Disabled,4,M,34360,Single,0,27,81,0,3,Personal Auto,0,Personal L3,2,1,Agent,2,Medsize,1,1
RF64040,California,12947.89,No,Extended,1,Bachelor,2,3/1/2024,Unemployed,0,F,0,Married,1,31,36,0,6,Corporate Auto,1,Corporate L3,5,1,Call Center,3,Medsize,1,0
FN80010,California,5822.07,No,Basic,0,Master,3,3/1/2024,Disabled,4,F,34295,Divorced,2,22,5,0,1,Personal Auto,0,Personal L3,2,1,Branch,1,Medsize,1,0
VF65251,California,9010.14,No,Basic,0,College,1,3/1/2024,Unemployed,0,M,0,Single,0,31,19,0,1,Personal Auto,0,Personal L2,1,4,Branch,1,Large,2,1
UQ54273,California,15917.17,Yes,Basic,0,College,1,3/1/2024,Retired,3,M,34089,Divorced,2,18,58,0,2,Personal Auto,0,Personal L3,2,2,Web,0,Medsize,1,0
WW80551,California,8850.73,No,Basic,0,High School or Below,0,3/1/2024,Unemployed,0,M,0,Single,0,8,78,0,2,Personal Auto,0,Personal L3,2,1,Branch,1,Small,0,0
XP76338,California,6359.9,No,Basic,0,Bachelor,2,3/1/2024,Employed,1,M,33538,Married,1,27,23,2,4,Personal Auto,0,Personal L2,1,1,Agent,2,Medsize,1,0
HB64268,Washington,3798.48,No,Basic,0,Bachelor,2,3/2/2024,Employed,1,M,59179,Single,0,16,59,0,1,Personal Auto,0,Personal L1,0,1,Agent,2,Medsize,1,0
FL34139,California,4978.95,No,Basic,0,High School or Below,0,3/2/2024,Unemployed,0,M,0,Single,0,0,73,3,7,Personal Auto,0,Personal L2,1,1,Call Center,3,Medsize,1,0
HP36979,California,8651.86,No,Extended,1,College,1,3/2/2024,Employed,1,M,67484,Married,1,8,50,5,5,Personal Auto,0,Personal L2,1,2,Web,0,Large,2,0
QP84605,Washington,11758.29,No,Premium,2,Bachelor,2,3/2/2024,Employed,1,F,56087,Divorced,2,5,63,0,3,Corporate Auto,1,Corporate L1,3,1,Call Center,3,Medsize,1,0
RM24280,Oregon,5639.89,No,Premium,2,High School or Below,0,3/2/2024,Unemployed,0,F,0,Married,1,5,66,0,1,Personal Auto,0,Personal L2,1,3,Agent,2,Medsize,1,0
RP19541,Arizona,10235.85,Yes,Basic,0,College,1,3/2/2024,Employed,1,M,87481,Married,1,31,26,0,2,Personal Auto,0,Personal L3,2,2,Web,0,Medsize,1,0
LN50325,Arizona,13587.22,No,Extended,1,High School or Below,0,3/2/2024,Employed,1,F,27594,Married,1,15,73,2,9,Corporate Auto,1,Corporate L3,5,3,Branch,1,Medsize,1,0
OF77789,Arizona,5743.74,Yes,Basic,0,High School or Below,0,3/2/2024,Disabled,4,F,16070,Single,0,46,15,2,3,Personal Auto,0,Personal L3,2,1,Web,0,Small,0,0
HD95276,Washington,6396.13,No,Extended,1,College,1,3/2/2024,Unemployed,0,F,0,Married,1,0,126,0,1,Personal Auto,0,Personal L3,2,3,Branch,1,Medsize,1,0
CM95716,California,11386.53,No,Basic,0,Bachelor,2,3/2/2024,Employed,1,M,59692,Married,1,32,49,0,2,Personal Auto,0,Personal L2,1,1,Agent,2,Large,2,0
UQ30615,California,10235.85,Yes,Basic,0,College,1,3/2/2024,Employed,1,M,87481,Married,1,31,26,0,2,Corporate Auto,1,Corporate L3,5,2,Web,0,Medsize,1,0
YB49933,Arizona,4987.09,No,Extended,1,Bachelor,2,3/2/2024,Employed,1,M,129830,Married,1,11,116,0,1,Personal Auto,0,Personal L1,0,2,Call Center,3,Large,2,0
HM76207,California,12220.07,No,Basic,0,College,1,3/2/2024,Employed,1,F,35516,Married,1,14,41,0,3,Corporate Auto,1,Corporate L3,5,3,Web,0,Medsize,1,0
DS97676,Oregon,3449.32,No,Basic,0,College,1,3/2/2024,Unemployed,0,F,0,Single,0,19,32,0,1,Personal Auto,0,Personal L2,1,2,Agent,2,Large,2,0
GS98873,Arizona,4372.82,No,Extended,1,Bachelor,2,3/2/2024,Disabled,4,F,21682,Single,0,35,31,0,1,Personal Auto,0,Personal L2,1,3,Web,0,Medsize,1,0
FR56877,Arizona,15881.31,No,Extended,1,High School or Below,0,3/2/2024,Employed,1,F,38888,Married,1,47,101,0,2,Special Auto,2,Special L3,8,2,Call Center,3,Medsize,1,0
AC22873,Arizona,6551.69,No,Extended,1,High School or Below,0,3/2/2024,Medical Leave,2,F,23112,Married,1,19,128,0,1,Special Auto,2,Special L3,8,1,Agent,2,Medsize,1,0
XP16538,Arizona,5767.99,No,Basic,0,High School or Below,0,3/2/2024,Employed,1,F,109528,Divorced,2,26,70,0,1,Corporate Auto,1,Corporate L2,4,2,Agent,2,Small,0,0
KC32511,Oregon,6995.19,Yes,Basic,0,Master,3,3/2/2024,Employed,1,F,131127,Married,1,7,108,0,6,Personal Auto,0,Personal L2,1,2,Agent,2,Small,0,0
BY88757,California,6996.32,No,Extended,1,Master,3,3/2/2024,Unemployed,0,M,0,Married,1,3,55,1,1,Personal Auto,0,Personal L3,2,1,Call Center,3,Large,2,1
EW82164,California,5626.02,No,Basic,0,Bachelor,2,3/2/2024,Employed,1,F,76816,Married,1,39,111,0,1,Personal Auto,0,Personal L2,1,1,Agent,2,Small,0,0
DZ45471,Nevada,10235.85,Yes,Basic,0,College,1,3/2/2024,Employed,1,M,87481,Married,1,31,26,0,2,Personal Auto,0,Personal L1,0,2,Web,0,Medsize,1,0
QO89177,California,16101.12,No,Premium,2,College,1,3/2/2024,Employed,1,M,67816,Divorced,2,16,1,0,2,Personal Auto,0,Personal L3,2,1,Agent,2,Small,0,0
WI29961,Nevada,7340.55,No,Basic,0,High School or Below,0,3/2/2024,Employed,1,M,38263,Married,1,26,119,0,8,Personal Auto,0,Personal L2,1,2,Branch,1,Medsize,1,0
PT15464,Arizona,12350.99,No,Basic,0,Bachelor,2,3/2/2024,Employed,1,F,92119,Married,1,3,101,0,6,Personal Auto,0,Personal L3,2,2,Agent,2,Medsize,1,0
BV91898,Arizona,40691.18,No,Basic,0,Bachelor,2,3/2/2024,Unemployed,0,F,0,Single,0,12,97,0,2,Personal Auto,0,Personal L1,0,3,Web,0,Medsize,1,1
WC21901,Arizona,3166.1,No,Basic,0,College,1,3/2/2024,Employed,1,M,69386,Single,0,27,82,0,1,Personal Auto,0,Personal L3,2,1,Branch,1,Medsize,1,0
XH89851,California,9783.73,No,Extended,1,College,1,3/2/2024,Employed,1,F,85410,Single,0,30,42,0,8,Personal Auto,0,Personal L1,0,1,Agent,2,Medsize,1,0
KN13494,Washington,6995.19,Yes,Basic,0,Master,3,3/2/2024,Employed,1,F,131127,Married,1,7,108,0,6,Personal Auto,0,Personal L1,0,2,Agent,2,Small,0,0
KK15032,Arizona,3648.21,No,Basic,0,High School or Below,0,3/2/2024,Employed,1,F,62600,Married,1,38,116,1,1,Personal Auto,0,Personal L1,0,2,Web,0,Medsize,1,0
KA95160,Arizona,31329.79,No,Basic,0,Master,3,3/2/2024,Employed,1,F,121389,Divorced,2,19,57,0,2,Personal Auto,0,Personal L3,2,4,Web,0,Medsize,1,0
DS50601,Nevada,13504.38,No,Extended,1,Bachelor,2,3/2/2024,Employed,1,M,132559,Married,1,3,86,1,2,Personal Auto,0,Personal L3,2,1,Agent,2,Large,2,0
BE33446,Arizona,6770.26,Yes,Extended,1,Bachelor,2,3/2/2024,Employed,1,F,65565,Single,0,16,20,0,1,Personal Auto,0,Personal L1,0,2,Agent,2,Medsize,1,0
JE62426,Arizona,7976.02,No,Basic,0,High School or Below,0,3/2/2024,Employed,1,F,116474,Divorced,2,26,45,0,3,Personal Auto,0,Personal L2,1,2,Agent,2,Medsize,1,0
KB50999,California,7281.9,No,Basic,0,College,1,3/2/2024,Employed,1,F,37217,Married,1,0,84,0,3,Personal Auto,0,Personal L3,2,3,Call Center,3,Medsize,1,0
ND87457,Nevada,8224.06,No,Extended,1,Bachelor,2,3/2/2024,Employed,1,M,88090,Divorced,2,36,101,0,9,Personal Auto,0,Personal L3,2,2,Branch,1,Medsize,1,0
TY59231,California,6770.26,Yes,Extended,1,Bachelor,2,3/2/2024,Employed,1,F,65565,Single,0,16,20,0,1,Personal Auto,0,Personal L3,2,2,Agent,2,Medsize,1,0
YQ11786,Oregon,10524.6,No,Basic,0,High School or Below,0,3/2/2024,Employed,1,M,43428,Married,1,0,100,0,1,Personal Auto,0,Personal L3,2,4,Call Center,3,Medsize,1,1
XY39691,Arizona,5612.89,No,Basic,0,High School or Below,0,3/2/2024,Unemployed,0,F,0,Married,1,5,82,0,1,Personal Auto,0,Personal L2,1,1,Web,0,Medsize,1,0
IJ21010,Arizona,6770.26,Yes,Extended,1,Bachelor,2,3/2/2024,Employed,1,F,65565,Single,0,16,20,0,1,Personal Auto,0,Personal L2,1,2,Agent,2,Medsize,1,0
IM14119,Arizona,3431.79,No,Basic,0,Bachelor,2,3/2/2024,Employed,1,F,114068,Married,1,20,82,0,1,Special Auto,2,Special L3,8,2,Branch,1,Small,0,0
SA77508,Oregon,7769.05,No,Basic,0,High School or Below,0,3/2/2024,Employed,1,F,39771,Married,1,4,24,0,5,Personal Auto,0,Personal L3,2,2,Branch,1,Large,2,0
DP87594,Oregon,3802.62,No,Basic,0,Bachelor,2,3/2/2024,Employed,1,F,89131,Married,1,15,127,0,1,Personal Auto,0,Personal L3,2,1,Branch,1,Medsize,1,0
AR47849,Nevada,6770.26,Yes,Extended,1,Bachelor,2,3/2/2024,Employed,1,F,65565,Single,0,16,20,0,1,Personal Auto,0,Personal L1,0,2,Agent,2,Medsize,1,0
KG49115,California,8502.54,No,Extended,1,College,1,3/2/2024,Employed,1,F,120705,Married,1,19,134,0,4,Personal Auto,0,Personal L1,0,2,Web,0,Medsize,1,0
LG45661,Nevada,28269.41,No,Basic,0,High School or Below,0,3/2/2024,Unemployed,0,F,0,Single,0,15,8,0,2,Personal Auto,0,Personal L3,2,2,Agent,2,Medsize,1,0
CO12132,California,11987.72,Yes,Basic,0,High School or Below,0,3/2/2024,Employed,1,F,70987,Single,0,16,80,0,7,Personal Auto,0,Personal L3,2,1,Agent,2,Small,0,0
PN12718,California,11719.41,No,Extended,1,Bachelor,2,3/2/2024,Unemployed,0,M,0,Married,1,8,77,2,2,Personal Auto,0,Personal L1,0,2,Branch,1,Large,2,0
SO57563,Arizona,9965.58,No,Extended,1,College,1,3/2/2024,Employed,1,M,74085,Married,1,7,15,3,9,Personal Auto,0,Personal L3,2,3,Call Center,3,Medsize,1,0
LA66902,Arizona,3319.06,No,Basic,0,College,1,3/2/2024,Unemployed,0,M,0,Single,0,28,11,1,1,Personal Auto,0,Personal L2,1,1,Agent,2,Medsize,1,0
OQ69520,Arizona,10670.39,No,Basic,0,Master,3,3/2/2024,Employed,1,F,47798,Divorced,2,18,20,4,2,Corporate Auto,1,Corporate L3,5,1,Agent,2,Small,0,0
OO49507,Washington,6116.02,No,Basic,0,Doctor,4,3/2/2024,Employed,1,F,71492,Married,1,19,124,0,1,Personal Auto,0,Personal L2,1,1,Branch,1,Medsize,1,0
BH36973,Oregon,3685.98,No,Basic,0,College,1,3/2/2024,Employed,1,F,85591,Married,1,1,24,0,1,Personal Auto,0,Personal L1,0,2,Agent,2,Medsize,1,0
SG54382,Arizona,11672.84,No,Extended,1,Bachelor,2,3/2/2024,Employed,1,M,35051,Married,1,28,117,2,2,Corporate Auto,1,Corporate L3,5,1,Branch,1,Medsize,1,0
GC34791,Nevada,12500.64,No,Basic,0,High School or Below,0,3/2/2024,Disabled,4,M,23097,Married,1,9,61,0,2,Personal Auto,0,Personal L3,2,2,Agent,2,Medsize,1,0
KE57057,California,3105.45,No,Basic,0,High School or Below,0,3/2/2024,Unemployed,0,F,0,Single,0,12,14,1,1,Corporate Auto,1,Corporate L3,5,2,Agent,2,Small,0,0
DN66715,California,6995.19,Yes,Basic,0,Master,3,3/2/2024,Employed,1,F,131127,Married,1,7,108,0,6,Personal Auto,0,Personal L3,2,2,Agent,2,Small,0,0
KJ19260,Arizona,6321.04,No,Basic,0,College,1,3/2/2024,Employed,1,M,51204,Divorced,2,28,47,0,5,Corporate Auto,1,Corporate L2,4,2,Call Center,3,Medsize,1,0
CJ81391,Oregon,10235.85,Yes,Basic,0,College,1,3/2/2024,Employed,1,M,87481,Married,1,31,26,0,2,Personal Auto,0,Personal L3,2,2,Web,0,Medsize,1,0
TK13024,Oregon,5950.9,No,Basic,0,College,1,3/2/2024,Employed,1,M,108864,Married,1,3,113,0,1,Personal Auto,0,Personal L3,2,2,Web,0,Medsize,1,0
NA21420,Oregon,7125.57,No,Basic,0,Bachelor,2,3/2/2024,Employed,1,F,83800,Divorced,2,32,30,0,4,Corporate Auto,1,Corporate L3,5,2,Agent,2,Medsize,1,0
WE80653,Oregon,9216.69,No,Basic,0,Bachelor,2,3/2/2024,Unemployed,0,F,0,Divorced,2,3,101,2,6,Personal Auto,0,Personal L3,2,1,Agent,2,Medsize,1,0
EE28119,Arizona,6304.58,No,Premium,2,Bachelor,2,3/2/2024,Employed,1,F,94393,Divorced,2,38,30,2,1,Personal Auto,0,Personal L3,2,1,Agent,2,Medsize,1,0
FK46365,Washington,5540.2,No,Basic,0,College,1,3/2/2024,Employed,1,F,111276,Married,1,32,7,0,1,Personal Auto,0,Personal L3,2,2,Agent,2,Small,0,0
UY13430,Oregon,11987.72,Yes,Basic,0,High School or Below,0,3/2/2024,Employed,1,F,70987,Single,0,16,80,0,7,Special Auto,2,Special L2,7,1,Agent,2,Small,0,0
LV57595,California,6995.19,Yes,Basic,0,Master,3,3/2/2024,Employed,1,F,131127,Married,1,7,108,0,6,Corporate Auto,1,Corporate L3,5,2,Agent,2,Small,0,0
GX13549,California,6715.22,No,Basic,0,High School or Below,0,3/2/2024,Unemployed,0,F,0,Single,0,24,100,0,3,Personal Auto,0,Personal L1,0,1,Call Center,3,Medsize,1,0
QJ90136,California,14114.91,No,Extended,1,High School or Below,0,3/2/2024,Employed,1,F,38290,Divorced,2,0,47,0,3,Personal Auto,0,Personal L3,2,1,Agent,2,Medsize,1,0
QQ26855,California,11987.72,Yes,Basic,0,High School or Below,0,3/2/2024,Employed,1,F,70987,Single,0,16,80,0,7,Personal Auto,0,Personal L3,2,1,Agent,2,Small,0,0
KB35786,Oregon,6082.9,No,Basic,0,Bachelor,2,3/2/2024,Medical Leave,2,M,27383,Single,0,19,113,1,3,Personal Auto,0,Personal L2,1,1,Agent,2,Medsize,1,0
XP50892,Oregon,5319.17,No,Basic,0,High School or Below,0,3/2/2024,Employed,1,M,124928,Single,0,1,74,0,1,Corporate Auto,1,Corporate L3,5,2,Branch,1,Medsize,1,0
PX31667,Washington,3985.69,No,Basic,0,High School or Below,0,3/2/2024,Employed,1,M,70467,Married,1,3,84,0,1,Personal Auto,0,Personal L3,2,1,Branch,1,Small,0,0
BL12371,Arizona,7817.26,No,Basic,0,Master,3,3/2/2024,Employed,1,M,114144,Divorced,2,14,111,0,5,Personal Auto,0,Personal L3,2,2,Agent,2,Large,2,0
IW17510,California,10238.35,No,Basic,0,High School or Below,0,3/2/2024,Unemployed,0,F,0,Single,0,36,39,0,5,Personal Auto,0,Personal L3,2,2,Call Center,3,Medsize,1,1
RI46607,California,6770.26,Yes,Extended,1,Bachelor,2,3/2/2024,Employed,1,F,65565,Single,0,16,20,0,1,Corporate Auto,1,Corporate L2,4,2,Agent,2,Medsize,1,0
XU76821,California,27513.09,No,Basic,0,College,1,3/2/2024,Employed,1,F,44786,Single,0,42,103,0,2,Corporate Auto,1,Corporate L3,5,3,Agent,2,Medsize,1,0
UV52613,Arizona,3676.03,No,Basic,0,College,1,3/2/2024,Disabled,4,M,28170,Married,1,0,107,0,1,Personal Auto,0,Personal L3,2,4,Agent,2,Medsize,1,0
XS83731,Arizona,9951.64,No,Basic,0,College,1,3/2/2024,Unemployed,0,F,0,Divorced,2,3,95,0,2,Personal Auto,0,Personal L1,0,3,Agent,2,Medsize,1,0
AF47139,Oregon,11348.62,No,Basic,0,College,1,3/2/2024,Employed,1,F,57429,Married,1,20,70,0,2,Personal Auto,0,Personal L1,0,1,Agent,2,Medsize,1,0
EU38033,Nevada,7961.96,No,Basic,0,High School or Below,0,3/2/2024,Employed,1,M,52904,Divorced,2,12,3,0,3,Personal Auto,0,Personal L3,2,3,Web,0,Medsize,1,0
HW36182,California,3531.48,No,Basic,0,Master,3,3/2/2024,Unemployed,0,M,0,Married,1,30,61,0,1,Personal Auto,0,Personal L1,0,2,Agent,2,Medsize,1,0
VK37392,Arizona,10492.84,No,Extended,1,College,1,3/2/2024,Employed,1,M,78766,Married,1,1,8,0,6,Personal Auto,0,Personal L1,0,1,Branch,1,Small,0,0
JF11031,California,7232.97,No,Extended,1,College,1,3/2/2024,Unemployed,0,M,0,Single,0,9,104,0,7,Personal Auto,0,Personal L3,2,2,Web,0,Medsize,1,0
JI42730,Arizona,5002.14,No,Extended,1,High School or Below,0,3/2/2024,Employed,1,M,114066,Married,1,39,26,0,1,Personal Auto,0,Personal L3,2,4,Agent,2,Small,0,0
YH24323,California,3390.79,No,Basic,0,College,1,3/2/2024,Medical Leave,2,F,20123,Married,1,42,0,0,1,Corporate Auto,1,Corporate L3,5,2,Branch,1,Small,0,0
WF91295,Oregon,5743.74,Yes,Basic,0,High School or Below,0,3/2/2024,Disabled,4,F,16070,Single,0,46,15,2,3,Personal Auto,0,Personal L2,1,1,Web,0,Small,0,0
AV17528,Nevada,12464.81,No,Basic,0,High School or Below,0,3/2/2024,Employed,1,F,57510,Married,1,14,105,0,3,Personal Auto,0,Personal L2,1,2,Branch,1,Medsize,1,0
FN66436,California,14474.79,No,Extended,1,College,1,3/2/2024,Employed,1,F,73320,Married,1,27,55,0,2,Personal Auto,0,Personal L3,2,2,Agent,2,Medsize,1,0
XB91559,Washington,7120.48,No,Basic,0,College,1,3/2/2024,Employed,1,M,59469,Married,1,28,109,0,3,Personal Auto,0,Personal L2,1,2,Agent,2,Large,2,0
RA38184,Arizona,4649.63,No,Extended,1,Bachelor,2,3/2/2024,Unemployed,0,F,0,Married,1,14,85,0,1,Corporate Auto,1,Corporate L3,5,1,Agent,2,Medsize,1,0
LI13735,Oregon,4203.01,No,Extended,1,Bachelor,2,3/2/2024,Employed,1,F,115541,Married,1,15,74,0,1,Personal Auto,0,Personal L3,2,4,Call Center,3,Medsize,1,0
HS97484,California,43790.02,No,Extended,1,College,1,3/2/2024,Unemployed,0,F,0,Divorced,2,20,115,0,2,Personal Auto,0,Personal L3,2,1,Call Center,3,Medsize,1,0
FT24768,California,8786.83,No,Extended,1,Bachelor,2,3/2/2024,Employed,1,M,81254,Married,1,20,66,3,4,Personal Auto,0,Personal L3,2,1,Agent,2,Medsize,1,0
IZ47097,Arizona,3951.74,No,Basic,0,Master,3,3/2/2024,Employed,1,F,103748,Married,1,11,113,0,1,Personal Auto,0,Personal L3,2,1,Agent,2,Medsize,1,0
EQ75249,Arizona,7881.48,No,Basic,0,College,1,3/2/2024,Employed,1,F,74816,Married,1,42,61,0,9,Personal Auto,0,Personal L2,1,1,Web,0,Medsize,1,0
HY68437,Oregon,9104.66,No,Extended,1,High School or Below,0,3/2/2024,Unemployed,0,M,0,Married,1,4,100,0,4,Personal Auto,0,Personal L3,2,1,Branch,1,Medsize,1,0
EV14479,California,9671.13,No,Extended,1,Bachelor,2,3/2/2024,Employed,1,M,60111,Married,1,27,123,2,5,Personal Auto,0,Personal L3,2,1,Call Center,3,Large,2,0
UF28233,Washington,7048.55,No,Basic,0,High School or Below,0,3/2/2024,Employed,1,F,81601,Married,1,11,72,0,8,Personal Auto,0,Personal L1,0,2,Branch,1,Medsize,1,0
LF36128,California,10036.27,No,Basic,0,College,1,3/2/2024,Employed,1,F,66227,Single,0,22,70,0,2,Personal Auto,0,Personal L3,2,2,Call Center,3,Medsize,1,0
LY93301,Oregon,16869.25,No,Basic,0,Bachelor,2,3/2/2024,Unemployed,0,M,0,Single,0,43,115,0,2,Corporate Auto,1,Corporate L3,5,3,Agent,2,Medsize,1,0
BY78730,Oregon,11987.72,Yes,Basic,0,High School or Below,0,3/2/2024,Employed,1,F,70987,Single,0,16,80,0,7,Special Auto,2,Special L2,7,1,Agent,2,Small,0,0
XU20264,Arizona,11562.44,No,Premium,2,Bachelor,2,3/2/2024,Disabled,4,M,31733,Single,0,0,36,0,9,Personal Auto,0,Personal L3,2,1,Branch,1,Medsize,1,1
LG85340,Oregon,10916.12,No,Basic,0,Bachelor,2,3/2/2024,Employed,1,F,95595,Married,1,19,11,0,7,Personal Auto,0,Personal L3,2,3,Agent,2,Medsize,1,0
YY16391,Oregon,15979,No,Premium,2,College,1,3/2/2024,Unemployed,0,M,0,Single,0,12,100,0,2,Personal Auto,0,Personal L2,1,3,Call Center,3,Medsize,1,1
RO25639,Nevada,7347.7,No,Basic,0,Doctor,4,3/2/2024,Employed,1,F,34943,Married,1,24,49,3,9,Personal Auto,0,Personal L3,2,2,Branch,1,Medsize,1,0
SC47383,Nevada,9999.29,No,Basic,0,Bachelor,2,3/2/2024,Employed,1,F,51528,Married,1,24,111,0,2,Corporate Auto,1,Corporate L2,4,1,Branch,1,Medsize,1,0
LV27997,Oregon,10235.85,Yes,Basic,0,College,1,3/2/2024,Employed,1,M,87481,Married,1,31,26,0,2,Personal Auto,0,Personal L2,1,2,Web,0,Medsize,1,0
CD45044,Arizona,10260.05,No,Basic,0,High School or Below,0,3/2/2024,Unemployed,0,F,0,Single,0,4,127,0,2,Personal Auto,0,Personal L2,1,1,Agent,2,Medsize,1,0
KL43280,California,12506.84,No,Premium,2,College,1,3/2/2024,Employed,1,M,93235,Married,1,16,88,0,3,Personal Auto,0,Personal L1,0,1,Branch,1,Small,0,0
OJ37666,California,3379.86,No,Basic,0,Bachelor,2,3/2/2024,Employed,1,F,63835,Married,1,9,4,0,1,Personal Auto,0,Personal L3,2,4,Call Center,3,Medsize,1,0
GW77328,Oregon,7039.36,No,Basic,0,Doctor,4,3/2/2024,Employed,1,M,94488,Married,1,36,59,0,7,Personal Auto,0,Personal L3,2,2,Call Center,3,Medsize,1,0
NE29938,California,17334.58,No,Extended,1,College,1,3/2/2024,Unemployed,0,F,0,Single,0,1,127,0,2,Personal Auto,0,Personal L2,1,1,Call Center,3,Large,2,0
NW65065,California,5743.74,Yes,Basic,0,High School or Below,0,3/2/2024,Disabled,4,F,16070,Single,0,46,15,2,3,Corporate Auto,1,Corporate L3,5,1,Web,0,Small,0,0
UQ51981,Oregon,11987.72,Yes,Basic,0,High School or Below,0,3/2/2024,Employed,1,F,70987,Single,0,16,80,0,7,Personal Auto,0,Personal L3,2,1,Agent,2,Small,0,0
FD72269,California,7539.7,No,Basic,0,High School or Below,0,3/2/2024,Disabled,4,F,26627,Married,1,27,66,0,4,Personal Auto,0,Personal L1,0,1,Agent,2,Large,2,0
NU22358,Washington,6995.19,Yes,Basic,0,Master,3,3/2/2024,Employed,1,F,131127,Married,1,7,108,0,6,Special Auto,2,Special L2,7,2,Agent,2,Small,0,0
ZH30674,Oregon,11351.22,No,Premium,2,Bachelor,2,3/2/2024,Employed,1,M,113523,Married,1,24,65,0,9,Personal Auto,0,Personal L3,2,3,Agent,2,Medsize,1,0
DK92014,Arizona,5743.74,Yes,Basic,0,High School or Below,0,3/2/2024,Disabled,4,F,16070,Single,0,46,15,2,3,Personal Auto,0,Personal L3,2,1,Web,0,Small,0,0
IA18854,California,6696.74,No,Basic,0,High School or Below,0,3/2/2024,Medical Leave,2,M,29211,Married,1,12,109,0,8,Personal Auto,0,Personal L3,2,1,Web,0,Small,0,0
IS94199,California,5743.74,Yes,Basic,0,High School or Below,0,3/2/2024,Disabled,4,F,16070,Single,0,46,15,2,3,Personal Auto,0,Personal L2,1,1,Web,0,Small,0,0
VA95387,Nevada,9764.02,No,Basic,0,High School or Below,0,3/2/2024,Employed,1,M,62938,Married,1,27,42,0,2,Corporate Auto,1,Corporate L3,5,2,Branch,1,Medsize,1,0
TZ76531,California,16860.44,No,Premium,2,High School or Below,0,3/2/2024,Unemployed,0,M,0,Married,1,5,18,0,2,Personal Auto,0,Personal L3,2,3,Call Center,3,Medsize,1,0
TU68427,Arizona,3577.04,No,Basic,0,High School or Below,0,3/2/2024,Unemployed,0,F,0,Single,0,4,126,0,1,Personal Auto,0,Personal L3,2,2,Web,0,Medsize,1,0
JE99638,Arizona,10394.5,No,Basic,0,Bachelor,2,3/2/2024,Medical Leave,2,M,31829,Married,1,1,90,0,2,Personal Auto,0,Personal L3,2,2,Agent,2,Medsize,1,0
VQ78876,Oregon,6291.54,No,Basic,0,Bachelor,2,3/2/2024,Employed,1,F,121276,Married,1,32,15,0,1,Corporate Auto,1,Corporate L3,5,1,Branch,1,Medsize,1,0
FO83170,California,3937.11,No,Basic,0,Doctor,4,3/2/2024,Employed,1,M,115853,Married,1,0,42,0,1,Personal Auto,0,Personal L1,0,4,Agent,2,Medsize,1,0
MT78037,California,3711.06,No,Basic,0,High School or Below,0,3/2/2024,Employed,1,M,75551,Divorced,2,27,0,0,1,Personal Auto,0,Personal L2,1,2,Branch,1,Medsize,1,0
NP40205,California,10666.93,No,Extended,1,Bachelor,2,3/2/2024,Employed,1,M,134610,Married,1,32,32,0,7,Corporate Auto,1,Corporate L3,5,2,Branch,1,Small,0,0
WA94988,California,26092.63,No,Extended,1,Bachelor,2,3/2/2024,Employed,1,F,77281,Single,0,34,20,0,2,Corporate Auto,1,Corporate L3,5,2,Call Center,3,Small,0,0
MB15338,California,15487.52,No,Basic,0,College,1,3/2/2024,Employed,1,M,83881,Single,0,18,19,0,2,Personal Auto,0,Personal L2,1,2,Web,0,Medsize,1,0
KA25468,California,6622.18,No,Basic,0,Master,3,3/2/2024,Employed,1,M,62339,Married,1,11,43,0,8,Personal Auto,0,Personal L3,2,1,Web,0,Small,0,0
KZ35883,California,44939.02,No,Premium,2,College,1,3/2/2024,Employed,1,F,123580,Married,1,31,4,0,2,Personal Auto,0,Personal L2,1,2,Branch,1,Medsize,1,0
PD11073,California,10280.02,No,Extended,1,College,1,3/2/2024,Employed,1,F,47311,Married,1,28,63,0,5,Personal Auto,0,Personal L3,2,1,Agent,2,Medsize,1,0
UP19263,California,10158,No,Extended,1,College,1,3/2/2024,Employed,1,M,29620,Married,1,46,4,0,3,Personal Auto,0,Personal L2,1,3,Branch,1,Large,2,0
MR52087,California,10386.99,No,Basic,0,Bachelor,2,4/1/2024,Employed,1,F,43609,Married,1,18,46,0,2,Personal Auto,0,Personal L1,0,3,Branch,1,Medsize,1,0
AB13432,California,5043.38,No,Basic,0,Bachelor,2,4/1/2024,Unemployed,0,M,0,Single,0,4,22,0,1,Personal Auto,0,Personal L3,2,1,Agent,2,Medsize,1,1
SY56792,Oregon,9497.97,No,Premium,2,High School or Below,0,4/1/2024,Unemployed,0,M,0,Divorced,2,22,119,0,8,Corporate Auto,1,Corporate L3,5,3,Web,0,Medsize,1,0
SL35268,Arizona,7362.71,No,Basic,0,College,1,4/1/2024,Employed,1,M,41654,Married,1,9,20,0,7,Corporate Auto,1,Corporate L3,5,2,Web,0,Medsize,1,0
BD35676,Arizona,39412.39,No,Extended,1,Master,3,4/1/2024,Employed,1,M,47650,Single,0,26,15,0,2,Personal Auto,0,Personal L1,0,2,Branch,1,Medsize,1,0
GR62267,Washington,7572.26,No,Basic,0,College,1,4/1/2024,Employed,1,F,60352,Divorced,2,28,85,0,6,Personal Auto,0,Personal L2,1,1,Branch,1,Medsize,1,0
GL20444,Nevada,18600.8,No,Premium,2,Master,3,4/1/2024,Employed,1,F,123490,Married,1,12,134,0,2,Corporate Auto,1,Corporate L3,5,3,Branch,1,Large,2,0
SU56153,Nevada,10498.73,No,Basic,0,Bachelor,2,4/1/2024,Employed,1,M,85817,Married,1,26,7,0,2,Corporate Auto,1,Corporate L3,5,4,Agent,2,Medsize,1,0
YQ15567,Oregon,12196.31,No,Basic,0,Bachelor,2,4/1/2024,Medical Leave,2,F,25442,Married,1,22,113,0,3,Personal Auto,0,Personal L2,1,1,Agent,2,Small,0,0
QR15221,Washington,3488.68,No,Basic,0,High School or Below,0,4/1/2024,Employed,1,F,30459,Married,1,5,109,0,1,Personal Auto,0,Personal L3,2,1,Branch,1,Medsize,1,0
UX92071,Oregon,9103.21,No,Basic,0,High School or Below,0,4/1/2024,Unemployed,0,M,0,Single,0,8,50,0,1,Personal Auto,0,Personal L1,0,4,Call Center,3,Medsize,1,1
LV62981,Arizona,9280.34,No,Extended,1,College,1,4/1/2024,Employed,1,M,29826,Divorced,2,20,11,0,9,Corporate Auto,1,Corporate L3,5,4,Branch,1,Medsize,1,0
ZV93969,Washington,6418.51,No,Extended,1,College,1,4/1/2024,Unemployed,0,F,0,Single,0,7,62,0,1,Corporate Auto,1,Corporate L1,3,1,Call Center,3,Medsize,1,0
YJ43481,Arizona,11513.19,No,Basic,0,High School or Below,0,4/1/2024,Employed,1,F,122984,Single,0,19,50,0,3,Corporate Auto,1,Corporate L2,4,1,Call Center,3,Medsize,1,0
IC41932,Nevada,5901.11,No,Basic,0,College,1,4/1/2024,Employed,1,M,76569,Divorced,2,9,128,1,1,Personal Auto,0,Personal L3,2,1,Call Center,3,Medsize,1,0
RZ24101,Nevada,9642.44,No,Premium,2,College,1,4/1/2024,Medical Leave,2,F,32963,Divorced,2,30,34,0,1,Personal Auto,0,Personal L3,2,1,Call Center,3,Medsize,1,1
KH44031,Oregon,4272.07,No,Extended,1,Master,3,4/1/2024,Unemployed,0,F,0,Married,1,27,43,0,1,Personal Auto,0,Personal L1,0,2,Call Center,3,Medsize,1,0
VL80291,Nevada,4333.05,No,Extended,1,Master,3,4/1/2024,Employed,1,F,105967,Divorced,2,8,54,0,1,Personal Auto,0,Personal L3,2,2,Web,0,Medsize,1,0
OC80343,Oregon,10473.2,No,Basic,0,Bachelor,2,4/1/2024,Employed,1,M,67071,Single,0,41,66,0,3,Personal Auto,0,Personal L2,1,1,Web,0,Medsize,1,0
JG87029,Oregon,3205.98,No,Basic,0,High School or Below,0,4/1/2024,Employed,1,M,77406,Single,0,11,65,0,1,Personal Auto,0,Personal L2,1,2,Call Center,3,Small,0,0
OW85480,California,7219.9,No,Basic,0,Master,3,4/1/2024,Medical Leave,2,M,34486,Married,1,26,66,0,9,Personal Auto,0,Personal L3,2,1,Agent,2,Medsize,1,0
KK27683,Nevada,5418.7,No,Basic,0,High School or Below,0,4/1/2024,Disabled,4,F,20808,Married,1,5,90,0,1,Personal Auto,0,Personal L1,0,2,Branch,1,Large,2,0
CP30637,California,6637.01,No,Extended,1,High School or Below,0,4/1/2024,Employed,1,F,96057,Married,1,1,127,0,1,Corporate Auto,1,Corporate L3,5,2,Web,0,Medsize,1,0
WJ52097,Oregon,4946.05,No,Extended,1,Bachelor,2,4/1/2024,Employed,1,F,83557,Divorced,2,4,28,0,1,Corporate Auto,1,Corporate L2,4,2,Web,0,Medsize,1,0
AM52614,Oregon,6044.56,No,Basic,0,Bachelor,2,4/1/2024,Employed,1,F,55893,Divorced,2,35,35,4,1,Personal Auto,0,Personal L2,1,2,Branch,1,Medsize,1,0
FZ24763,California,6855.91,No,Basic,0,Bachelor,2,4/1/2024,Employed,1,M,47640,Married,1,46,127,0,3,Personal Auto,0,Personal L1,0,4,Web,0,Medsize,1,0
QN44699,Oregon,6284.53,No,Premium,2,Bachelor,2,4/1/2024,Employed,1,F,41017,Divorced,2,43,34,0,1,Personal Auto,0,Personal L2,1,4,Branch,1,Small,0,1
XR36002,California,14346.19,No,Extended,1,High School or Below,0,4/1/2024,Medical Leave,2,F,36908,Divorced,2,0,50,2,2,Personal Auto,0,Personal L3,2,1,Branch,1,Medsize,1,0
JJ94311,Oregon,8946.65,No,Extended,1,Bachelor,2,4/1/2024,Employed,1,M,111209,Married,1,38,26,0,7,Personal Auto,0,Personal L2,1,3,Call Center,3,Small,0,0
DA61021,California,20475.51,No,Basic,0,Master,3,4/1/2024,Employed,1,M,54630,Married,1,1,113,3,3,Personal Auto,0,Personal L2,1,1,Agent,2,Medsize,1,0
GX32768,Oregon,10296.49,No,Basic,0,Bachelor,2,4/1/2024,Unemployed,0,F,0,Single,0,1,70,1,2,Corporate Auto,1,Corporate L2,4,1,Agent,2,Medsize,1,1
JE84351,Oregon,9367.48,No,Extended,1,Bachelor,2,4/1/2024,Employed,1,M,71730,Single,0,15,8,0,9,Personal Auto,0,Personal L3,2,2,Agent,2,Small,0,0
UV46349,Oregon,8421.37,No,Extended,1,Bachelor,2,4/1/2024,Unemployed,0,F,0,Married,1,34,85,2,7,Personal Auto,0,Personal L3,2,3,Call Center,3,Medsize,1,0
FH83537,California,5038.97,No,Basic,0,High School or Below,0,4/1/2024,Unemployed,0,F,0,Single,0,3,68,0,1,Personal Auto,0,Personal L3,2,3,Agent,2,Medsize,1,1
YV76240,Oregon,14414.29,No,Extended,1,College,1,4/1/2024,Employed,1,F,61738,Married,1,30,76,0,9,Corporate Auto,1,Corporate L2,4,1,Call Center,3,Large,2,0
KN65809,Washington,15027.61,No,Extended,1,High School or Below,0,4/1/2024,Unemployed,0,F,0,Married,1,35,81,0,2,Personal Auto,0,Personal L3,2,1,Agent,2,Small,0,0
FJ31683,Washington,3837.81,No,Basic,0,Doctor,4,4/1/2024,Employed,1,F,59121,Married,1,11,42,0,1,Personal Auto,0,Personal L2,1,2,Agent,2,Medsize,1,0
HG97353,Oregon,11717.78,No,Premium,2,Bachelor,2,4/1/2024,Employed,1,F,71168,Married,1,7,81,0,8,Corporate Auto,1,Corporate L2,4,3,Agent,2,Medsize,1,0
YN39714,Oregon,11459.56,No,Basic,0,High School or Below,0,4/1/2024,Employed,1,F,108288,Married,1,16,23,0,2,Personal Auto,0,Personal L3,2,1,Branch,1,Medsize,1,0
LJ43988,California,27665.19,No,Premium,2,Master,3,4/1/2024,Employed,1,F,36878,Married,1,41,16,0,2,Personal Auto,0,Personal L2,1,3,Agent,2,Medsize,1,0
OQ10108,Oregon,12065.11,No,Extended,1,High School or Below,0,4/1/2024,Unemployed,0,M,0,Married,1,22,93,0,8,Personal Auto,0,Personal L2,1,1,Branch,1,Small,0,0
KN15789,Nevada,9138.59,No,Extended,1,High School or Below,0,4/1/2024,Unemployed,0,F,0,Single,0,42,58,0,7,Personal Auto,0,Personal L3,2,1,Agent,2,Small,0,0
LT60268,Nevada,14909.98,No,Extended,1,College,1,4/1/2024,Employed,1,F,40090,Single,0,23,55,0,3,Personal Auto,0,Personal L3,2,3,Call Center,3,Medsize,1,0
MS78828,Nevada,6920.83,No,Extended,1,College,1,4/1/2024,Employed,1,F,44778,Married,1,45,19,0,1,Personal Auto,0,Personal L3,2,4,Branch,1,Medsize,1,0
GE80842,Oregon,20934.35,No,Basic,0,College,1,4/1/2024,Employed,1,F,133865,Married,1,9,19,0,5,Personal Auto,0,Personal L3,2,2,Branch,1,Large,2,1
JN49891,Oregon,3422.18,No,Basic,0,College,1,4/1/2024,Employed,1,M,126904,Single,0,19,53,0,1,Personal Auto,0,Personal L2,1,2,Call Center,3,Medsize,1,0
LW59140,Arizona,12524.59,No,Premium,2,Bachelor,2,4/1/2024,Employed,1,M,131934,Married,1,5,65,1,7,Personal Auto,0,Personal L1,0,3,Branch,1,Large,2,0
QX31376,Oregon,23104.34,No,Extended,1,Master,3,4/1/2024,Employed,1,F,95797,Married,1,26,11,0,2,Corporate Auto,1,Corporate L3,5,2,Agent,2,Small,0,0
QP62600,Oregon,9577.11,No,Basic,0,Bachelor,2,4/1/2024,Employed,1,M,98385,Married,1,0,78,2,2,Corporate Auto,1,Corporate L3,5,2,Agent,2,Medsize,1,0
DV85764,California,28582.73,No,Extended,1,High School or Below,0,4/1/2024,Unemployed,0,M,0,Married,1,32,116,0,2,Personal Auto,0,Personal L2,1,2,Branch,1,Medsize,1,0
XI14610,California,4921.38,No,Extended,1,College,1,4/1/2024,Medical Leave,2,F,25813,Married,1,1,24,0,1,Personal Auto,0,Personal L2,1,2,Agent,2,Small,0,1
HX33134,Arizona,3723.75,No,Basic,0,High School or Below,0,4/1/2024,Disabled,4,M,29913,Married,1,11,124,0,1,Personal Auto,0,Personal L1,0,2,Call Center,3,Small,0,0
NJ46471,Oregon,11740.56,No,Basic,0,Bachelor,2,4/1/2024,Employed,1,F,76343,Married,1,30,55,3,2,Corporate Auto,1,Corporate L1,3,3,Agent,2,Medsize,1,0
UU81720,California,10953.85,No,Basic,0,High School or Below,0,4/1/2024,Employed,1,F,56296,Married,1,22,100,0,2,Corporate Auto,1,Corporate L3,5,1,Agent,2,Medsize,1,0
GL54755,Washington,5257.74,No,Extended,1,Bachelor,2,4/1/2024,Employed,1,F,80430,Married,1,1,68,1,1,Corporate Auto,1,Corporate L3,5,1,Branch,1,Medsize,1,0
NV98267,Arizona,7001.59,No,Basic,0,Bachelor,2,4/1/2024,Unemployed,0,M,0,Married,1,36,128,1,6,Personal Auto,0,Personal L2,1,2,Call Center,3,Medsize,1,0
HB23001,California,11742.01,No,Premium,2,Bachelor,2,4/1/2024,Employed,1,M,35487,Married,1,8,15,0,8,Personal Auto,0,Personal L2,1,2,Branch,1,Medsize,1,0
EB72669,California,6099.33,No,Extended,1,Bachelor,2,4/1/2024,Unemployed,0,M,0,Single,0,9,88,3,6,Personal Auto,0,Personal L3,2,4,Web,0,Medsize,1,0
UG42487,Arizona,13238.39,No,Extended,1,High School or Below,0,4/1/2024,Unemployed,0,F,0,Single,0,20,35,0,2,Personal Auto,0,Personal L3,2,1,Agent,2,Medsize,1,0
IN15077,California,6490.59,No,Basic,0,High School or Below,0,4/1/2024,Employed,1,M,134830,Married,1,9,57,0,1,Corporate Auto,1,Corporate L2,4,2,Call Center,3,Medsize,1,0
UX71974,California,27424.5,No,Basic,0,College,1,4/1/2024,Employed,1,M,56994,Divorced,2,20,51,3,2,Personal Auto,0,Personal L3,2,1,Call Center,3,Small,0,0
ME37450,Arizona,7033.97,No,Basic,0,Bachelor,2,4/1/2024,Employed,1,M,121204,Single,0,9,120,0,5,Special Auto,2,Special L2,7,1,Agent,2,Medsize,1,0
MQ80538,Oregon,3682.44,No,Extended,1,College,1,4/1/2024,Unemployed,0,M,0,Single,0,14,7,0,1,Personal Auto,0,Personal L3,2,1,Call Center,3,Medsize,1,0
XB15703,California,20604.99,No,Extended,1,Bachelor,2,4/1/2024,Employed,1,M,109022,Married,1,12,19,0,2,Personal Auto,0,Personal L1,0,2,Agent,2,Medsize,1,0
UQ19505,Oregon,4802.21,No,Extended,1,College,1,4/1/2024,Employed,1,F,52751,Married,1,30,68,0,1,Personal Auto,0,Personal L2,1,1,Call Center,3,Medsize,1,0
DI82448,California,6345.57,No,Basic,0,Bachelor,2,4/1/2024,Unemployed,0,M,0,Single,0,3,45,0,9,Personal Auto,0,Personal L3,2,1,Call Center,3,Medsize,1,0
HQ76003,Nevada,16717.77,No,Basic,0,High School or Below,0,4/1/2024,Employed,1,F,54813,Single,0,19,113,0,2,Personal Auto,0,Personal L3,2,2,Branch,1,Medsize,1,0
GE39783,Oregon,7230.79,No,Basic,0,College,1,4/1/2024,Employed,1,F,82015,Married,1,5,26,0,7,Personal Auto,0,Personal L1,0,1,Agent,2,Medsize,1,0
LH94176,Arizona,11074.35,No,Basic,0,High School or Below,0,4/1/2024,Employed,1,M,52103,Divorced,2,7,57,3,2,Personal Auto,0,Personal L3,2,1,Branch,1,Medsize,1,0
UF81905,California,6570.96,No,Basic,0,Doctor,4,4/1/2024,Disabled,4,F,27166,Married,1,9,63,0,3,Personal Auto,0,Personal L1,0,2,Call Center,3,Medsize,1,0
LV14566,Nevada,9688.4,No,Basic,0,Master,3,4/1/2024,Employed,1,M,36546,Divorced,2,1,115,0,1,Personal Auto,0,Personal L1,0,4,Branch,1,Large,2,1
BR50492,Arizona,66722.12,No,Extended,1,Bachelor,2,4/1/2024,Employed,1,M,114828,Married,1,46,111,0,2,Personal Auto,0,Personal L1,0,1,Call Center,3,Medsize,1,0
AT29024,California,6605.05,No,Basic,0,High School or Below,0,4/1/2024,Employed,1,F,36457,Married,1,14,97,0,7,Corporate Auto,1,Corporate L2,4,2,Agent,2,Small,0,0
YQ98322,Oregon,7142.4,No,Basic,0,Bachelor,2,4/1/2024,Employed,1,M,49668,Divorced,2,35,84,0,3,Personal Auto,0,Personal L2,1,1,Agent,2,Medsize,1,0
EN32990,Arizona,7222.5,No,Basic,0,College,1,4/1/2024,Employed,1,F,120363,Single,0,46,96,0,6,Personal Auto,0,Personal L2,1,1,Branch,1,Medsize,1,0
FO63400,California,6948.31,No,Basic,0,College,1,4/1/2024,Employed,1,F,126565,Divorced,2,46,32,0,3,Corporate Auto,1,Corporate L1,3,4,Call Center,3,Large,2,0
SQ37580,Arizona,7046.85,No,Basic,0,Bachelor,2,4/1/2024,Employed,1,F,87701,Single,0,12,113,0,5,Personal Auto,0,Personal L3,2,3,Call Center,3,Medsize,1,0
OL28902,California,8099.16,No,Premium,2,College,1,4/1/2024,Disabled,4,M,35509,Divorced,2,22,63,0,1,Personal Auto,0,Personal L3,2,4,Agent,2,Small,0,1
IJ18945,Washington,4177.33,No,Extended,1,College,1,4/1/2024,Employed,1,F,28288,Married,1,20,36,0,1,Special Auto,2,Special L1,6,2,Agent,2,Medsize,1,0
IA27050,Oregon,8857.1,No,Extended,1,High School or Below,0,4/1/2024,Unemployed,0,F,0,Single,0,3,119,0,3,Personal Auto,0,Personal L2,1,1,Branch,1,Large,2,0
PJ86059,Oregon,3585.42,No,Basic,0,High School or Below,0,4/1/2024,Employed,1,F,112671,Divorced,2,27,24,0,1,Corporate Auto,1,Corporate L2,4,2,Call Center,3,Medsize,1,0
VO94890,Oregon,8013.02,No,Basic,0,College,1,4/1/2024,Employed,1,M,121855,Married,1,23,49,0,8,Personal Auto,0,Personal L1,0,4,Web,0,Medsize,1,0
HR71115,Nevada,7232.3,No,Basic,0,College,1,4/1/2024,Employed,1,M,53465,Married,1,3,28,0,8,Personal Auto,0,Personal L3,2,1,Branch,1,Medsize,1,0
IZ88103,California,17044.13,No,Premium,2,Bachelor,2,4/1/2024,Employed,1,F,107218,Married,1,3,115,0,2,Personal Auto,0,Personal L2,1,1,Agent,2,Medsize,1,0
DB79306,California,5962.07,No,Basic,0,College,1,4/1/2024,Employed,1,M,34398,Married,1,35,66,3,1,Personal Auto,0,Personal L1,0,4,Web,0,Small,0,0
AM28777,Oregon,3655.03,No,Basic,0,College,1,4/1/2024,Employed,1,F,69464,Married,1,22,115,0,1,Personal Auto,0,Personal L1,0,2,Agent,2,Medsize,1,0
RN12107,Oregon,12793.82,No,Premium,2,High School or Below,0,4/1/2024,Unemployed,0,F,0,Single,0,31,74,0,1,Corporate Auto,1,Corporate L1,3,1,Call Center,3,Medsize,1,1
GG87344,Oregon,5447.26,No,Basic,0,College,1,4/1/2024,Employed,1,F,74799,Married,1,41,92,1,1,Personal Auto,0,Personal L3,2,3,Agent,2,Medsize,1,0
FJ57446,Oregon,11386.06,No,Basic,0,College,1,4/1/2024,Employed,1,F,37387,Single,0,4,4,0,7,Personal Auto,0,Personal L2,1,3,Agent,2,Small,0,1
SN69015,California,8601.28,No,Extended,1,College,1,4/1/2024,Employed,1,M,32126,Married,1,14,77,0,3,Personal Auto,0,Personal L2,1,2,Web,0,Medsize,1,0
MI42935,California,7633.7,No,Extended,1,Bachelor,2,4/1/2024,Unemployed,0,F,0,Single,0,0,16,0,7,Personal Auto,0,Personal L2,1,3,Call Center,3,Medsize,1,0
UC83161,California,8243.73,No,Premium,2,High School or Below,0,4/1/2024,Employed,1,F,81316,Married,1,19,132,0,1,Personal Auto,0,Personal L2,1,3,Web,0,Medsize,1,0
XF60649,California,10061.47,No,Basic,0,Bachelor,2,4/1/2024,Unemployed,0,F,0,Single,0,7,43,0,4,Personal Auto,0,Personal L2,1,1,Web,0,Medsize,1,1
YM24620,California,6082.89,No,Basic,0,Master,3,4/1/2024,Employed,1,M,33467,Married,1,5,53,0,1,Personal Auto,0,Personal L2,1,3,Agent,2,Small,0,1
OJ94107,Arizona,7585.74,No,Premium,2,Master,3,4/2/2024,Employed,1,M,67952,Married,1,12,73,0,1,Personal Auto,0,Personal L2,1,1,Call Center,3,Medsize,1,0
VI14730,Oregon,11316.55,Yes,Basic,0,High School or Below,0,4/2/2024,Retired,3,M,26572,Married,1,23,55,1,9,Personal Auto,0,Personal L2,1,1,Web,0,Medsize,1,0
XX84133,California,7093.89,No,Basic,0,Bachelor,2,4/2/2024,Employed,1,M,46543,Married,1,31,66,1,3,Corporate Auto,1,Corporate L2,4,4,Call Center,3,Medsize,1,0
HO29524,California,4096.77,No,Extended,1,College,1,4/2/2024,Employed,1,M,92077,Married,1,47,19,0,1,Personal Auto,0,Personal L1,0,4,Branch,1,Medsize,1,0
RO26085,California,16336.63,No,Basic,0,Bachelor,2,4/2/2024,Unemployed,0,F,0,Single,0,38,41,0,2,Personal Auto,0,Personal L2,1,2,Agent,2,Large,2,1
RN97635,Arizona,4340.22,No,Extended,1,Bachelor,2,4/2/2024,Employed,1,M,72878,Divorced,2,20,84,0,1,Corporate Auto,1,Corporate L2,4,1,Call Center,3,Small,0,0
CP85232,Arizona,60473.88,No,Extended,1,College,1,4/2/2024,Employed,1,M,79350,Married,1,8,84,0,2,Special Auto,2,Special L3,8,1,Agent,2,Small,0,0
OT47603,Oregon,12359.57,No,Extended,1,College,1,4/2/2024,Unemployed,0,M,0,Married,1,4,126,0,3,Personal Auto,0,Personal L2,1,2,Agent,2,Medsize,1,1
OS46571,California,9300.9,No,Basic,0,High School or Below,0,4/2/2024,Unemployed,0,M,0,Single,0,3,101,0,2,Personal Auto,0,Personal L3,2,1,Branch,1,Small,0,0
PU18983,Oregon,11621.01,No,Basic,0,High School or Below,0,4/2/2024,Employed,1,F,28958,Divorced,2,11,108,2,3,Personal Auto,0,Personal L1,0,1,Call Center,3,Small,0,0
UK76891,California,7065.88,No,Basic,0,College,1,4/2/2024,Employed,1,F,85400,Married,1,34,19,0,7,Corporate Auto,1,Corporate L3,5,1,Agent,2,Medsize,1,0
OL72737,Oregon,4188.77,No,Extended,1,High School or Below,0,4/2/2024,Employed,1,F,28667,Married,1,24,76,0,1,Personal Auto,0,Personal L2,1,4,Agent,2,Medsize,1,0
BM15160,California,11470.08,No,Basic,0,High School or Below,0,4/2/2024,Employed,1,F,60242,Married,1,14,107,1,2,Special Auto,2,Special L3,8,4,Web,0,Medsize,1,0
FA46418,Nevada,33357.96,No,Extended,1,High School or Below,0,4/2/2024,Employed,1,F,32688,Single,0,15,38,1,2,Personal Auto,0,Personal L3,2,2,Agent,2,Medsize,1,0
SZ16483,Arizona,5887.85,No,Premium,2,High School or Below,0,4/2/2024,Employed,1,F,107437,Married,1,16,103,2,1,Personal Auto,0,Personal L3,2,1,Agent,2,Medsize,1,0
WF73839,Arizona,10257.18,No,Basic,0,College,1,4/2/2024,Employed,1,F,67415,Married,1,1,61,0,2,Personal Auto,0,Personal L2,1,3,Web,0,Medsize,1,0
JX19907,Oregon,5127.73,No,Premium,2,Bachelor,2,4/2/2024,Unemployed,0,M,0,Married,1,46,95,1,1,Corporate Auto,1,Corporate L3,5,1,Web,0,Medsize,1,1
ZZ83340,Oregon,7436.23,No,Basic,0,Doctor,4,4/2/2024,Employed,1,F,129628,Married,1,7,41,0,5,Personal Auto,0,Personal L1,0,3,Branch,1,Medsize,1,0
FG46258,Washington,9344.66,No,Extended,1,College,1,4/2/2024,Medical Leave,2,F,22252,Married,1,19,92,0,9,Corporate Auto,1,Corporate L2,4,3,Web,0,Medsize,1,0
GP42026,California,11316.55,Yes,Basic,0,High School or Below,0,4/2/2024,Retired,3,M,26572,Married,1,23,55,1,9,Personal Auto,0,Personal L3,2,1,Web,0,Medsize,1,0
HV93429,Oregon,6988.38,No,Basic,0,Master,3,4/2/2024,Employed,1,F,31909,Married,1,26,14,0,3,Personal Auto,0,Personal L3,2,2,Call Center,3,Large,2,0
MG99229,Oregon,7946.4,No,Basic,0,College,1,4/2/2024,Unemployed,0,M,0,Single,0,28,92,0,1,Corporate Auto,1,Corporate L3,5,2,Agent,2,Small,0,1
YA11342,California,10358.12,No,Premium,2,High School or Below,0,4/2/2024,Unemployed,0,M,0,Married,1,23,76,0,4,Personal Auto,0,Personal L3,2,3,Branch,1,Medsize,1,0
KY39767,Oregon,6293.68,No,Basic,0,College,1,4/2/2024,Unemployed,0,F,0,Single,0,0,65,1,5,Personal Auto,0,Personal L2,1,1,Call Center,3,Medsize,1,0
SL70257,Nevada,7928.49,No,Basic,0,College,1,4/2/2024,Employed,1,F,104161,Divorced,2,41,53,0,7,Personal Auto,0,Personal L2,1,1,Branch,1,Small,0,0
CB62406,Arizona,9184.86,No,Premium,2,High School or Below,0,4/2/2024,Employed,1,M,59073,Married,1,22,39,0,1,Corporate Auto,1,Corporate L3,5,1,Call Center,3,Medsize,1,1
LO84523,Oregon,8779.24,No,Basic,0,High School or Below,0,4/2/2024,Unemployed,0,M,0,Single,0,8,16,0,1,Personal Auto,0,Personal L2,1,2,Web,0,Medsize,1,1
GU96042,California,10784.48,No,Basic,0,High School or Below,0,4/2/2024,Employed,1,M,78662,Married,1,16,111,0,2,Corporate Auto,1,Corporate L3,5,1,Agent,2,Medsize,1,0
OD63728,California,6153.97,No,Basic,0,College,1,4/2/2024,Unemployed,0,F,0,Single,0,32,126,0,9,Personal Auto,0,Personal L3,2,1,Agent,2,Medsize,1,0
PT93474,Oregon,15542.77,No,Basic,0,Bachelor,2,4/2/2024,Unemployed,0,F,0,Divorced,2,35,97,0,2,Personal Auto,0,Personal L3,2,1,Web,0,Medsize,1,0
OO92815,Arizona,4470.06,No,Extended,1,High School or Below,0,4/2/2024,Employed,1,F,28682,Married,1,26,69,0,1,Personal Auto,0,Personal L1,0,1,Agent,2,Medsize,1,0
AT36002,Washington,18332.05,No,Basic,0,College,1,4/2/2024,Unemployed,0,F,0,Single,0,41,51,0,7,Personal Auto,0,Personal L1,0,1,Agent,2,Medsize,1,1
SW55711,Oregon,5150.68,No,Premium,2,High School or Below,0,4/2/2024,Disabled,4,M,31779,Married,1,41,31,2,1,Corporate Auto,1,Corporate L3,5,3,Branch,1,Medsize,1,0
BS91566,Arizona,7332.15,No,Basic,0,College,1,4/2/2024,Employed,1,F,78517,Married,1,26,26,0,5,Corporate Auto,1,Corporate L2,4,2,Call Center,3,Large,2,0
ZW32080,Nevada,3935.19,No,Basic,0,Bachelor,2,4/2/2024,Employed,1,F,51034,Divorced,2,35,69,0,1,Personal Auto,0,Personal L3,2,1,Agent,2,Small,0,0
UE76013,Washington,6803.82,No,Extended,1,Master,3,4/2/2024,Employed,1,F,48578,Married,1,9,92,3,1,Personal Auto,0,Personal L3,2,2,Call Center,3,Medsize,1,0
WY53775,Arizona,11316.55,Yes,Basic,0,High School or Below,0,4/2/2024,Retired,3,M,26572,Married,1,23,55,1,9,Personal Auto,0,Personal L1,0,1,Web,0,Medsize,1,0
KI17749,Oregon,3621.27,No,Basic,0,High School or Below,0,4/2/2024,Disabled,4,F,33511,Married,1,31,89,0,1,Personal Auto,0,Personal L1,0,1,Agent,2,Medsize,1,0
CS29328,Nevada,6581.68,No,Basic,0,Bachelor,2,4/2/2024,Disabled,4,M,14503,Married,1,16,86,2,8,Personal Auto,0,Personal L1,0,3,Branch,1,Medsize,1,0
XY48850,Nevada,6964.18,No,Basic,0,High School or Below,0,4/2/2024,Unemployed,0,F,0,Single,0,32,132,0,5,Personal Auto,0,Personal L1,0,2,Agent,2,Medsize,1,0
XN48526,California,3547.48,No,Basic,0,College,1,4/2/2024,Medical Leave,2,F,28273,Married,1,0,116,0,1,Personal Auto,0,Personal L3,2,3,Branch,1,Medsize,1,0
AB98823,Arizona,8144.2,No,Extended,1,College,1,4/2/2024,Unemployed,0,M,0,Married,1,5,76,0,8,Personal Auto,0,Personal L3,2,2,Web,0,Medsize,1,0
DU38713,Arizona,7840.79,No,Basic,0,High School or Below,0,4/2/2024,Employed,1,F,95468,Married,1,27,120,0,5,Personal Auto,0,Personal L1,0,2,Call Center,3,Medsize,1,0
PA75237,Nevada,20410.51,No,Basic,0,Doctor,4,4/2/2024,Employed,1,M,79492,Married,1,1,63,0,2,Corporate Auto,1,Corporate L2,4,2,Branch,1,Medsize,1,0
ID21061,Arizona,9843.66,No,Extended,1,Master,3,4/2/2024,Employed,1,F,114249,Married,1,26,23,0,5,Personal Auto,0,Personal L3,2,2,Web,0,Large,2,0
YP67379,Arizona,9026.27,No,Extended,1,High School or Below,0,4/2/2024,Employed,1,M,30029,Married,1,8,80,0,9,Personal Auto,0,Personal L3,2,3,Web,0,Medsize,1,0
DW14769,Arizona,5292.69,No,Premium,2,High School or Below,0,4/2/2024,Unemployed,0,F,0,Married,1,3,74,1,1,Personal Auto,0,Personal L3,2,3,Branch,1,Large,2,0
KP97208,Oregon,7989.75,No,Basic,0,College,1,4/2/2024,Employed,1,F,128042,Married,1,20,92,0,7,Corporate Auto,1,Corporate L2,4,1,Agent,2,Medsize,1,0
KU14261,Arizona,9811.93,No,Extended,1,Master,3,4/2/2024,Employed,1,F,51542,Married,1,16,123,1,3,Personal Auto,0,Personal L1,0,1,Call Center,3,Medsize,1,0
VW63894,California,10624.99,No,Extended,1,Master,3,4/2/2024,Employed,1,M,102249,Married,1,11,57,0,3,Personal Auto,0,Personal L1,0,3,Web,0,Medsize,1,0
SG52649,Washington,11316.55,Yes,Basic,0,High School or Below,0,4/2/2024,Retired,3,M,26572,Married,1,23,55,1,9,Corporate Auto,1,Corporate L1,3,1,Web,0,Medsize,1,0
KM72596,Arizona,44114.41,No,Extended,1,Doctor,4,4/2/2024,Employed,1,M,53181,Single,0,15,82,0,2,Personal Auto,0,Personal L3,2,1,Agent,2,Medsize,1,0
XD86462,Oregon,8185.32,No,Extended,1,College,1,4/2/2024,Employed,1,M,27913,Single,0,38,36,0,7,Personal Auto,0,Personal L3,2,3,Agent,2,Medsize,1,0
CA70404,California,8241.55,No,Extended,1,High School or Below,0,4/2/2024,Employed,1,M,84314,Married,1,36,115,1,5,Personal Auto,0,Personal L2,1,2,Branch,1,Small,0,0
KT97561,Arizona,11316.55,Yes,Basic,0,High School or Below,0,4/2/2024,Retired,3,M,26572,Married,1,23,55,1,9,Personal Auto,0,Personal L2,1,1,Web,0,Medsize,1,0
DO51363,Oregon,5110.77,No,Extended,1,Bachelor,2,4/2/2024,Employed,1,F,35529,Married,1,31,39,0,1,Personal Auto,0,Personal L1,0,2,Call Center,3,Medsize,1,0
BL29240,Oregon,3858.69,No,Basic,0,Bachelor,2,4/2/2024,Employed,1,M,110556,Married,1,27,95,3,1,Corporate Auto,1,Corporate L2,4,2,Call Center,3,Medsize,1,0
GA98025,Arizona,17382.06,No,Basic,0,Bachelor,2,4/2/2024,Retired,3,M,35263,Single,0,16,69,0,2,Personal Auto,0,Personal L2,1,1,Call Center,3,Medsize,1,1
WX30852,Arizona,3563.98,No,Basic,0,Bachelor,2,4/2/2024,Employed,1,F,94256,Married,1,32,27,0,1,Personal Auto,0,Personal L1,0,4,Agent,2,Medsize,1,0
XK91603,California,3345.62,No,Basic,0,College,1,4/2/2024,Employed,1,F,32651,Single,0,11,15,0,1,Personal Auto,0,Personal L2,1,2,Agent,2,Medsize,1,0
JZ31045,California,3674.15,No,Basic,0,College,1,4/2/2024,Employed,1,F,131921,Married,1,8,111,0,1,Personal Auto,0,Personal L3,2,3,Branch,1,Medsize,1,0
AZ84403,Oregon,83497.75,No,Extended,1,College,1,4/2/2024,Unemployed,0,F,0,Married,1,26,39,0,2,Personal Auto,0,Personal L1,0,3,Branch,1,Medsize,1,1
OU50429,California,10158.39,No,Basic,0,Bachelor,2,4/2/2024,Employed,1,M,49383,Married,1,27,103,1,2,Personal Auto,0,Personal L3,2,2,Agent,2,Small,0,0
PM14429,California,9044.03,No,Extended,1,College,1,4/2/2024,Employed,1,M,41650,Single,0,9,57,0,8,Personal Auto,0,Personal L3,2,1,Branch,1,Medsize,1,0
AG39150,Oregon,3180.7,No,Basic,0,Bachelor,2,4/2/2024,Unemployed,0,M,0,Married,1,30,127,0,1,Personal Auto,0,Personal L3,2,1,Agent,2,Medsize,1,0
OJ65117,Oregon,7243.48,No,Basic,0,Bachelor,2,4/2/2024,Employed,1,F,104078,Divorced,2,30,80,1,4,Personal Auto,0,Personal L2,1,3,Agent,2,Small,0,0
OG57342,Washington,3216.65,No,Basic,0,Doctor,4,4/2/2024,Unemployed,0,M,0,Married,1,11,68,0,1,Corporate Auto,1,Corporate L2,4,3,Web,0,Medsize,1,0
FG24548,Oregon,14909.55,No,Basic,0,Bachelor,2,4/2/2024,Employed,1,M,60107,Married,1,38,57,0,2,Personal Auto,0,Personal L3,2,4,Web,0,Medsize,1,0
UG12132,Washington,7096.85,No,Basic,0,College,1,4/2/2024,Employed,1,F,104886,Married,1,41,20,0,7,Personal Auto,0,Personal L1,0,2,Call Center,3,Medsize,1,0
SS13550,Nevada,9106.09,No,Basic,0,High School or Below,0,4/2/2024,Unemployed,0,M,0,Single,0,1,36,0,1,Personal Auto,0,Personal L3,2,2,Call Center,3,Large,2,1
IU94124,Arizona,25256.82,No,Extended,1,College,1,4/2/2024,Unemployed,0,M,0,Single,0,14,49,1,2,Personal Auto,0,Personal L3,2,1,Branch,1,Small,0,0
WN69789,California,3411.08,No,Basic,0,College,1,4/2/2024,Employed,1,F,45205,Married,1,8,55,0,1,Personal Auto,0,Personal L3,2,4,Call Center,3,Medsize,1,0
ZE42703,Nevada,6565.69,No,Extended,1,Bachelor,2,4/2/2024,Employed,1,M,71183,Divorced,2,46,46,1,1,Corporate Auto,1,Corporate L3,5,1,Branch,1,Medsize,1,0
EQ82942,California,12606.41,No,Extended,1,Bachelor,2,4/2/2024,Unemployed,0,F,0,Single,0,23,46,0,3,Personal Auto,0,Personal L3,2,1,Branch,1,Medsize,1,1
NC78961,Oregon,5588.86,No,Basic,0,Bachelor,2,4/2/2024,Employed,1,M,48526,Divorced,2,19,34,0,1,Personal Auto,0,Personal L3,2,1,Agent,2,Small,0,1
RD87161,Washington,3619.8,No,Basic,0,High School or Below,0,4/2/2024,Unemployed,0,F,0,Married,1,3,127,1,1,Personal Auto,0,Personal L2,1,1,Branch,1,Small,0,0
SN67992,Washington,4656.82,No,Extended,1,Bachelor,2,4/2/2024,Medical Leave,2,F,34069,Divorced,2,3,35,0,1,Personal Auto,0,Personal L3,2,2,Call Center,3,Medsize,1,0
IG90926,Arizona,3343.4,No,Basic,0,College,1,4/2/2024,Employed,1,F,96594,Single,0,14,26,0,1,Personal Auto,0,Personal L3,2,3,Branch,1,Medsize,1,0
PB29715,California,4364.9,No,Extended,1,High School or Below,0,4/2/2024,Unemployed,0,M,0,Single,0,45,117,1,1,Corporate Auto,1,Corporate L3,5,1,Agent,2,Medsize,1,0
QT39597,Arizona,3951.22,No,Basic,0,High School or Below,0,4/2/2024,Employed,1,M,35427,Married,1,7,93,0,1,Personal Auto,0,Personal L3,2,2,Branch,1,Medsize,1,0
ZT86224,Nevada,14716.65,No,Extended,1,Bachelor,2,4/2/2024,Employed,1,M,97547,Divorced,2,38,82,0,2,Personal Auto,0,Personal L3,2,3,Branch,1,Medsize,1,0
RD47708,Oregon,5371.2,No,Extended,1,College,1,4/2/2024,Employed,1,M,52786,Married,1,46,32,0,1,Personal Auto,0,Personal L3,2,3,Branch,1,Medsize,1,0
ZE17448,Oregon,4664.56,No,Extended,1,College,1,4/2/2024,Employed,1,M,92341,Divorced,2,19,19,0,1,Personal Auto,0,Personal L1,0,2,Agent,2,Medsize,1,0
AK54675,California,7473.55,No,Extended,1,Bachelor,2,4/2/2024,Employed,1,F,114565,Divorced,2,38,54,0,1,Corporate Auto,1,Corporate L2,4,4,Call Center,3,Large,2,0
LJ43082,Oregon,6262.58,No,Basic,0,College,1,4/2/2024,Unemployed,0,F,0,Divorced,2,45,65,3,7,Personal Auto,0,Personal L3,2,3,Call Center,3,Large,2,0
DQ55516,California,7302,No,Extended,1,Bachelor,2,4/2/2024,Employed,1,F,27637,Single,0,46,82,0,1,Corporate Auto,1,Corporate L3,5,1,Agent,2,Medsize,1,0
KP68957,California,3434.86,No,Basic,0,Bachelor,2,4/2/2024,Employed,1,F,55430,Married,1,8,16,0,1,Corporate Auto,1,Corporate L3,5,2,Branch,1,Medsize,1,0
HI34993,Oregon,7318.37,No,Basic,0,High School or Below,0,4/2/2024,Employed,1,M,54508,Married,1,22,62,0,8,Personal Auto,0,Personal L3,2,2,Agent,2,Large,2,0
HR64765,Washington,11455.27,No,Extended,1,High School or Below,0,4/2/2024,Unemployed,0,M,0,Single,0,14,134,0,1,Personal Auto,0,Personal L3,2,1,Branch,1,Small,0,1
WA59097,Oregon,7579.69,No,Basic,0,College,1,4/2/2024,Employed,1,F,54563,Married,1,46,5,1,8,Personal Auto,0,Personal L3,2,3,Agent,2,Large,2,0
HX45529,Oregon,33978.4,No,Extended,1,Master,3,4/2/2024,Employed,1,M,50331,Married,1,1,66,0,2,Personal Auto,0,Personal L3,2,2,Branch,1,Small,0,0
WZ63975,California,3272.07,No,Basic,0,High School or Below,0,4/2/2024,Medical Leave,2,F,30131,Married,1,4,55,1,1,Personal Auto,0,Personal L3,2,1,Agent,2,Small,0,0
XO38850,Arizona,8406.94,No,Extended,1,College,1,4/2/2024,Unemployed,0,M,0,Single,0,15,28,0,9,Personal Auto,0,Personal L2,1,3,Agent,2,Small,0,0
XU98055,Arizona,12888.2,No,Extended,1,College,1,4/2/2024,Medical Leave,2,M,20798,Married,1,9,54,0,3,Personal Auto,0,Personal L3,2,3,Call Center,3,Medsize,1,1
AW84946,Arizona,6047.46,No,Basic,0,Bachelor,2,4/2/2024,Employed,1,M,49071,Married,1,18,66,3,1,Personal Auto,0,Personal L2,1,1,Agent,2,Medsize,1,0
LI10567,Oregon,15795.87,No,Premium,2,High School or Below,0,4/2/2024,Unemployed,0,M,0,Single,0,9,86,0,3,Personal Auto,0,Personal L2,1,4,Branch,1,Medsize,1,1
NM77735,Oregon,11335.42,No,Basic,0,Bachelor,2,4/2/2024,Employed,1,F,64251,Single,0,45,70,0,2,Personal Auto,0,Personal L1,0,1,Call Center,3,Medsize,1,0
CG60089,Washington,17413.1,No,Premium,2,Bachelor,2,4/2/2024,Employed,1,M,50556,Married,1,24,93,1,2,Personal Auto,0,Personal L3,2,3,Branch,1,Medsize,1,0
BE17305,Nevada,4311.17,No,Extended,1,Master,3,4/2/2024,Employed,1,M,71082,Single,0,26,57,0,1,Personal Auto,0,Personal L2,1,2,Branch,1,Medsize,1,0
EU21305,Arizona,3376.13,No,Basic,0,College,1,4/2/2024,Employed,1,M,75832,Divorced,2,0,100,0,1,Personal Auto,0,Personal L3,2,3,Agent,2,Small,0,0
JB20173,California,14028.9,No,Extended,1,Bachelor,2,4/2/2024,Employed,1,M,109943,Single,0,34,54,1,2,Personal Auto,0,Personal L2,1,2,Call Center,3,Medsize,1,0
US63915,Arizona,8395.19,No,Premium,2,High School or Below,0,4/2/2024,Employed,1,M,70124,Married,1,16,130,0,1,Corporate Auto,1,Corporate L3,5,1,Agent,2,Medsize,1,1
QV65644,Oregon,8253.72,No,Extended,1,High School or Below,0,4/2/2024,Unemployed,0,M,0,Single,0,24,9,0,5,Personal Auto,0,Personal L2,1,1,Branch,1,Medsize,1,1
IJ74908,Nevada,17705.8,No,Premium,2,Bachelor,2,4/2/2024,Employed,1,M,27952,Divorced,2,11,16,1,3,Personal Auto,0,Personal L3,2,1,Call Center,3,Medsize,1,0
TT47031,Arizona,7358.27,No,Basic,0,Bachelor,2,4/2/2024,Employed,1,F,103125,Married,1,7,116,0,7,Personal Auto,0,Personal L1,0,1,Web,0,Small,0,0
SG51792,Arizona,3716.76,No,Basic,0,Bachelor,2,4/2/2024,Employed,1,F,101624,Married,1,3,65,3,1,Corporate Auto,1,Corporate L3,5,2,Agent,2,Medsize,1,0
GD56260,Oregon,3865.12,No,Basic,0,Master,3,4/2/2024,Employed,1,F,55454,Married,1,4,19,0,1,Personal Auto,0,Personal L3,2,1,Agent,2,Medsize,1,0
HK96298,California,3759.71,No,Basic,0,Master,3,4/2/2024,Employed,1,M,83439,Divorced,2,0,130,0,1,Personal Auto,0,Personal L2,1,4,Agent,2,Large,2,0
PQ65328,Oregon,3833.05,No,Basic,0,High School or Below,0,4/2/2024,Employed,1,M,96471,Married,1,15,104,5,1,Personal Auto,0,Personal L3,2,2,Call Center,3,Medsize,1,0
MI81870,Arizona,20307.48,No,Premium,2,Bachelor,2,4/2/2024,Employed,1,F,30779,Married,1,14,101,0,6,Corporate Auto,1,Corporate L1,3,2,Branch,1,Medsize,1,1
XS44101,California,9061.6,No,Extended,1,Bachelor,2,4/2/2024,Employed,1,F,60603,Married,1,16,101,0,6,Personal Auto,0,Personal L3,2,3,Call Center,3,Medsize,1,0
KC67652,Arizona,14683.25,No,Extended,1,Doctor,4,4/2/2024,Employed,1,M,96194,Single,0,38,22,0,4,Personal Auto,0,Personal L1,0,1,Agent,2,Medsize,1,0
NJ88229,California,11264.06,No,Basic,0,College,1,4/2/2024,Employed,1,F,86571,Single,0,42,26,0,2,Personal Auto,0,Personal L2,1,4,Branch,1,Medsize,1,0
IN18876,Arizona,10966.08,No,Extended,1,Bachelor,2,4/2/2024,Unemployed,0,F,0,Single,0,20,63,0,2,Special Auto,2,Special L1,6,3,Web,0,Small,0,0
JH35547,Oregon,32997.1,No,Basic,0,College,1,4/2/2024,Employed,1,M,48952,Married,1,4,96,0,2,Personal Auto,0,Personal L2,1,4,Call Center,3,Large,2,0
AB62982,Oregon,7989.39,No,Basic,0,Doctor,4,4/2/2024,Employed,1,F,104653,Married,1,8,89,0,3,Personal Auto,0,Personal L3,2,3,Call Center,3,Small,0,0
AV49798,Arizona,10587.87,No,Extended,1,College,1,4/2/2024,Employed,1,M,127255,Married,1,45,105,0,3,Personal Auto,0,Personal L1,0,2,Branch,1,Medsize,1,0
IA30254,Nevada,20030.63,No,Basic,0,High School or Below,0,4/2/2024,Unemployed,0,M,0,Single,0,24,62,0,2,Corporate Auto,1,Corporate L1,3,1,Agent,2,Medsize,1,0
YJ57293,California,3748.74,No,Extended,1,College,1,4/2/2024,Medical Leave,2,M,32171,Married,1,32,30,1,1,Corporate Auto,1,Corporate L3,5,4,Web,0,Medsize,1,0
VN44400,California,7685.12,No,Basic,0,College,1,4/2/2024,Employed,1,F,116199,Married,1,3,130,0,3,Personal Auto,0,Personal L2,1,3,Branch,1,Medsize,1,0
MG88768,California,6667.28,No,Basic,0,College,1,4/2/2024,Employed,1,M,111690,Married,1,7,16,0,9,Corporate Auto,1,Corporate L3,5,2,Branch,1,Medsize,1,0
NZ83890,California,6860.35,No,Basic,0,High School or Below,0,4/2/2024,Unemployed,0,F,0,Married,1,23,103,0,7,Personal Auto,0,Personal L1,0,3,Branch,1,Medsize,1,0
OQ88395,California,6089.23,No,Basic,0,College,1,4/2/2024,Employed,1,M,113805,Married,1,18,0,0,1,Corporate Auto,1,Corporate L3,5,2,Branch,1,Medsize,1,0
JX80723,California,8467.76,No,Extended,1,College,1,4/2/2024,Employed,1,M,103509,Divorced,2,3,80,1,4,Personal Auto,0,Personal L1,0,1,Branch,1,Medsize,1,0
GX22027,California,6429.45,No,Basic,0,Bachelor,2,4/2/2024,Medical Leave,2,F,22486,Married,1,15,72,1,9,Personal Auto,0,Personal L2,1,1,Branch,1,Medsize,1,0
DR54244,California,3497.63,No,Basic,0,High School or Below,0,4/2/2024,Unemployed,0,F,0,Married,1,22,89,0,1,Personal Auto,0,Personal L3,2,1,Call Center,3,Medsize,1,0
RV82726,California,5991.09,No,Premium,2,High School or Below,0,4/2/2024,Employed,1,M,30737,Married,1,22,93,0,1,Personal Auto,0,Personal L3,2,4,Branch,1,Medsize,1,0
SF13677,California,3838.25,No,Extended,1,High School or Below,0,4/2/2024,Unemployed,0,M,0,Single,0,31,81,0,1,Personal Auto,0,Personal L3,2,1,Call Center,3,Large,2,0
MP80287,California,12822.94,No,Extended,1,College,1,4/2/2024,Unemployed,0,F,0,Single,0,18,70,0,2,Personal Auto,0,Personal L2,1,4,Call Center,3,Medsize,1,0
FV70604,California,6815.49,No,Premium,2,Bachelor,2,4/2/2024,Unemployed,0,F,0,Single,0,14,69,0,1,Corporate Auto,1,Corporate L1,3,1,Agent,2,Medsize,1,1
OE15005,California,5326.08,No,Basic,0,College,1,5/1/2024,Medical Leave,2,M,38954,Married,1,16,80,0,1,Personal Auto,0,Personal L2,1,3,Call Center,3,Medsize,1,0
CW82151,California,12018.7,No,Basic,0,Bachelor,2,5/1/2024,Employed,1,M,63225,Married,1,8,4,0,9,Personal Auto,0,Personal L3,2,1,Call Center,3,Medsize,1,0
GL56175,Arizona,4846.11,No,Extended,1,College,1,5/1/2024,Employed,1,M,107052,Married,1,30,3,0,1,Personal Auto,0,Personal L1,0,2,Call Center,3,Medsize,1,0
YM57893,Washington,6325.43,No,Premium,2,Doctor,4,5/1/2024,Employed,1,M,104865,Married,1,43,109,0,1,Personal Auto,0,Personal L2,1,1,Call Center,3,Small,0,1
RQ19236,Arizona,10857.79,No,Basic,0,Doctor,4,5/1/2024,Employed,1,M,74805,Married,1,32,72,0,4,Personal Auto,0,Personal L2,1,2,Web,0,Medsize,1,0
KL98495,Nevada,11457.77,No,Basic,0,College,1,5/1/2024,Unemployed,0,M,0,Married,1,9,126,0,2,Personal Auto,0,Personal L2,1,1,Agent,2,Medsize,1,0
MO56878,California,20909.38,No,Basic,0,Bachelor,2,5/1/2024,Employed,1,M,45629,Single,0,38,70,3,2,Corporate Auto,1,Corporate L3,5,2,Agent,2,Small,0,0
CC31456,Arizona,8717.71,No,Extended,1,Bachelor,2,5/1/2024,Employed,1,M,50690,Married,1,16,12,0,3,Special Auto,2,Special L2,7,2,Web,0,Medsize,1,0
UY18770,California,13742.62,Yes,Premium,2,Bachelor,2,5/1/2024,Retired,3,F,19292,Married,1,27,54,0,1,Personal Auto,0,Personal L3,2,1,Agent,2,Medsize,1,1
QW47320,California,13742.62,Yes,Premium,2,Bachelor,2,5/1/2024,Retired,3,F,19292,Married,1,27,54,0,1,Personal Auto,0,Personal L1,0,1,Agent,2,Medsize,1,1
OM99303,Arizona,3647.01,No,Basic,0,High School or Below,0,5/1/2024,Employed,1,F,103019,Married,1,1,45,0,1,Personal Auto,0,Personal L3,2,4,Branch,1,Medsize,1,0
MW62634,California,3006.55,Yes,Basic,0,High School or Below,0,5/1/2024,Retired,3,M,37762,Married,1,9,51,0,1,Corporate Auto,1,Corporate L3,5,3,Web,0,Medsize,1,0
XM91635,Arizona,3067.65,No,Basic,0,High School or Below,0,5/1/2024,Medical Leave,2,F,22434,Single,0,0,54,0,1,Special Auto,2,Special L2,7,3,Branch,1,Medsize,1,0
QL77686,Nevada,6378.46,No,Basic,0,College,1,5/1/2024,Employed,1,F,32381,Married,1,42,4,0,1,Corporate Auto,1,Corporate L3,5,2,Call Center,3,Small,0,0
DT77901,Oregon,13742.62,Yes,Premium,2,Bachelor,2,5/1/2024,Retired,3,F,19292,Married,1,27,54,0,1,Personal Auto,0,Personal L3,2,1,Agent,2,Medsize,1,1
MY80583,Oregon,32375.08,No,Basic,0,Bachelor,2,5/1/2024,Employed,1,F,113893,Married,1,19,57,0,2,Personal Auto,0,Personal L3,2,2,Branch,1,Small,0,0
HP50399,Nevada,5376.06,No,Basic,0,Bachelor,2,5/1/2024,Unemployed,0,M,0,Divorced,2,19,104,0,1,Personal Auto,0,Personal L3,2,3,Branch,1,Medsize,1,0
SS48498,Washington,8468.78,No,Extended,1,College,1,5/1/2024,Employed,1,F,28129,Married,1,34,3,0,9,Corporate Auto,1,Corporate L3,5,1,Branch,1,Medsize,1,0
XD21246,Oregon,12471.71,No,Extended,1,High School or Below,0,5/1/2024,Unemployed,0,F,0,Single,0,41,35,0,5,Personal Auto,0,Personal L3,2,1,Agent,2,Medsize,1,1
KK30016,Nevada,7469.05,No,Basic,0,Master,3,5/1/2024,Employed,1,M,37425,Divorced,2,4,39,0,9,Personal Auto,0,Personal L3,2,3,Call Center,3,Medsize,1,0
NP88496,Nevada,27614.59,No,Basic,0,High School or Below,0,5/1/2024,Unemployed,0,F,0,Married,1,38,97,0,2,Personal Auto,0,Personal L3,2,3,Agent,2,Large,2,0
UU93074,California,15796.44,No,Premium,2,College,1,5/1/2024,Employed,1,M,43787,Married,1,32,92,0,1,Personal Auto,0,Personal L1,0,1,Agent,2,Medsize,1,1
VW86720,Oregon,10067.58,No,Basic,0,Bachelor,2,5/1/2024,Unemployed,0,F,0,Single,0,20,99,0,2,Personal Auto,0,Personal L1,0,1,Call Center,3,Small,0,0
OH15677,California,5052.48,No,Basic,0,High School or Below,0,5/1/2024,Unemployed,0,M,0,Single,0,47,105,1,1,Personal Auto,0,Personal L2,1,1,Agent,2,Medsize,1,1
AT93647,California,3517.52,No,Basic,0,College,1,5/1/2024,Employed,1,F,81340,Married,1,14,11,0,1,Personal Auto,0,Personal L2,1,4,Agent,2,Medsize,1,0
KH93988,Oregon,10406.99,No,Extended,1,College,1,5/1/2024,Employed,1,F,96031,Married,1,28,128,3,8,Personal Auto,0,Personal L3,2,1,Web,0,Medsize,1,0
EL61402,Arizona,8232.92,No,Extended,1,Bachelor,2,5/1/2024,Employed,1,F,100247,Married,1,22,123,0,3,Personal Auto,0,Personal L3,2,1,Agent,2,Large,2,0
TF82172,Arizona,5421.78,No,Basic,0,College,1,5/1/2024,Medical Leave,2,M,13600,Married,1,45,57,0,1,Corporate Auto,1,Corporate L1,3,2,Web,0,Medsize,1,0
MS39869,Nevada,9913.53,No,Basic,0,College,1,5/1/2024,Unemployed,0,F,0,Single,0,22,77,0,2,Personal Auto,0,Personal L1,0,2,Call Center,3,Medsize,1,0
AL21967,Oregon,13731.5,No,Extended,1,Master,3,5/1/2024,Employed,1,M,100228,Married,1,46,3,0,2,Corporate Auto,1,Corporate L2,4,4,Call Center,3,Medsize,1,0
WZ61178,California,7056.76,No,Basic,0,Bachelor,2,5/1/2024,Medical Leave,2,F,16060,Married,1,39,77,0,5,Personal Auto,0,Personal L2,1,1,Branch,1,Small,0,0
YC67208,California,3006.55,Yes,Basic,0,High School or Below,0,5/1/2024,Retired,3,M,37762,Married,1,9,51,0,1,Personal Auto,0,Personal L3,2,3,Web,0,Medsize,1,0
LQ76410,Arizona,4361.28,Yes,Extended,1,College,1,5/1/2024,Employed,1,M,84879,Divorced,2,0,55,0,1,Special Auto,2,Special L1,6,2,Call Center,3,Medsize,1,0
FN44127,Oregon,4736.57,Yes,Extended,1,College,1,5/1/2024,Medical Leave,2,M,28320,Married,1,26,130,1,1,Personal Auto,0,Personal L2,1,2,Branch,1,Small,0,1
AH92481,California,6308.82,No,Basic,0,College,1,5/1/2024,Employed,1,F,71846,Married,1,32,49,0,1,Corporate Auto,1,Corporate L3,5,1,Call Center,3,Medsize,1,0
CL70684,California,10308.98,No,Premium,2,High School or Below,0,5/1/2024,Unemployed,0,M,0,Single,0,41,116,0,3,Corporate Auto,1,Corporate L3,5,2,Agent,2,Small,0,1
PP50567,California,11309.62,No,Basic,0,Bachelor,2,5/1/2024,Unemployed,0,M,0,Married,1,19,51,0,2,Corporate Auto,1,Corporate L3,5,1,Agent,2,Medsize,1,0
IM98086,California,4361.28,Yes,Extended,1,College,1,5/1/2024,Employed,1,M,84879,Divorced,2,0,55,0,1,Personal Auto,0,Personal L2,1,2,Call Center,3,Medsize,1,0
KB53430,Oregon,3006.55,Yes,Basic,0,High School or Below,0,5/1/2024,Retired,3,M,37762,Married,1,9,51,0,1,Personal Auto,0,Personal L3,2,3,Web,0,Medsize,1,0
NY12562,Nevada,3002.52,No,Basic,0,College,1,5/1/2024,Unemployed,0,F,0,Single,0,27,5,0,1,Corporate Auto,1,Corporate L2,4,2,Branch,1,Medsize,1,0
ND62955,Nevada,6255.16,No,Basic,0,Bachelor,2,5/1/2024,Employed,1,M,67838,Married,1,4,126,0,1,Personal Auto,0,Personal L3,2,3,Agent,2,Medsize,1,0
RO89785,Oregon,4736.57,Yes,Extended,1,College,1,5/1/2024,Medical Leave,2,M,28320,Married,1,26,130,1,1,Personal Auto,0,Personal L3,2,2,Branch,1,Small,0,1
NW23827,California,6281.43,No,Basic,0,College,1,5/1/2024,Unemployed,0,F,0,Married,1,28,31,0,7,Personal Auto,0,Personal L3,2,1,Agent,2,Medsize,1,0
HV69023,California,11180.35,No,Basic,0,High School or Below,0,5/1/2024,Medical Leave,2,F,25905,Married,1,28,12,0,3,Personal Auto,0,Personal L2,1,2,Web,0,Large,2,0
WH36609,Arizona,8491.43,No,Extended,1,Bachelor,2,5/1/2024,Employed,1,F,33044,Married,1,20,43,0,3,Personal Auto,0,Personal L3,2,4,Call Center,3,Small,0,0
KW12214,Oregon,16706.28,No,Basic,0,High School or Below,0,5/1/2024,Employed,1,M,105895,Married,1,8,99,0,2,Personal Auto,0,Personal L3,2,2,Branch,1,Medsize,1,0
WE64781,Oregon,22844.87,No,Extended,1,Bachelor,2,5/1/2024,Employed,1,F,126679,Married,1,1,26,0,2,Corporate Auto,1,Corporate L1,3,3,Web,0,Medsize,1,0
JL71713,California,8493.74,No,Extended,1,Bachelor,2,5/1/2024,Employed,1,F,120303,Married,1,24,92,0,8,Personal Auto,0,Personal L3,2,3,Branch,1,Medsize,1,0
XN90861,Arizona,7471.68,No,Basic,0,Bachelor,2,5/1/2024,Employed,1,F,96606,Married,1,19,62,0,5,Personal Auto,0,Personal L1,0,2,Web,0,Medsize,1,0
RR93140,California,3888.47,No,Basic,0,College,1,5/1/2024,Employed,1,F,110113,Married,1,26,73,0,1,Personal Auto,0,Personal L2,1,2,Branch,1,Medsize,1,0
VM53683,Nevada,34780.61,No,Basic,0,Bachelor,2,5/1/2024,Employed,1,F,106385,Married,1,47,126,0,2,Personal Auto,0,Personal L3,2,3,Agent,2,Medsize,1,0
OT24208,California,16727.15,No,Basic,0,Bachelor,2,5/1/2024,Medical Leave,2,M,19416,Married,1,11,65,0,2,Personal Auto,0,Personal L3,2,3,Agent,2,Medsize,1,0
LR61007,Arizona,4096.98,No,Extended,1,High School or Below,0,5/1/2024,Employed,1,M,106992,Married,1,31,9,0,1,Corporate Auto,1,Corporate L3,5,4,Agent,2,Medsize,1,0
DP50640,California,3440.94,No,Basic,0,Bachelor,2,5/1/2024,Employed,1,M,63917,Married,1,8,47,0,1,Personal Auto,0,Personal L3,2,2,Call Center,3,Small,0,0
SG51259,California,6078.87,No,Extended,1,High School or Below,0,5/1/2024,Unemployed,0,F,0,Single,0,14,15,0,1,Personal Auto,0,Personal L1,0,1,Agent,2,Medsize,1,1
AG62140,California,7271.54,No,Basic,0,College,1,5/1/2024,Employed,1,F,45517,Married,1,24,90,1,3,Personal Auto,0,Personal L2,1,1,Agent,2,Small,0,0
SY22123,California,8505.59,No,Extended,1,College,1,5/1/2024,Medical Leave,2,F,39878,Single,0,27,112,0,7,Personal Auto,0,Personal L3,2,1,Agent,2,Medsize,1,0
CW35098,Washington,4452.17,No,Extended,1,College,1,5/1/2024,Unemployed,0,M,0,Single,0,4,105,0,1,Personal Auto,0,Personal L3,2,1,Branch,1,Medsize,1,0
FY90924,Arizona,3974.64,No,Basic,0,High School or Below,0,5/1/2024,Employed,1,F,99361,Married,1,14,57,0,1,Personal Auto,0,Personal L3,2,2,Agent,2,Medsize,1,0
YS84064,Arizona,20899.69,No,Premium,2,Bachelor,2,5/1/2024,Unemployed,0,M,0,Single,0,39,26,3,2,Corporate Auto,1,Corporate L3,5,2,Agent,2,Medsize,1,1
QD46343,Arizona,5291.15,Yes,Extended,1,High School or Below,0,5/1/2024,Employed,1,F,90013,Married,1,0,54,0,1,Personal Auto,0,Personal L3,2,3,Agent,2,Small,0,0
KR54589,California,7940.45,No,Basic,0,High School or Below,0,5/1/2024,Employed,1,F,117196,Married,1,1,15,0,3,Personal Auto,0,Personal L3,2,4,Agent,2,Small,0,0
AM34581,Oregon,9018.2,No,Extended,1,Bachelor,2,5/1/2024,Employed,1,F,32983,Married,1,26,59,3,6,Corporate Auto,1,Corporate L2,4,2,Branch,1,Medsize,1,0
ZR84007,Arizona,9997.11,No,Basic,0,Bachelor,2,5/1/2024,Employed,1,M,79352,Single,0,18,111,1,2,Personal Auto,0,Personal L1,0,2,Branch,1,Medsize,1,0
ZZ22193,California,7701.32,No,Basic,0,Master,3,5/1/2024,Employed,1,F,50861,Single,0,34,108,0,3,Personal Auto,0,Personal L2,1,1,Agent,2,Medsize,1,0
HG23705,Arizona,3878.1,No,Basic,0,Bachelor,2,5/1/2024,Employed,1,F,107569,Single,0,5,126,1,1,Personal Auto,0,Personal L3,2,2,Agent,2,Medsize,1,0
LL14393,Oregon,3451.42,No,Basic,0,High School or Below,0,5/1/2024,Employed,1,M,32220,Married,1,8,134,0,1,Personal Auto,0,Personal L2,1,3,Call Center,3,Medsize,1,0
QV48556,Arizona,7318.42,No,Basic,0,Master,3,5/1/2024,Disabled,4,F,40474,Divorced,2,5,12,0,3,Corporate Auto,1,Corporate L3,5,1,Agent,2,Medsize,1,0
LN43251,Oregon,6241.77,No,Extended,1,High School or Below,0,5/1/2024,Unemployed,0,M,0,Single,0,24,3,0,1,Personal Auto,0,Personal L3,2,1,Web,0,Medsize,1,1
VB57504,California,3456.93,No,Basic,0,High School or Below,0,5/1/2024,Employed,1,M,40536,Married,1,18,14,0,1,Personal Auto,0,Personal L3,2,2,Branch,1,Medsize,1,0
VG85511,Arizona,11825.45,No,Basic,0,College,1,5/1/2024,Medical Leave,2,M,38178,Married,1,9,74,0,9,Personal Auto,0,Personal L3,2,2,Web,0,Medsize,1,0
JM96431,Oregon,4206.2,No,Extended,1,College,1,5/1/2024,Employed,1,M,73467,Single,0,36,0,0,1,Personal Auto,0,Personal L1,0,2,Call Center,3,Medsize,1,0
KL39986,Arizona,26026.4,No,Basic,0,High School or Below,0,5/1/2024,Unemployed,0,F,0,Single,0,16,104,0,2,Personal Auto,0,Personal L3,2,3,Branch,1,Medsize,1,0
MN79082,Oregon,8699.5,No,Extended,1,College,1,5/1/2024,Employed,1,M,63113,Married,1,27,100,1,3,Corporate Auto,1,Corporate L1,3,3,Branch,1,Small,0,0
DQ69331,Washington,3006.55,Yes,Basic,0,High School or Below,0,5/1/2024,Retired,3,M,37762,Married,1,9,51,0,1,Personal Auto,0,Personal L2,1,3,Web,0,Medsize,1,0
SL19130,Oregon,5537.61,No,Premium,2,High School or Below,0,5/1/2024,Unemployed,0,M,0,Single,0,1,46,0,1,Personal Auto,0,Personal L1,0,1,Branch,1,Medsize,1,0
SD63822,Oregon,6869.73,No,Basic,0,Bachelor,2,5/1/2024,Unemployed,0,F,0,Single,0,42,70,0,4,Corporate Auto,1,Corporate L2,4,1,Branch,1,Small,0,0
YE24562,California,4736.57,Yes,Extended,1,College,1,5/1/2024,Medical Leave,2,M,28320,Married,1,26,130,1,1,Personal Auto,0,Personal L3,2,2,Branch,1,Small,0,1
TS78649,Arizona,21978.27,No,Premium,2,High School or Below,0,5/1/2024,Unemployed,0,M,0,Single,0,23,1,0,2,Personal Auto,0,Personal L1,0,3,Branch,1,Medsize,1,1
VA89404,California,22798.53,No,Basic,0,Master,3,5/1/2024,Employed,1,M,71904,Married,1,15,24,4,2,Corporate Auto,1,Corporate L3,5,2,Branch,1,Medsize,1,0
EX97404,Oregon,2909.53,No,Basic,0,High School or Below,0,5/1/2024,Unemployed,0,F,0,Single,0,30,90,3,1,Personal Auto,0,Personal L3,2,1,Branch,1,Medsize,1,0
MA94219,Nevada,12241.34,No,Premium,2,College,1,5/1/2024,Employed,1,M,105638,Married,1,9,89,0,6,Personal Auto,0,Personal L3,2,2,Branch,1,Medsize,1,0
WG39961,Oregon,5291.15,Yes,Extended,1,High School or Below,0,5/1/2024,Employed,1,F,90013,Married,1,0,54,0,1,Personal Auto,0,Personal L1,0,3,Agent,2,Small,0,0
CQ15251,Oregon,6953.06,No,Basic,0,Bachelor,2,5/1/2024,Employed,1,F,88599,Married,1,28,38,0,3,Personal Auto,0,Personal L3,2,4,Call Center,3,Large,2,0
UH76249,Arizona,12268.24,No,Extended,1,High School or Below,0,5/1/2024,Unemployed,0,M,0,Married,1,9,104,0,2,Corporate Auto,1,Corporate L2,4,1,Agent,2,Medsize,1,0
YA37626,Oregon,19732.1,No,Extended,1,Master,3,5/1/2024,Employed,1,M,34233,Single,0,1,18,0,2,Personal Auto,0,Personal L1,0,4,Branch,1,Medsize,1,1
PK20739,Oregon,17885.66,No,Premium,2,Bachelor,2,5/1/2024,Employed,1,M,33850,Married,1,23,11,0,2,Personal Auto,0,Personal L1,0,1,Branch,1,Medsize,1,0
EP61197,Oregon,44068.15,No,Premium,2,Master,3,5/1/2024,Employed,1,F,105185,Married,1,5,82,0,2,Personal Auto,0,Personal L3,2,3,Call Center,3,Small,0,0
DB26077,Arizona,6579.14,No,Extended,1,High School or Below,0,5/1/2024,Retired,3,F,25469,Married,1,5,84,0,1,Personal Auto,0,Personal L2,1,3,Call Center,3,Medsize,1,0
MP95255,California,5291.15,Yes,Extended,1,High School or Below,0,5/1/2024,Employed,1,F,90013,Married,1,0,54,0,1,Personal Auto,0,Personal L1,0,3,Agent,2,Small,0,0
TB54645,Oregon,4095.1,No,Extended,1,Bachelor,2,5/1/2024,Disabled,4,F,36948,Married,1,18,54,0,1,Personal Auto,0,Personal L3,2,1,Call Center,3,Medsize,1,0
SD96596,Washington,25034.81,No,Extended,1,High School or Below,0,5/1/2024,Employed,1,F,46017,Single,0,16,66,0,6,Personal Auto,0,Personal L2,1,1,Branch,1,Medsize,1,1
IS79761,Oregon,5151.4,No,Extended,1,High School or Below,0,5/1/2024,Employed,1,M,52179,Single,0,16,112,0,1,Personal Auto,0,Personal L3,2,3,Branch,1,Medsize,1,0
HZ28612,Washington,7595.87,No,Basic,0,College,1,5/1/2024,Employed,1,F,80706,Married,1,39,69,0,9,Personal Auto,0,Personal L2,1,3,Branch,1,Small,0,0
HG81172,Arizona,10385.71,No,Extended,1,College,1,5/1/2024,Employed,1,F,73798,Married,1,0,81,1,3,Personal Auto,0,Personal L3,2,3,Agent,2,Medsize,1,0
UR40795,Oregon,12514.07,No,Basic,0,High School or Below,0,5/1/2024,Medical Leave,2,M,37596,Married,1,32,127,0,3,Personal Auto,0,Personal L2,1,1,Web,0,Small,0,0
SN94425,Oregon,6130.71,No,Basic,0,High School or Below,0,5/1/2024,Unemployed,0,F,0,Divorced,2,20,115,2,4,Special Auto,2,Special L3,8,1,Agent,2,Medsize,1,0
XB35510,California,11750.78,No,Basic,0,Bachelor,2,5/1/2024,Employed,1,M,51397,Married,1,14,49,1,3,Personal Auto,0,Personal L3,2,1,Branch,1,Medsize,1,0
RE80124,Arizona,8369.95,No,Extended,1,College,1,5/1/2024,Unemployed,0,F,0,Single,0,42,82,0,3,Personal Auto,0,Personal L3,2,1,Agent,2,Small,0,0
PK47936,Washington,11813.46,No,Premium,2,High School or Below,0,5/1/2024,Employed,1,F,34838,Married,1,27,58,0,5,Personal Auto,0,Personal L3,2,4,Call Center,3,Medsize,1,0
PV77228,Arizona,4361.28,Yes,Extended,1,College,1,5/1/2024,Employed,1,M,84879,Divorced,2,0,55,0,1,Corporate Auto,1,Corporate L1,3,2,Call Center,3,Medsize,1,0
YP17198,Oregon,30139.87,No,Basic,0,Master,3,5/1/2024,Employed,1,M,133975,Single,0,30,36,0,2,Corporate Auto,1,Corporate L3,5,2,Branch,1,Large,2,0
OY88200,Nevada,3653.92,No,Basic,0,College,1,5/1/2024,Medical Leave,2,F,30596,Divorced,2,0,11,0,1,Personal Auto,0,Personal L2,1,4,Agent,2,Small,0,0
JL21509,California,4736.57,Yes,Extended,1,College,1,5/1/2024,Medical Leave,2,M,28320,Married,1,26,130,1,1,Personal Auto,0,Personal L3,2,2,Branch,1,Small,0,1
BG73480,Oregon,7187.22,No,Extended,1,High School or Below,0,5/1/2024,Employed,1,F,87353,Single,0,0,41,0,1,Corporate Auto,1,Corporate L2,4,1,Agent,2,Medsize,1,0
TT19625,Nevada,20624.6,No,Basic,0,Bachelor,2,5/1/2024,Employed,1,F,51547,Married,1,28,19,0,8,Personal Auto,0,Personal L3,2,1,Branch,1,Medsize,1,1
CI51999,Arizona,11017.58,No,Basic,0,College,1,5/1/2024,Medical Leave,2,M,16559,Married,1,34,49,1,3,Personal Auto,0,Personal L1,0,1,Branch,1,Medsize,1,0
WO25669,Oregon,48184.43,No,Basic,0,High School or Below,0,5/1/2024,Unemployed,0,F,0,Married,1,14,122,0,2,Personal Auto,0,Personal L1,0,1,Branch,1,Medsize,1,1
UJ38473,California,29596.22,No,Basic,0,Bachelor,2,5/1/2024,Employed,1,M,109616,Married,1,3,57,0,2,Personal Auto,0,Personal L1,0,2,Branch,1,Small,0,0
YU32377,Oregon,8847.82,No,Basic,0,College,1,5/1/2024,Unemployed,0,F,0,Single,0,5,92,0,2,Corporate Auto,1,Corporate L2,4,3,Call Center,3,Medsize,1,0
LD63324,Arizona,4361.28,Yes,Extended,1,College,1,5/1/2024,Employed,1,M,84879,Divorced,2,0,55,0,1,Corporate Auto,1,Corporate L3,5,2,Call Center,3,Medsize,1,0
GA86186,Oregon,4361.28,Yes,Extended,1,College,1,5/1/2024,Employed,1,M,84879,Divorced,2,0,55,0,1,Special Auto,2,Special L3,8,2,Call Center,3,Medsize,1,0
LH87004,Washington,23446.16,No,Basic,0,College,1,5/1/2024,Employed,1,M,55914,Divorced,2,23,108,0,2,Personal Auto,0,Personal L3,2,3,Branch,1,Small,0,0
HC31007,California,6816.31,No,Basic,0,High School or Below,0,5/1/2024,Unemployed,0,M,0,Married,1,47,88,0,7,Personal Auto,0,Personal L2,1,1,Agent,2,Medsize,1,0
YD80815,Arizona,9650.25,No,Basic,0,Bachelor,2,5/1/2024,Employed,1,F,69918,Married,1,14,62,1,1,Personal Auto,0,Personal L3,2,4,Call Center,3,Medsize,1,0
BQ94892,Oregon,4361.28,Yes,Extended,1,College,1,5/1/2024,Employed,1,M,84879,Divorced,2,0,55,0,1,Personal Auto,0,Personal L2,1,2,Call Center,3,Medsize,1,0
WY80801,California,26133.03,No,Premium,2,High School or Below,0,5/1/2024,Employed,1,F,34507,Married,1,4,34,0,2,Corporate Auto,1,Corporate L1,3,2,Agent,2,Medsize,1,1
RY27018,Washington,9759.14,No,Extended,1,High School or Below,0,5/1/2024,Employed,1,M,71839,Married,1,28,103,0,3,Personal Auto,0,Personal L3,2,4,Call Center,3,Large,2,0
SN27401,Washington,9882.1,No,Premium,2,High School or Below,0,5/1/2024,Unemployed,0,M,0,Single,0,41,39,1,3,Personal Auto,0,Personal L2,1,2,Agent,2,Medsize,1,1
LY83340,Oregon,10599.64,No,Basic,0,High School or Below,0,5/1/2024,Employed,1,F,66073,Married,1,23,68,0,2,Corporate Auto,1,Corporate L3,5,1,Web,0,Medsize,1,0
RY26286,California,6842.38,No,Basic,0,College,1,5/1/2024,Employed,1,M,109142,Single,0,12,43,0,9,Corporate Auto,1,Corporate L2,4,2,Agent,2,Medsize,1,0
GQ11852,Oregon,17963.35,No,Premium,2,College,1,5/1/2024,Employed,1,F,52673,Married,1,14,5,2,3,Personal Auto,0,Personal L3,2,1,Call Center,3,Medsize,1,0
CY18875,Oregon,11326.66,No,Extended,1,High School or Below,0,5/1/2024,Unemployed,0,F,0,Single,0,30,4,0,2,Personal Auto,0,Personal L3,2,1,Web,0,Small,0,0
SM52948,Nevada,11755.29,No,Basic,0,Bachelor,2,5/1/2024,Employed,1,F,77094,Married,1,36,113,3,7,Personal Auto,0,Personal L2,1,2,Branch,1,Small,0,0
MA15172,California,13742.62,Yes,Premium,2,Bachelor,2,5/1/2024,Retired,3,F,19292,Married,1,27,54,0,1,Personal Auto,0,Personal L2,1,1,Agent,2,Medsize,1,1
TK67721,Oregon,3070.8,No,Basic,0,High School or Below,0,5/1/2024,Unemployed,0,F,0,Single,0,16,34,0,1,Corporate Auto,1,Corporate L2,4,4,Call Center,3,Medsize,1,0
NV35796,Oregon,20468.79,No,Extended,1,Master,3,5/1/2024,Employed,1,F,96344,Divorced,2,31,76,0,2,Personal Auto,0,Personal L2,1,2,Call Center,3,Small,0,0
XT34986,Oregon,22647.34,No,Extended,1,Bachelor,2,5/1/2024,Employed,1,M,120191,Married,1,42,84,0,2,Personal Auto,0,Personal L3,2,3,Agent,2,Medsize,1,0
YP53257,Oregon,13742.62,Yes,Premium,2,Bachelor,2,5/1/2024,Retired,3,F,19292,Married,1,27,54,0,1,Personal Auto,0,Personal L3,2,1,Agent,2,Medsize,1,1
DO70918,Nevada,6174.9,No,Extended,1,High School or Below,0,5/1/2024,Unemployed,0,F,0,Single,0,30,72,0,1,Special Auto,2,Special L2,7,1,Agent,2,Small,0,1
IK74329,Arizona,24383.59,No,Basic,0,High School or Below,0,5/1/2024,Medical Leave,2,F,17771,Single,0,0,61,0,2,Personal Auto,0,Personal L3,2,1,Agent,2,Medsize,1,0
HH69970,California,8480.81,No,Extended,1,Bachelor,2,5/1/2024,Employed,1,F,43620,Married,1,14,31,0,3,Corporate Auto,1,Corporate L3,5,1,Agent,2,Large,2,0
ZR79373,Arizona,13742.62,Yes,Premium,2,Bachelor,2,5/1/2024,Retired,3,F,19292,Married,1,27,54,0,1,Personal Auto,0,Personal L3,2,1,Agent,2,Medsize,1,1
VB23257,Oregon,6281,No,Basic,0,Bachelor,2,5/1/2024,Employed,1,M,64247,Single,0,19,34,0,1,Special Auto,2,Special L3,8,1,Branch,1,Medsize,1,0
GU56606,Nevada,8037.03,No,Extended,1,Bachelor,2,5/1/2024,Employed,1,M,27382,Divorced,2,9,23,0,3,Personal Auto,0,Personal L1,0,2,Branch,1,Medsize,1,0
GB92679,Nevada,11369.05,No,Premium,2,High School or Below,0,5/1/2024,Employed,1,F,128438,Married,1,34,36,0,6,Personal Auto,0,Personal L1,0,1,Agent,2,Medsize,1,0
QX22025,California,16401.07,No,Basic,0,High School or Below,0,5/1/2024,Employed,1,F,49984,Married,1,20,49,0,2,Corporate Auto,1,Corporate L1,3,3,Branch,1,Medsize,1,0
BN77676,California,6528.02,No,Basic,0,High School or Below,0,5/1/2024,Unemployed,0,M,0,Single,0,15,96,0,6,Personal Auto,0,Personal L2,1,3,Agent,2,Medsize,1,0
VM77872,California,10375.63,No,Premium,2,High School or Below,0,5/1/2024,Unemployed,0,M,0,Single,0,30,128,0,3,Corporate Auto,1,Corporate L3,5,3,Branch,1,Large,2,1
AK59340,California,7561.54,No,Basic,0,High School or Below,0,5/1/2024,Employed,1,M,57186,Single,0,39,84,0,8,Corporate Auto,1,Corporate L3,5,1,Branch,1,Medsize,1,0
FP27229,California,4569.03,No,Extended,1,College,1,5/1/2024,Employed,1,F,73714,Single,0,39,92,0,1,Corporate Auto,1,Corporate L3,5,1,Agent,2,Medsize,1,0
QV14053,California,3655.83,No,Basic,0,High School or Below,0,5/1/2024,Employed,1,M,72639,Divorced,2,34,93,0,1,Personal Auto,0,Personal L3,2,4,Web,0,Medsize,1,0
BM92346,California,5291.15,Yes,Extended,1,High School or Below,0,5/1/2024,Employed,1,F,90013,Married,1,0,54,0,1,Personal Auto,0,Personal L1,0,3,Agent,2,Small,0,0
HM55802,California,3229.35,No,Basic,0,Bachelor,2,5/2/2024,Disabled,4,F,24125,Married,1,41,123,0,1,Corporate Auto,1,Corporate L2,4,2,Branch,1,Medsize,1,0
SY17488,Arizona,9671.93,No,Extended,1,College,1,5/2/2024,Employed,1,F,62941,Divorced,2,1,72,0,3,Corporate Auto,1,Corporate L3,5,3,Call Center,3,Small,0,0
OO88645,California,4190.3,No,Extended,1,College,1,5/2/2024,Employed,1,F,100798,Married,1,14,122,2,1,Corporate Auto,1,Corporate L2,4,2,Call Center,3,Medsize,1,0
FY32213,California,7553.78,Yes,Basic,0,High School or Below,0,5/2/2024,Employed,1,F,100513,Single,0,34,39,0,3,Personal Auto,0,Personal L3,2,2,Call Center,3,Medsize,1,0
BK59444,California,25554.6,No,Basic,0,Master,3,5/2/2024,Employed,1,F,97465,Single,0,11,82,0,2,Personal Auto,0,Personal L2,1,2,Branch,1,Medsize,1,0
HI74419,Washington,10925.38,Yes,Basic,0,College,1,5/2/2024,Employed,1,M,68614,Married,1,4,62,0,3,Personal Auto,0,Personal L2,1,1,Agent,2,Medsize,1,0
FF58467,Arizona,6872.55,No,Basic,0,Master,3,5/2/2024,Employed,1,F,125574,Divorced,2,7,122,0,3,Personal Auto,0,Personal L3,2,3,Call Center,3,Medsize,1,0
MM71959,Arizona,11790.26,No,Basic,0,Bachelor,2,5/2/2024,Employed,1,M,112334,Divorced,2,0,34,0,3,Personal Auto,0,Personal L3,2,3,Branch,1,Large,2,0
RX13282,Oregon,16427.81,Yes,Basic,0,Bachelor,2,5/2/2024,Retired,3,M,20214,Divorced,2,3,101,0,2,Personal Auto,0,Personal L3,2,1,Branch,1,Medsize,1,1
ON77827,Arizona,3766.81,No,Basic,0,Master,3,5/2/2024,Medical Leave,2,F,31015,Married,1,0,11,0,1,Personal Auto,0,Personal L3,2,4,Call Center,3,Large,2,0
VA30351,Oregon,7553.78,Yes,Basic,0,High School or Below,0,5/2/2024,Employed,1,F,100513,Single,0,34,39,0,3,Personal Auto,0,Personal L2,1,2,Call Center,3,Medsize,1,0
VO38365,Washington,11962.55,No,Basic,0,College,1,5/2/2024,Employed,1,F,121669,Married,1,1,97,0,3,Corporate Auto,1,Corporate L3,5,3,Branch,1,Medsize,1,0
NR32615,California,7423.57,Yes,Basic,0,College,1,5/2/2024,Medical Leave,2,M,30402,Married,1,23,86,0,3,Corporate Auto,1,Corporate L2,4,1,Branch,1,Medsize,1,0
CS15289,Oregon,21786.86,No,Basic,0,Master,3,5/2/2024,Employed,1,F,106705,Married,1,19,65,0,3,Personal Auto,0,Personal L3,2,2,Branch,1,Small,0,0
UY45293,Oregon,5000.31,No,Extended,1,Bachelor,2,5/2/2024,Employed,1,M,29666,Divorced,2,38,85,0,1,Corporate Auto,1,Corporate L1,3,4,Agent,2,Large,2,0
OR48881,Oregon,8517.05,No,Extended,1,Doctor,4,5/2/2024,Employed,1,F,28847,Married,1,9,3,0,6,Corporate Auto,1,Corporate L3,5,2,Call Center,3,Medsize,1,0
PM13394,Washington,7167.74,No,Basic,0,College,1,5/2/2024,Medical Leave,2,F,30245,Married,1,0,84,1,4,Personal Auto,0,Personal L3,2,1,Agent,2,Medsize,1,0
HM20544,Washington,2937.25,No,Basic,0,College,1,5/2/2024,Unemployed,0,F,0,Single,0,42,20,0,1,Personal Auto,0,Personal L3,2,1,Web,0,Medsize,1,0
MX50302,Oregon,3536.11,Yes,Basic,0,Bachelor,2,5/2/2024,Employed,1,M,106134,Divorced,2,9,76,0,1,Special Auto,2,Special L3,8,1,Agent,2,Medsize,1,0
UX71137,Washington,11982.55,No,Premium,2,Doctor,4,5/2/2024,Employed,1,F,93427,Married,1,27,76,0,6,Personal Auto,0,Personal L3,2,2,Web,0,Medsize,1,0
TP15362,Oregon,4849.19,No,Extended,1,College,1,5/2/2024,Employed,1,M,37818,Divorced,2,22,18,0,1,Personal Auto,0,Personal L1,0,2,Branch,1,Medsize,1,0
LH92841,Washington,9795.54,No,Extended,1,Bachelor,2,5/2/2024,Employed,1,F,120003,Married,1,23,76,0,3,Personal Auto,0,Personal L2,1,1,Branch,1,Medsize,1,0
FB84235,Oregon,7423.57,Yes,Basic,0,College,1,5/2/2024,Medical Leave,2,M,30402,Married,1,23,86,0,3,Personal Auto,0,Personal L2,1,1,Branch,1,Medsize,1,0
QZ17137,Arizona,4496.41,No,Extended,1,High School or Below,0,5/2/2024,Employed,1,F,62024,Married,1,27,5,0,1,Personal Auto,0,Personal L2,1,3,Call Center,3,Medsize,1,0
FV42881,Oregon,3917.91,No,Basic,0,College,1,5/2/2024,Employed,1,F,129785,Married,1,23,46,2,1,Corporate Auto,1,Corporate L1,3,1,Call Center,3,Medsize,1,0
XJ85947,Oregon,4210.55,No,Extended,1,College,1,5/2/2024,Employed,1,F,119856,Divorced,2,8,51,0,1,Personal Auto,0,Personal L3,2,4,Web,0,Large,2,0
WH11924,Washington,6271.88,No,Basic,0,College,1,5/2/2024,Unemployed,0,M,0,Single,0,4,45,0,3,Personal Auto,0,Personal L2,1,4,Web,0,Large,2,0
KK64803,California,37048.69,No,Extended,1,High School or Below,0,5/2/2024,Employed,1,M,111132,Married,1,5,3,1,2,Personal Auto,0,Personal L2,1,2,Branch,1,Medsize,1,0
XG19917,Washington,4306.05,No,Extended,1,Bachelor,2,5/2/2024,Unemployed,0,F,0,Single,0,8,4,0,1,Personal Auto,0,Personal L2,1,2,Branch,1,Medsize,1,1
ST52914,Arizona,8157.93,No,Extended,1,College,1,5/2/2024,Employed,1,M,34964,Divorced,2,14,15,0,8,Personal Auto,0,Personal L3,2,4,Branch,1,Medsize,1,0
BY54111,Oregon,26161.53,No,Basic,0,High School or Below,0,5/2/2024,Disabled,4,M,28565,Married,1,47,19,0,2,Personal Auto,0,Personal L2,1,2,Branch,1,Medsize,1,0
ZL18631,Arizona,3428.99,No,Basic,0,College,1,5/2/2024,Employed,1,F,74100,Married,1,43,127,0,1,Personal Auto,0,Personal L2,1,2,Call Center,3,Medsize,1,0
MN53151,Oregon,37715.96,No,Basic,0,College,1,5/2/2024,Retired,3,M,18392,Divorced,2,5,15,0,2,Personal Auto,0,Personal L1,0,4,Agent,2,Medsize,1,0
RD61361,Arizona,8238.99,No,Extended,1,Bachelor,2,5/2/2024,Unemployed,0,F,0,Single,0,0,103,0,4,Personal Auto,0,Personal L3,2,1,Branch,1,Large,2,1
LI11560,California,7534.1,No,Basic,0,Bachelor,2,5/2/2024,Employed,1,F,78142,Married,1,5,0,0,9,Personal Auto,0,Personal L3,2,3,Agent,2,Small,0,0
YZ79232,Oregon,6447.85,No,Basic,0,Master,3,5/2/2024,Unemployed,0,M,0,Single,0,14,51,0,9,Personal Auto,0,Personal L3,2,2,Web,0,Medsize,1,0
DP33625,Arizona,10925.38,Yes,Basic,0,College,1,5/2/2024,Employed,1,M,68614,Married,1,4,62,0,3,Personal Auto,0,Personal L1,0,1,Agent,2,Medsize,1,0
WQ85760,California,5751.45,No,Basic,0,College,1,5/2/2024,Medical Leave,2,M,36438,Divorced,2,46,88,0,1,Corporate Auto,1,Corporate L3,5,3,Branch,1,Medsize,1,1
GA79817,Arizona,3198.3,No,Basic,0,Bachelor,2,5/2/2024,Unemployed,0,M,0,Single,0,11,123,0,1,Corporate Auto,1,Corporate L2,4,3,Call Center,3,Medsize,1,0
UM14883,California,22104.53,No,Basic,0,High School or Below,0,5/2/2024,Employed,1,M,86935,Married,1,3,62,0,2,Special Auto,2,Special L1,6,4,Agent,2,Medsize,1,0
UO40192,Nevada,7485.63,No,Basic,0,High School or Below,0,5/2/2024,Employed,1,M,107486,Married,1,4,46,3,6,Personal Auto,0,Personal L3,2,2,Web,0,Large,2,0
KV17007,California,7668.37,No,Basic,0,College,1,5/2/2024,Employed,1,M,111044,Married,1,39,80,0,5,Personal Auto,0,Personal L2,1,1,Branch,1,Medsize,1,0
VM21699,Oregon,5989.69,No,Basic,0,Bachelor,2,5/2/2024,Employed,1,F,104772,Married,1,35,101,0,1,Corporate Auto,1,Corporate L3,5,2,Branch,1,Medsize,1,0
ZS94723,Arizona,3996.04,No,Extended,1,High School or Below,0,5/2/2024,Unemployed,0,F,0,Single,0,0,38,0,1,Personal Auto,0,Personal L2,1,1,Agent,2,Medsize,1,0
WO89464,Oregon,3536.11,Yes,Basic,0,Bachelor,2,5/2/2024,Employed,1,M,106134,Divorced,2,9,76,0,1,Personal Auto,0,Personal L3,2,1,Agent,2,Medsize,1,0
WJ55369,Arizona,9944.23,No,Extended,1,High School or Below,0,5/2/2024,Employed,1,M,40838,Married,1,1,132,0,6,Personal Auto,0,Personal L3,2,1,Call Center,3,Medsize,1,0
XQ80738,Oregon,3908.54,No,Basic,0,High School or Below,0,5/2/2024,Employed,1,F,97219,Married,1,32,78,0,1,Personal Auto,0,Personal L1,0,2,Agent,2,Medsize,1,0
BC47264,California,10374.6,No,Extended,1,College,1,5/2/2024,Employed,1,F,83959,Single,0,41,38,0,5,Special Auto,2,Special L3,8,3,Agent,2,Medsize,1,0
BA92673,Oregon,9398.63,No,Basic,0,High School or Below,0,5/2/2024,Unemployed,0,F,0,Married,1,23,32,0,2,Personal Auto,0,Personal L2,1,2,Web,0,Large,2,0
ZJ65064,California,6644.37,No,Basic,0,College,1,5/2/2024,Unemployed,0,F,0,Single,0,38,39,0,8,Personal Auto,0,Personal L1,0,3,Call Center,3,Medsize,1,0
IN57582,California,8060.6,No,Extended,1,College,1,5/2/2024,Medical Leave,2,F,33919,Single,0,16,123,1,3,Corporate Auto,1,Corporate L3,5,1,Agent,2,Medsize,1,0
AZ31562,Arizona,7423.57,Yes,Basic,0,College,1,5/2/2024,Medical Leave,2,M,30402,Married,1,23,86,0,3,Personal Auto,0,Personal L3,2,1,Branch,1,Medsize,1,0
SL70555,California,11049.19,No,Basic,0,Bachelor,2,5/2/2024,Employed,1,M,93304,Divorced,2,12,92,0,4,Personal Auto,0,Personal L3,2,2,Agent,2,Medsize,1,0
DQ35195,Arizona,12522.17,No,Premium,2,Bachelor,2,5/2/2024,Employed,1,F,70867,Single,0,7,93,0,7,Corporate Auto,1,Corporate L3,5,2,Agent,2,Small,0,0
SS69401,Oregon,6535.43,No,Basic,0,College,1,5/2/2024,Employed,1,F,31656,Married,1,45,3,0,8,Corporate Auto,1,Corporate L3,5,2,Web,0,Medsize,1,0
NQ51389,Oregon,18296.25,No,Basic,0,High School or Below,0,5/2/2024,Unemployed,0,M,0,Single,0,26,4,2,2,Corporate Auto,1,Corporate L1,3,4,Agent,2,Medsize,1,0
XL58577,California,16427.81,Yes,Basic,0,Bachelor,2,5/2/2024,Retired,3,M,20214,Divorced,2,3,101,0,2,Personal Auto,0,Personal L2,1,1,Branch,1,Medsize,1,1
VK69632,California,3932.43,No,Basic,0,Bachelor,2,5/2/2024,Employed,1,F,93014,Single,0,8,81,0,1,Personal Auto,0,Personal L3,2,2,Branch,1,Medsize,1,0
DK41858,Arizona,7818.67,No,Basic,0,College,1,5/2/2024,Employed,1,F,108648,Married,1,8,74,0,7,Personal Auto,0,Personal L3,2,3,Agent,2,Medsize,1,0
VS86041,Arizona,3637.71,No,Basic,0,Bachelor,2,5/2/2024,Employed,1,F,36104,Married,1,22,82,0,1,Corporate Auto,1,Corporate L3,5,2,Agent,2,Large,2,0
TZ60132,Oregon,8197.07,No,Extended,1,High School or Below,0,5/2/2024,Retired,3,F,16471,Divorced,2,19,85,0,4,Corporate Auto,1,Corporate L3,5,1,Branch,1,Medsize,1,0
WL67313,California,13518.98,No,Extended,1,College,1,5/2/2024,Unemployed,0,F,0,Single,0,26,23,1,2,Personal Auto,0,Personal L3,2,1,Branch,1,Small,0,0
MD15300,California,13649.54,No,Extended,1,College,1,5/2/2024,Employed,1,M,102973,Single,0,32,26,0,2,Corporate Auto,1,Corporate L3,5,4,Web,0,Large,2,0
AM99192,Arizona,12233.63,No,Basic,0,College,1,5/2/2024,Employed,1,M,57703,Married,1,7,116,1,6,Personal Auto,0,Personal L3,2,1,Call Center,3,Medsize,1,0
ZU30804,California,7423.57,Yes,Basic,0,College,1,5/2/2024,Medical Leave,2,M,30402,Married,1,23,86,0,3,Personal Auto,0,Personal L3,2,1,Branch,1,Medsize,1,0
YL81070,Oregon,19434.93,No,Extended,1,High School or Below,0,5/2/2024,Unemployed,0,M,0,Single,0,19,85,0,4,Personal Auto,0,Personal L1,0,1,Call Center,3,Medsize,1,1
YP37291,Nevada,10603.94,No,Basic,0,High School or Below,0,5/2/2024,Employed,1,M,49152,Married,1,35,45,0,2,Personal Auto,0,Personal L3,2,1,Branch,1,Small,0,0
SK93727,Washington,12784.87,No,Premium,2,High School or Below,0,5/2/2024,Employed,1,F,48763,Married,1,9,123,0,4,Personal Auto,0,Personal L3,2,3,Call Center,3,Small,0,1
FI93397,Oregon,3748.03,No,Extended,1,Bachelor,2,5/2/2024,Unemployed,0,F,0,Single,0,38,127,0,1,Personal Auto,0,Personal L2,1,1,Branch,1,Medsize,1,0
WC52068,Oregon,10925.38,Yes,Basic,0,College,1,5/2/2024,Employed,1,M,68614,Married,1,4,62,0,3,Corporate Auto,1,Corporate L3,5,1,Agent,2,Medsize,1,0
MD70013,Nevada,5236.34,No,Extended,1,Bachelor,2,5/2/2024,Employed,1,F,114724,Married,1,8,130,0,1,Personal Auto,0,Personal L3,2,1,Agent,2,Small,0,0
LZ12396,Arizona,6473.77,No,Basic,0,Bachelor,2,5/2/2024,Employed,1,F,44642,Married,1,8,104,1,6,Personal Auto,0,Personal L1,0,1,Branch,1,Medsize,1,0
TV20901,California,12606.16,No,Premium,2,College,1,5/2/2024,Employed,1,F,103114,Married,1,31,45,0,4,Special Auto,2,Special L2,7,3,Branch,1,Small,0,0
TF68928,Arizona,8876.98,No,Extended,1,Bachelor,2,5/2/2024,Disabled,4,M,14198,Single,0,19,88,0,3,Personal Auto,0,Personal L1,0,1,Agent,2,Medsize,1,0
TS34391,Oregon,10925.38,Yes,Basic,0,College,1,5/2/2024,Employed,1,M,68614,Married,1,4,62,0,3,Personal Auto,0,Personal L2,1,1,Agent,2,Medsize,1,0
AQ25590,Washington,7351.25,No,Extended,1,High School or Below,0,5/2/2024,Medical Leave,2,F,27381,Divorced,2,26,11,3,6,Personal Auto,0,Personal L2,1,1,Agent,2,Medsize,1,0
CK36026,Arizona,4644.49,No,Extended,1,Bachelor,2,5/2/2024,Medical Leave,2,F,32225,Married,1,5,124,0,1,Personal Auto,0,Personal L3,2,2,Web,0,Medsize,1,0
OZ62735,Arizona,20908.04,No,Extended,1,Bachelor,2,5/2/2024,Employed,1,M,93367,Married,1,32,68,0,2,Personal Auto,0,Personal L3,2,1,Agent,2,Medsize,1,0
NU93648,Arizona,28044.93,No,Basic,0,Bachelor,2,5/2/2024,Unemployed,0,M,0,Married,1,28,54,0,2,Corporate Auto,1,Corporate L1,3,1,Call Center,3,Medsize,1,0
BV57364,Arizona,10925.38,Yes,Basic,0,College,1,5/2/2024,Employed,1,M,68614,Married,1,4,62,0,3,Personal Auto,0,Personal L2,1,1,Agent,2,Medsize,1,0
IM15816,Oregon,12695.35,No,Basic,0,High School or Below,0,5/2/2024,Employed,1,F,107244,Divorced,2,15,26,0,8,Personal Auto,0,Personal L3,2,4,Web,0,Medsize,1,0
EO87464,Oregon,10686.57,No,Extended,1,High School or Below,0,5/2/2024,Employed,1,M,42367,Married,1,32,97,0,6,Corporate Auto,1,Corporate L2,4,2,Agent,2,Medsize,1,0
VE47660,Oregon,12194.88,No,Basic,0,High School or Below,0,5/2/2024,Employed,1,F,40505,Married,1,16,57,0,5,Personal Auto,0,Personal L3,2,3,Web,0,Medsize,1,1
CW98743,California,3447.95,No,Basic,0,College,1,5/2/2024,Employed,1,F,30426,Married,1,8,90,0,1,Personal Auto,0,Personal L3,2,4,Agent,2,Medsize,1,0
HX53470,California,6360.99,No,Extended,1,College,1,5/2/2024,Unemployed,0,F,0,Single,0,20,99,0,1,Corporate Auto,1,Corporate L2,4,1,Branch,1,Medsize,1,1
AS48176,Oregon,16427.81,Yes,Basic,0,Bachelor,2,5/2/2024,Retired,3,M,20214,Divorced,2,3,101,0,2,Personal Auto,0,Personal L3,2,1,Branch,1,Medsize,1,1
YH94097,Washington,12926.73,No,Extended,1,College,1,5/2/2024,Unemployed,0,M,0,Married,1,18,15,0,6,Personal Auto,0,Personal L2,1,3,Agent,2,Medsize,1,0
JZ61928,California,7423.57,Yes,Basic,0,College,1,5/2/2024,Medical Leave,2,M,30402,Married,1,23,86,0,3,Corporate Auto,1,Corporate L3,5,1,Branch,1,Medsize,1,0
OG69038,Washington,8398.03,No,Basic,0,High School or Below,0,5/2/2024,Unemployed,0,F,0,Single,0,7,85,2,2,Corporate Auto,1,Corporate L2,4,1,Agent,2,Large,2,0
TO12347,California,7471.67,No,Basic,0,Bachelor,2,5/2/2024,Disabled,4,M,21736,Divorced,2,22,14,0,3,Personal Auto,0,Personal L2,1,3,Call Center,3,Small,0,0
DP50922,California,17096.39,No,Basic,0,High School or Below,0,5/2/2024,Employed,1,M,97347,Married,1,42,46,0,2,Personal Auto,0,Personal L3,2,2,Web,0,Medsize,1,0
SR47878,California,7553.78,Yes,Basic,0,High School or Below,0,5/2/2024,Employed,1,F,100513,Single,0,34,39,0,3,Personal Auto,0,Personal L3,2,2,Call Center,3,Medsize,1,0
LO28839,California,6376.66,No,Basic,0,Bachelor,2,5/2/2024,Employed,1,F,39411,Married,1,0,63,3,9,Corporate Auto,1,Corporate L3,5,3,Branch,1,Medsize,1,0
DA73502,Oregon,3536.11,Yes,Basic,0,Bachelor,2,5/2/2024,Employed,1,M,106134,Divorced,2,9,76,0,1,Personal Auto,0,Personal L3,2,1,Agent,2,Medsize,1,0
IW87075,Arizona,9828.41,No,Basic,0,Bachelor,2,5/2/2024,Employed,1,M,44046,Single,0,19,72,4,2,Personal Auto,0,Personal L3,2,1,Call Center,3,Medsize,1,0
PZ67684,Arizona,19593.91,No,Basic,0,College,1,5/2/2024,Employed,1,F,119817,Single,0,8,28,0,3,Personal Auto,0,Personal L2,1,1,Agent,2,Small,0,1
VW58299,California,16427.81,Yes,Basic,0,Bachelor,2,5/2/2024,Retired,3,M,20214,Divorced,2,3,101,0,2,Personal Auto,0,Personal L3,2,1,Branch,1,Medsize,1,1
TN71469,Oregon,5871.29,No,Basic,0,College,1,5/2/2024,Employed,1,F,122706,Single,0,45,0,0,1,Personal Auto,0,Personal L3,2,2,Web,0,Medsize,1,0
MZ79386,California,9349,No,Extended,1,Bachelor,2,5/2/2024,Employed,1,F,120006,Married,1,7,85,0,9,Personal Auto,0,Personal L3,2,2,Call Center,3,Small,0,0
AA56476,Arizona,7553.78,Yes,Basic,0,High School or Below,0,5/2/2024,Employed,1,F,100513,Single,0,34,39,0,3,Corporate Auto,1,Corporate L2,4,2,Call Center,3,Medsize,1,0
YN46118,Arizona,6698.13,No,Basic,0,High School or Below,0,5/2/2024,Employed,1,F,28284,Single,0,3,68,0,5,Personal Auto,0,Personal L1,0,2,Branch,1,Small,0,0
CB61335,California,9382.64,No,Extended,1,High School or Below,0,5/2/2024,Employed,1,F,29277,Married,1,14,92,0,8,Personal Auto,0,Personal L3,2,2,Agent,2,Medsize,1,0
HJ64867,Arizona,7958.39,No,Basic,0,College,1,5/2/2024,Employed,1,F,105775,Divorced,2,45,4,0,7,Personal Auto,0,Personal L2,1,4,Web,0,Medsize,1,0
XQ50187,Oregon,4536.6,No,Extended,1,Master,3,5/2/2024,Employed,1,M,101139,Single,0,18,100,0,1,Special Auto,2,Special L1,6,4,Branch,1,Medsize,1,0
WW74234,Arizona,5358.73,No,Basic,0,College,1,5/2/2024,Employed,1,F,66884,Single,0,4,39,0,1,Personal Auto,0,Personal L3,2,1,Agent,2,Medsize,1,0
FA15811,Nevada,12725.62,No,Extended,1,College,1,5/2/2024,Employed,1,F,52529,Married,1,4,105,0,2,Personal Auto,0,Personal L2,1,2,Branch,1,Medsize,1,0
QC27179,Oregon,7102.92,No,Basic,0,Bachelor,2,5/2/2024,Employed,1,M,51929,Single,0,24,7,0,8,Personal Auto,0,Personal L2,1,1,Agent,2,Medsize,1,0
HP40365,Oregon,7611.36,No,Basic,0,College,1,5/2/2024,Employed,1,F,95164,Divorced,2,39,111,0,7,Personal Auto,0,Personal L2,1,3,Web,0,Medsize,1,0
QC30094,Oregon,9320.33,No,Extended,1,High School or Below,0,5/2/2024,Medical Leave,2,F,21493,Married,1,12,16,1,4,Corporate Auto,1,Corporate L2,4,1,Call Center,3,Small,0,0
TP33286,Washington,16214.77,No,Premium,2,High School or Below,0,5/2/2024,Unemployed,0,M,0,Single,0,4,32,0,2,Corporate Auto,1,Corporate L2,4,2,Agent,2,Medsize,1,1
LE28486,Oregon,5395.64,No,Basic,0,College,1,5/2/2024,Employed,1,F,62384,Married,1,3,59,0,1,Personal Auto,0,Personal L3,2,1,Agent,2,Medsize,1,0
EI17022,Washington,16427.81,Yes,Basic,0,Bachelor,2,5/2/2024,Retired,3,M,20214,Divorced,2,3,101,0,2,Corporate Auto,1,Corporate L3,5,1,Branch,1,Medsize,1,1
IE97795,California,9285.31,No,Extended,1,High School or Below,0,5/2/2024,Employed,1,M,52677,Married,1,0,5,0,5,Corporate Auto,1,Corporate L1,3,3,Agent,2,Small,0,0
RV92809,California,7423.57,Yes,Basic,0,College,1,5/2/2024,Medical Leave,2,M,30402,Married,1,23,86,0,3,Personal Auto,0,Personal L2,1,1,Branch,1,Medsize,1,0
UE96503,California,7559.55,No,Basic,0,Doctor,4,5/2/2024,Unemployed,0,M,0,Married,1,1,81,0,5,Corporate Auto,1,Corporate L2,4,4,Web,0,Medsize,1,0
NY89701,California,8069.5,No,Extended,1,Bachelor,2,5/2/2024,Employed,1,F,34182,Married,1,14,95,1,8,Personal Auto,0,Personal L3,2,1,Agent,2,Large,2,0
CR83581,California,10411.28,No,Basic,0,College,1,5/2/2024,Disabled,4,M,37552,Married,1,5,122,5,3,Personal Auto,0,Personal L2,1,1,Agent,2,Small,0,0
OY95386,California,11365.07,No,Basic,0,Bachelor,2,5/2/2024,Unemployed,0,F,0,Married,1,28,84,0,9,Personal Auto,0,Personal L2,1,3,Branch,1,Medsize,1,0
CT53265,California,3586.74,No,Basic,0,College,1,5/2/2024,Medical Leave,2,F,25426,Married,1,27,120,0,1,Personal Auto,0,Personal L3,2,2,Agent,2,Medsize,1,0
UY32623,California,4850.72,No,Extended,1,College,1,5/2/2024,Disabled,4,F,24588,Divorced,2,16,58,1,1,Corporate Auto,1,Corporate L2,4,1,Branch,1,Large,2,0
TL44525,California,3536.11,Yes,Basic,0,Bachelor,2,5/2/2024,Employed,1,M,106134,Divorced,2,9,76,0,1,Corporate Auto,1,Corporate L1,3,1,Agent,2,Medsize,1,0
VQ65197,California,11066.22,No,Basic,0,College,1,6/1/2024,Unemployed,0,F,0,Married,1,36,117,0,3,Personal Auto,0,Personal L3,2,2,Agent,2,Medsize,1,0
OS94884,Arizona,10326.53,No,Basic,0,Bachelor,2,6/1/2024,Employed,1,F,71152,Married,1,19,11,1,2,Personal Auto,0,Personal L2,1,1,Web,0,Large,2,0
TH95618,California,28813.68,No,Basic,0,High School or Below,0,6/1/2024,Unemployed,0,F,0,Married,1,15,115,1,2,Personal Auto,0,Personal L2,1,1,Agent,2,Medsize,1,0
TE34064,California,2927.51,No,Basic,0,High School or Below,0,6/1/2024,Unemployed,0,M,0,Single,0,1,76,0,1,Personal Auto,0,Personal L3,2,2,Agent,2,Medsize,1,0
OM24164,Nevada,2969.48,No,Basic,0,Bachelor,2,6/1/2024,Unemployed,0,M,0,Single,0,7,26,1,1,Personal Auto,0,Personal L2,1,1,Agent,2,Medsize,1,0
KB72438,California,26776.17,No,Extended,1,High School or Below,0,6/1/2024,Employed,1,F,89085,Married,1,5,58,1,2,Personal Auto,0,Personal L3,2,3,Call Center,3,Medsize,1,0
EK87864,Arizona,3809.63,No,Basic,0,College,1,6/1/2024,Employed,1,F,52619,Married,1,36,30,0,1,Special Auto,2,Special L2,7,1,Agent,2,Medsize,1,0
AI85843,Arizona,9121.48,No,Extended,1,Master,3,6/1/2024,Employed,1,F,44939,Married,1,1,36,2,9,Personal Auto,0,Personal L3,2,1,Branch,1,Medsize,1,0
AW77988,Oregon,48398.31,No,Basic,0,High School or Below,0,6/1/2024,Disabled,4,M,23744,Single,0,32,124,0,2,Personal Auto,0,Personal L1,0,1,Web,0,Medsize,1,1
WK23685,Oregon,8959.76,No,Extended,1,Bachelor,2,6/1/2024,Employed,1,F,63820,Married,1,43,35,1,5,Corporate Auto,1,Corporate L2,4,1,Agent,2,Medsize,1,0
NG66579,Oregon,6830.48,No,Basic,0,Bachelor,2,6/1/2024,Employed,1,M,56523,Married,1,7,70,0,6,Personal Auto,0,Personal L3,2,2,Web,0,Medsize,1,0
PN18507,Arizona,18956.84,No,Premium,2,Bachelor,2,6/1/2024,Employed,1,M,119953,Single,0,8,68,0,2,Personal Auto,0,Personal L2,1,1,Branch,1,Medsize,1,0
TA34903,Oregon,7882.51,Yes,Basic,0,High School or Below,0,6/1/2024,Employed,1,M,109461,Married,1,7,115,0,4,Personal Auto,0,Personal L1,0,2,Agent,2,Large,2,0
MH40017,Arizona,6483.34,No,Basic,0,High School or Below,0,6/1/2024,Employed,1,M,40242,Married,1,18,23,0,9,Personal Auto,0,Personal L3,2,2,Call Center,3,Medsize,1,0
PN22481,Oregon,2991.48,No,Basic,0,College,1,6/1/2024,Unemployed,0,M,0,Single,0,28,90,0,1,Corporate Auto,1,Corporate L3,5,1,Agent,2,Medsize,1,0
QA41558,Oregon,7316.27,No,Basic,0,Master,3,6/1/2024,Employed,1,F,99274,Married,1,39,36,0,6,Personal Auto,0,Personal L1,0,2,Branch,1,Medsize,1,0
FS29897,Oregon,2895.64,No,Basic,0,High School or Below,0,6/1/2024,Unemployed,0,F,0,Single,0,46,47,1,1,Personal Auto,0,Personal L1,0,2,Agent,2,Medsize,1,0
UQ85283,California,41530.4,No,Basic,0,Bachelor,2,6/1/2024,Employed,1,M,55727,Single,0,1,41,0,2,Personal Auto,0,Personal L3,2,3,Agent,2,Medsize,1,0
AB21519,California,5213.01,Yes,Extended,1,College,1,6/1/2024,Employed,1,F,125917,Married,1,4,73,0,1,Personal Auto,0,Personal L3,2,2,Branch,1,Medsize,1,0
OK50159,Arizona,5812.82,No,Basic,0,Bachelor,2,6/1/2024,Employed,1,F,41946,Single,0,0,77,2,1,Personal Auto,0,Personal L2,1,2,Call Center,3,Small,0,0
UP97629,California,4667.16,No,Extended,1,College,1,6/1/2024,Unemployed,0,F,0,Married,1,18,120,0,1,Personal Auto,0,Personal L3,2,3,Web,0,Medsize,1,0
ZG84862,Nevada,5694.11,No,Basic,0,High School or Below,0,6/1/2024,Unemployed,0,M,0,Single,0,26,101,0,3,Personal Auto,0,Personal L3,2,1,Branch,1,Small,0,0
TW91179,Oregon,5213.01,Yes,Extended,1,College,1,6/1/2024,Employed,1,F,125917,Married,1,4,73,0,1,Corporate Auto,1,Corporate L3,5,2,Branch,1,Medsize,1,0
IY59173,Oregon,7047.93,No,Extended,1,Master,3,6/1/2024,Employed,1,F,92970,Married,1,26,123,0,1,Personal Auto,0,Personal L3,2,1,Call Center,3,Medsize,1,0
FG99706,Oregon,7454.08,No,Extended,1,College,1,6/1/2024,Unemployed,0,F,0,Single,0,27,120,0,9,Personal Auto,0,Personal L3,2,1,Agent,2,Medsize,1,0
GI89160,California,43111.74,No,Basic,0,Bachelor,2,6/1/2024,Employed,1,F,76297,Married,1,35,62,0,2,Personal Auto,0,Personal L3,2,2,Call Center,3,Medsize,1,1
PR21713,Nevada,7882.51,Yes,Basic,0,High School or Below,0,6/1/2024,Employed,1,M,109461,Married,1,7,115,0,4,Personal Auto,0,Personal L3,2,2,Agent,2,Large,2,0
KB15252,Arizona,11757.58,No,Extended,1,College,1,6/1/2024,Unemployed,0,F,0,Married,1,39,28,0,2,Personal Auto,0,Personal L3,2,1,Agent,2,Medsize,1,0
KV57104,Oregon,10413.66,No,Basic,0,High School or Below,0,6/1/2024,Unemployed,0,F,0,Married,1,3,45,0,2,Personal Auto,0,Personal L2,1,2,Agent,2,Medsize,1,0
UF73578,California,7882.51,Yes,Basic,0,High School or Below,0,6/1/2024,Employed,1,M,109461,Married,1,7,115,0,4,Personal Auto,0,Personal L2,1,2,Agent,2,Large,2,0
UE52886,Arizona,38369.12,No,Extended,1,Bachelor,2,6/1/2024,Employed,1,M,57784,Divorced,2,28,76,0,2,Personal Auto,0,Personal L2,1,1,Call Center,3,Small,0,1
GK48045,Washington,11089.71,No,Basic,0,College,1,6/1/2024,Employed,1,F,98881,Married,1,45,65,0,2,Personal Auto,0,Personal L3,2,3,Branch,1,Medsize,1,0
IA91291,Arizona,10780.39,No,Basic,0,College,1,6/1/2024,Employed,1,F,133743,Married,1,9,38,0,2,Corporate Auto,1,Corporate L2,4,4,Branch,1,Medsize,1,0
TM79451,California,7245.57,No,Basic,0,College,1,6/1/2024,Employed,1,F,131952,Single,0,45,77,0,5,Personal Auto,0,Personal L1,0,1,Agent,2,Small,0,0
JK90180,Arizona,5859.12,No,Basic,0,College,1,6/1/2024,Unemployed,0,M,0,Single,0,30,53,0,6,Personal Auto,0,Personal L2,1,3,Branch,1,Medsize,1,0
JC37277,Oregon,9296.54,No,Extended,1,College,1,6/1/2024,Employed,1,M,46730,Married,1,8,99,0,7,Personal Auto,0,Personal L2,1,1,Agent,2,Medsize,1,0
MB32944,Nevada,3557.93,No,Basic,0,Master,3,6/1/2024,Employed,1,M,104423,Divorced,2,15,5,0,1,Personal Auto,0,Personal L1,0,4,Branch,1,Medsize,1,0
FR15942,Washington,4348.05,No,Extended,1,Bachelor,2,6/1/2024,Medical Leave,2,M,25782,Married,1,47,4,0,1,Personal Auto,0,Personal L2,1,2,Branch,1,Medsize,1,0
EN65835,Arizona,79317.74,No,Premium,2,Bachelor,2,6/1/2024,Employed,1,F,33701,Married,1,0,113,0,2,Personal Auto,0,Personal L2,1,2,Agent,2,Medsize,1,1
XA77673,Nevada,21919.24,No,Basic,0,College,1,6/1/2024,Unemployed,0,F,0,Single,0,32,73,2,2,Personal Auto,0,Personal L2,1,2,Branch,1,Medsize,1,0
JP44710,Nevada,5878.44,No,Extended,1,High School or Below,0,6/1/2024,Unemployed,0,M,0,Single,0,41,115,0,1,Personal Auto,0,Personal L3,2,1,Call Center,3,Medsize,1,1
UM53032,California,8241.38,No,Extended,1,College,1,6/1/2024,Employed,1,M,114510,Married,1,7,18,0,5,Corporate Auto,1,Corporate L3,5,1,Agent,2,Medsize,1,0
ZE71012,Nevada,35369.36,No,Basic,0,Bachelor,2,6/1/2024,Employed,1,M,27467,Married,1,18,77,0,2,Corporate Auto,1,Corporate L2,4,3,Agent,2,Medsize,1,0
PW69692,Oregon,5213.01,Yes,Extended,1,College,1,6/1/2024,Employed,1,F,125917,Married,1,4,73,0,1,Personal Auto,0,Personal L2,1,2,Branch,1,Medsize,1,0
IP81759,Nevada,12645.2,No,Extended,1,High School or Below,0,6/1/2024,Employed,1,M,81828,Single,0,4,70,0,1,Personal Auto,0,Personal L1,0,4,Call Center,3,Small,0,1
HF44881,Arizona,6132.25,No,Basic,0,High School or Below,0,6/1/2024,Employed,1,M,40331,Single,0,12,49,1,1,Corporate Auto,1,Corporate L2,4,1,Web,0,Medsize,1,0
VJ83206,California,11292.15,No,Basic,0,College,1,6/1/2024,Employed,1,M,97358,Married,1,1,132,0,2,Personal Auto,0,Personal L2,1,4,Branch,1,Medsize,1,0
EX13440,Oregon,39946.42,No,Basic,0,High School or Below,0,6/1/2024,Unemployed,0,M,0,Single,0,39,100,0,2,Corporate Auto,1,Corporate L1,3,3,Branch,1,Medsize,1,1
HW40931,Oregon,14627.07,No,Extended,1,College,1,6/1/2024,Employed,1,F,46726,Married,1,11,104,1,2,Special Auto,2,Special L1,6,4,Web,0,Small,0,0
PV39600,California,11362.96,No,Premium,2,Bachelor,2,6/1/2024,Employed,1,M,32785,Divorced,2,8,14,0,7,Personal Auto,0,Personal L3,2,4,Agent,2,Small,0,1
PD32943,Oregon,6110.27,No,Basic,0,Bachelor,2,6/1/2024,Unemployed,0,M,0,Married,1,43,120,1,3,Personal Auto,0,Personal L3,2,2,Branch,1,Small,0,0
QF17381,Arizona,6390.23,No,Basic,0,Bachelor,2,6/1/2024,Unemployed,0,F,0,Married,1,7,55,0,3,Corporate Auto,1,Corporate L3,5,1,Agent,2,Small,0,1
PA28328,California,5213.01,Yes,Extended,1,College,1,6/1/2024,Employed,1,F,125917,Married,1,4,73,0,1,Corporate Auto,1,Corporate L3,5,2,Branch,1,Medsize,1,0
EZ85603,Arizona,15703.04,No,Premium,2,College,1,6/1/2024,Unemployed,0,F,0,Married,1,11,127,0,7,Personal Auto,0,Personal L3,2,1,Branch,1,Medsize,1,1
YO49328,Arizona,16600.27,No,Basic,0,High School or Below,0,6/1/2024,Employed,1,M,74511,Married,1,11,30,1,2,Personal Auto,0,Personal L2,1,3,Branch,1,Medsize,1,0
PL14941,Nevada,12303.49,No,Premium,2,High School or Below,0,6/1/2024,Employed,1,F,103545,Married,1,18,81,0,5,Personal Auto,0,Personal L2,1,2,Branch,1,Small,0,0
OI68331,California,7029.72,No,Basic,0,Doctor,4,6/1/2024,Employed,1,F,29128,Married,1,36,22,0,3,Personal Auto,0,Personal L3,2,4,Web,0,Medsize,1,0
ZM31116,Arizona,10731.53,No,Extended,1,Doctor,4,6/1/2024,Employed,1,M,85979,Married,1,38,126,0,6,Personal Auto,0,Personal L2,1,2,Branch,1,Medsize,1,0
BX20846,Oregon,5213.01,Yes,Extended,1,College,1,6/1/2024,Employed,1,F,125917,Married,1,4,73,0,1,Personal Auto,0,Personal L3,2,2,Branch,1,Medsize,1,0
CO71312,Arizona,15484,No,Premium,2,High School or Below,0,6/1/2024,Disabled,4,F,14018,Married,1,7,97,0,5,Personal Auto,0,Personal L2,1,1,Agent,2,Medsize,1,1
IZ79227,Arizona,4016.6,No,Extended,1,Bachelor,2,6/1/2024,Employed,1,M,49340,Married,1,14,128,0,1,Personal Auto,0,Personal L1,0,2,Agent,2,Small,0,0
PP20957,Nevada,10529.24,No,Basic,0,Bachelor,2,6/1/2024,Unemployed,0,F,0,Married,1,45,9,0,3,Personal Auto,0,Personal L3,2,1,Web,0,Medsize,1,0
CH78309,Oregon,3923.5,No,Basic,0,College,1,6/1/2024,Employed,1,M,97485,Married,1,16,1,0,1,Personal Auto,0,Personal L3,2,2,Web,0,Medsize,1,0
EM89554,Oregon,11633.69,No,Basic,0,Bachelor,2,6/1/2024,Employed,1,F,64923,Married,1,41,89,0,9,Personal Auto,0,Personal L1,0,1,Branch,1,Medsize,1,0
GQ17441,Nevada,4929.78,No,Basic,0,High School or Below,0,6/1/2024,Unemployed,0,M,0,Single,0,9,95,0,1,Personal Auto,0,Personal L2,1,2,Agent,2,Large,2,1
KX53892,Oregon,7100.25,No,Basic,0,College,1,6/1/2024,Employed,1,F,82547,Married,1,9,92,0,6,Personal Auto,0,Personal L3,2,2,Branch,1,Medsize,1,0
SC81807,California,5528.52,No,Basic,0,College,1,6/1/2024,Employed,1,F,43443,Married,1,4,38,0,1,Special Auto,2,Special L2,7,3,Call Center,3,Small,0,0
ER10834,Nevada,3610,No,Basic,0,Master,3,6/1/2024,Employed,1,F,92862,Married,1,9,86,0,1,Personal Auto,0,Personal L3,2,4,Call Center,3,Medsize,1,0
HC25359,Oregon,12210.9,No,Premium,2,Master,3,6/1/2024,Employed,1,F,70972,Divorced,2,41,30,0,3,Personal Auto,0,Personal L2,1,1,Agent,2,Medsize,1,0
CE17166,California,10254.79,No,Extended,1,College,1,6/1/2024,Employed,1,M,75904,Divorced,2,14,128,0,3,Personal Auto,0,Personal L2,1,1,Agent,2,Small,0,0
PK37320,Oregon,3548.69,No,Basic,0,Master,3,6/1/2024,Employed,1,F,113181,Married,1,1,100,0,1,Personal Auto,0,Personal L1,0,3,Call Center,3,Medsize,1,0
LW43630,California,12998.75,No,Extended,1,Bachelor,2,6/1/2024,Employed,1,F,96213,Married,1,38,115,0,2,Personal Auto,0,Personal L2,1,1,Branch,1,Medsize,1,0
TU82820,California,6041.47,No,Basic,0,Master,3,6/1/2024,Employed,1,M,98576,Divorced,2,28,54,0,1,Corporate Auto,1,Corporate L3,5,1,Agent,2,Large,2,0
TU25694,Oregon,3319.31,No,Basic,0,High School or Below,0,6/1/2024,Unemployed,0,M,0,Single,0,27,59,0,1,Personal Auto,0,Personal L3,2,1,Call Center,3,Medsize,1,0
SD42668,Washington,7149.09,No,Basic,0,Bachelor,2,6/1/2024,Unemployed,0,M,0,Single,0,26,96,0,3,Personal Auto,0,Personal L1,0,3,Agent,2,Medsize,1,0
RX96438,Washington,3120.14,No,Basic,0,High School or Below,0,6/1/2024,Disabled,4,F,32940,Single,0,18,34,0,1,Corporate Auto,1,Corporate L3,5,3,Agent,2,Medsize,1,0
NT79981,Nevada,4868.07,No,Extended,1,High School or Below,0,6/1/2024,Disabled,4,F,17819,Divorced,2,31,30,0,1,Personal Auto,0,Personal L3,2,2,Agent,2,Medsize,1,0
QP32003,Arizona,13477.22,No,Extended,1,College,1,6/1/2024,Unemployed,0,F,0,Single,0,26,107,0,2,Personal Auto,0,Personal L1,0,3,Call Center,3,Medsize,1,0
IU14618,Oregon,7882.51,Yes,Basic,0,High School or Below,0,6/1/2024,Employed,1,M,109461,Married,1,7,115,0,4,Personal Auto,0,Personal L3,2,2,Agent,2,Large,2,0
OF20965,Nevada,9833.89,No,Extended,1,Bachelor,2,6/1/2024,Employed,1,F,91503,Divorced,2,0,97,0,3,Personal Auto,0,Personal L2,1,3,Call Center,3,Small,0,0
XJ40322,California,7147.28,No,Basic,0,High School or Below,0,6/1/2024,Employed,1,F,83277,Single,0,18,23,0,3,Personal Auto,0,Personal L2,1,4,Web,0,Medsize,1,0
XL90594,California,10238.89,No,Extended,1,College,1,6/1/2024,Employed,1,F,118089,Divorced,2,38,9,0,8,Personal Auto,0,Personal L3,2,2,Web,0,Medsize,1,0
LC27380,Oregon,7723.21,No,Basic,0,High School or Below,0,6/1/2024,Employed,1,F,43502,Married,1,36,28,0,3,Personal Auto,0,Personal L2,1,1,Branch,1,Medsize,1,0
ZK52226,California,3374.21,No,Basic,0,High School or Below,0,6/1/2024,Unemployed,0,F,0,Single,0,20,63,0,1,Corporate Auto,1,Corporate L3,5,2,Branch,1,Large,2,0
EI32190,Arizona,9343.35,No,Extended,1,Doctor,4,6/1/2024,Employed,1,M,91171,Married,1,3,74,2,5,Personal Auto,0,Personal L1,0,1,Agent,2,Small,0,0
WS56675,Oregon,5806.22,No,Premium,2,High School or Below,0,6/1/2024,Employed,1,F,119597,Married,1,0,77,0,1,Personal Auto,0,Personal L2,1,3,Branch,1,Medsize,1,0
SS90882,Oregon,10369.01,No,Basic,0,College,1,6/1/2024,Employed,1,F,90173,Married,1,19,96,0,2,Personal Auto,0,Personal L3,2,3,Web,0,Medsize,1,0
AP46166,California,6703.41,No,Basic,0,High School or Below,0,6/1/2024,Unemployed,0,F,0,Single,0,5,96,1,8,Personal Auto,0,Personal L3,2,3,Call Center,3,Small,0,0
XB61209,Arizona,4737.05,No,Extended,1,College,1,6/1/2024,Unemployed,0,F,0,Single,0,26,24,0,1,Personal Auto,0,Personal L3,2,1,Agent,2,Small,0,0
PJ92694,California,6429.5,No,Basic,0,High School or Below,0,6/1/2024,Employed,1,M,77132,Divorced,2,34,63,0,8,Corporate Auto,1,Corporate L3,5,2,Branch,1,Medsize,1,0
GE26813,Arizona,6590.8,No,Basic,0,High School or Below,0,6/1/2024,Unemployed,0,M,0,Divorced,2,24,89,0,6,Personal Auto,0,Personal L3,2,1,Call Center,3,Small,0,0
ZY49833,California,8050.28,No,Basic,0,Bachelor,2,6/1/2024,Employed,1,F,117477,Married,1,8,113,0,8,Personal Auto,0,Personal L2,1,2,Web,0,Small,0,0
LX15904,Washington,3719.55,No,Basic,0,High School or Below,0,6/1/2024,Employed,1,F,53181,Married,1,32,76,1,1,Special Auto,2,Special L2,7,2,Agent,2,Medsize,1,0
WP60679,Oregon,12069.78,No,Basic,0,Bachelor,2,6/1/2024,Employed,1,M,128724,Married,1,42,100,0,5,Personal Auto,0,Personal L1,0,1,Web,0,Medsize,1,0
EI85578,California,5180.78,No,Basic,0,Bachelor,2,6/1/2024,Unemployed,0,F,0,Married,1,20,41,0,1,Personal Auto,0,Personal L3,2,3,Agent,2,Medsize,1,0
WM87004,Oregon,14304.34,No,Basic,0,Bachelor,2,6/1/2024,Unemployed,0,M,0,Divorced,2,30,27,0,2,Personal Auto,0,Personal L3,2,1,Branch,1,Small,0,0
AF69537,Arizona,9895.2,No,Premium,2,College,1,6/1/2024,Employed,1,M,80501,Married,1,12,90,0,1,Personal Auto,0,Personal L3,2,1,Agent,2,Medsize,1,1
SY29553,Oregon,3490.35,No,Basic,0,High School or Below,0,6/1/2024,Unemployed,0,F,0,Married,1,19,49,2,1,Personal Auto,0,Personal L3,2,2,Agent,2,Medsize,1,0
DA20791,California,5096.06,No,Extended,1,College,1,6/1/2024,Employed,1,M,89717,Married,1,3,103,0,1,Personal Auto,0,Personal L3,2,2,Branch,1,Medsize,1,0
JG94795,Oregon,5642.31,No,Premium,2,Master,3,6/1/2024,Employed,1,F,81014,Married,1,5,116,0,1,Special Auto,2,Special L1,6,2,Agent,2,Medsize,1,0
RT60959,Oregon,19690.26,No,Basic,0,High School or Below,0,6/1/2024,Unemployed,0,F,0,Married,1,35,14,0,5,Corporate Auto,1,Corporate L3,5,1,Agent,2,Medsize,1,1
WP64059,California,6876.06,No,Basic,0,Bachelor,2,6/1/2024,Employed,1,F,123949,Married,1,41,134,0,3,Personal Auto,0,Personal L1,0,3,Call Center,3,Medsize,1,0
QH87479,Oregon,37163.22,No,Extended,1,High School or Below,0,6/1/2024,Employed,1,F,73691,Married,1,1,123,0,2,Personal Auto,0,Personal L2,1,3,Branch,1,Large,2,0
CD26907,California,42141.18,No,Basic,0,Bachelor,2,6/1/2024,Unemployed,0,M,0,Single,0,12,16,0,2,Personal Auto,0,Personal L3,2,2,Web,0,Medsize,1,1
KA62728,California,11996.92,No,Premium,2,High School or Below,0,6/1/2024,Employed,1,M,117577,Single,0,27,23,1,5,Personal Auto,0,Personal L2,1,3,Agent,2,Medsize,1,0
SJ24275,Nevada,6484.37,No,Basic,0,College,1,6/1/2024,Employed,1,F,50373,Single,0,46,53,0,6,Personal Auto,0,Personal L2,1,3,Branch,1,Medsize,1,0
AY30324,Oregon,8355.75,No,Extended,1,Bachelor,2,6/1/2024,Employed,1,F,133750,Married,1,5,54,1,9,Special Auto,2,Special L2,7,4,Call Center,3,Medsize,1,0
ON74557,California,19779.68,No,Extended,1,Bachelor,2,6/1/2024,Employed,1,M,101135,Married,1,18,23,0,2,Personal Auto,0,Personal L2,1,3,Branch,1,Medsize,1,0
MF30956,California,12076.68,No,Basic,0,College,1,6/1/2024,Employed,1,M,113077,Married,1,22,95,0,8,Corporate Auto,1,Corporate L2,4,1,Web,0,Medsize,1,0
JO60130,California,7882.51,Yes,Basic,0,High School or Below,0,6/1/2024,Employed,1,M,109461,Married,1,7,115,0,4,Personal Auto,0,Personal L2,1,2,Agent,2,Large,2,0
BS53322,California,19165.9,No,Basic,0,High School or Below,0,6/1/2024,Employed,1,F,104946,Married,1,24,63,0,2,Personal Auto,0,Personal L3,2,2,Call Center,3,Small,0,0
TM68292,California,6162.09,No,Basic,0,Master,3,6/1/2024,Medical Leave,2,F,17045,Single,0,42,20,4,3,Personal Auto,0,Personal L2,1,4,Branch,1,Small,0,0
KM22467,California,7359.93,No,Basic,0,Bachelor,2,6/1/2024,Employed,1,M,75462,Married,1,47,117,0,6,Personal Auto,0,Personal L3,2,1,Agent,2,Medsize,1,0
JB32090,California,4110.83,No,Extended,1,High School or Below,0,6/1/2024,Employed,1,F,72145,Married,1,15,105,0,1,Personal Auto,0,Personal L3,2,4,Agent,2,Medsize,1,0
MD32702,California,4823.94,No,Basic,0,Bachelor,2,6/1/2024,Unemployed,0,F,0,Single,0,34,28,1,1,Personal Auto,0,Personal L3,2,1,Call Center,3,Medsize,1,0
NH99355,California,6256.89,No,Basic,0,High School or Below,0,6/1/2024,Unemployed,0,M,0,Married,1,39,80,0,3,Personal Auto,0,Personal L2,1,3,Call Center,3,Medsize,1,0
CC92362,California,12064.1,No,Premium,2,Bachelor,2,6/1/2024,Disabled,4,M,24490,Married,1,3,117,0,3,Personal Auto,0,Personal L3,2,2,Call Center,3,Small,0,0
IX32007,California,3867.51,No,Basic,0,Bachelor,2,6/1/2024,Unemployed,0,M,0,Single,0,3,11,4,1,Personal Auto,0,Personal L2,1,3,Call Center,3,Small,0,1
UV44323,California,6619.23,No,Extended,1,College,1,6/1/2024,Unemployed,0,F,0,Married,1,15,128,0,1,Personal Auto,0,Personal L2,1,2,Branch,1,Large,2,0
RX14132,California,9757.81,No,Basic,0,High School or Below,0,6/1/2024,Employed,1,M,35000,Married,1,38,92,0,2,Personal Auto,0,Personal L1,0,4,Agent,2,Small,0,0
DP39365,California,11878.38,No,Premium,2,Master,3,6/2/2024,Employed,1,M,103985,Married,1,12,111,2,3,Corporate Auto,1,Corporate L1,3,2,Agent,2,Medsize,1,0
DM79012,Oregon,9964.32,No,Extended,1,Master,3,6/2/2024,Employed,1,F,88703,Married,1,26,116,0,8,Personal Auto,0,Personal L3,2,2,Web,0,Small,0,0
LN31673,Washington,15279.42,No,Extended,1,College,1,6/2/2024,Employed,1,M,52546,Married,1,8,112,2,2,Personal Auto,0,Personal L3,2,1,Agent,2,Medsize,1,0
NR15332,California,3484.5,No,Basic,0,High School or Below,0,6/2/2024,Employed,1,M,40172,Married,1,18,74,0,1,Personal Auto,0,Personal L2,1,2,Web,0,Small,0,0
RI24911,Arizona,10135.06,Yes,Basic,0,College,1,6/2/2024,Employed,1,M,82242,Single,0,14,82,0,2,Personal Auto,0,Personal L3,2,2,Agent,2,Medsize,1,0
EM66435,Oregon,3541.48,No,Basic,0,Bachelor,2,6/2/2024,Employed,1,F,108284,Divorced,2,41,38,0,1,Corporate Auto,1,Corporate L3,5,1,Agent,2,Medsize,1,0
WU60905,California,11624.4,No,Basic,0,High School or Below,0,6/2/2024,Unemployed,0,F,0,Married,1,36,49,0,9,Corporate Auto,1,Corporate L1,3,3,Web,0,Medsize,1,0
GN45013,Oregon,7270.9,No,Basic,0,High School or Below,0,6/2/2024,Medical Leave,2,M,40046,Married,1,1,93,0,3,Personal Auto,0,Personal L1,0,1,Agent,2,Medsize,1,0
ZR25747,Oregon,11174.96,No,Premium,2,College,1,6/2/2024,Employed,1,F,61097,Married,1,45,122,0,4,Corporate Auto,1,Corporate L1,3,3,Call Center,3,Medsize,1,0
LL62746,Oregon,12110.37,No,Basic,0,Doctor,4,6/2/2024,Medical Leave,2,M,17319,Married,1,45,1,0,9,Personal Auto,0,Personal L1,0,2,Call Center,3,Medsize,1,0
AW73065,Oregon,3769.07,No,Basic,0,High School or Below,0,6/2/2024,Unemployed,0,F,0,Single,0,47,80,0,1,Personal Auto,0,Personal L1,0,1,Agent,2,Small,0,0
SH55671,Arizona,15408.15,No,Premium,2,College,1,6/2/2024,Unemployed,0,F,0,Married,1,4,96,1,9,Personal Auto,0,Personal L3,2,1,Branch,1,Small,0,1
TN50051,California,3992.98,No,Basic,0,Doctor,4,6/2/2024,Employed,1,F,112479,Divorced,2,28,57,0,1,Personal Auto,0,Personal L1,0,3,Web,0,Medsize,1,0
KM33477,Oregon,11543.02,No,Basic,0,College,1,6/2/2024,Employed,1,M,29340,Single,0,23,50,0,2,Corporate Auto,1,Corporate L2,4,2,Web,0,Medsize,1,0
ZO83562,Nevada,3212.65,No,Basic,0,Bachelor,2,6/2/2024,Unemployed,0,F,0,Single,0,22,122,0,1,Personal Auto,0,Personal L3,2,3,Agent,2,Medsize,1,0
CB58476,Oregon,6980.6,No,Basic,0,College,1,6/2/2024,Unemployed,0,F,0,Single,0,7,27,0,5,Corporate Auto,1,Corporate L2,4,1,Call Center,3,Small,0,1
FS76657,Oregon,7386.98,No,Basic,0,College,1,6/2/2024,Employed,1,F,72260,Married,1,36,93,0,4,Personal Auto,0,Personal L3,2,1,Agent,2,Medsize,1,0
KJ87930,California,5246.78,No,Basic,0,Bachelor,2,6/2/2024,Unemployed,0,F,0,Single,0,18,80,0,1,Corporate Auto,1,Corporate L2,4,1,Agent,2,Medsize,1,1
VB87946,California,6709.98,No,Basic,0,College,1,6/2/2024,Employed,1,M,67114,Married,1,39,86,3,4,Personal Auto,0,Personal L3,2,3,Branch,1,Medsize,1,0
CX99919,Nevada,5576.35,No,Basic,0,College,1,6/2/2024,Retired,3,F,38233,Single,0,46,43,0,1,Corporate Auto,1,Corporate L3,5,3,Branch,1,Medsize,1,0
VH62084,California,18052.64,No,Basic,0,High School or Below,0,6/2/2024,Unemployed,0,M,0,Single,0,24,78,0,2,Personal Auto,0,Personal L3,2,1,Agent,2,Medsize,1,1
IA15979,Washington,9380.24,No,Extended,1,College,1,6/2/2024,Employed,1,M,54807,Single,0,47,132,0,5,Personal Auto,0,Personal L3,2,1,Agent,2,Medsize,1,0
UN39066,Washington,5925.53,No,Basic,0,Bachelor,2,6/2/2024,Employed,1,M,36013,Married,1,9,130,0,1,Personal Auto,0,Personal L3,2,2,Agent,2,Large,2,0
XE18554,California,14089.38,No,Extended,1,Bachelor,2,6/2/2024,Medical Leave,2,F,32639,Married,1,5,50,1,2,Personal Auto,0,Personal L2,1,1,Agent,2,Medsize,1,0
CE94751,California,6167.91,No,Basic,0,College,1,6/2/2024,Unemployed,0,M,0,Single,0,7,45,1,7,Personal Auto,0,Personal L3,2,1,Branch,1,Medsize,1,0
DM76654,California,62926.03,No,Extended,1,College,1,6/2/2024,Employed,1,M,29730,Single,0,47,1,0,2,Personal Auto,0,Personal L2,1,2,Branch,1,Large,2,1
VO25602,Nevada,10274.63,No,Extended,1,College,1,6/2/2024,Employed,1,F,133246,Married,1,30,89,0,3,Personal Auto,0,Personal L1,0,1,Branch,1,Small,0,0
ZU74482,Oregon,10135.06,Yes,Basic,0,College,1,6/2/2024,Employed,1,M,82242,Single,0,14,82,0,2,Personal Auto,0,Personal L3,2,2,Agent,2,Medsize,1,0
RL74454,Nevada,6948.6,No,Basic,0,Bachelor,2,6/2/2024,Employed,1,F,44781,Married,1,36,23,0,3,Personal Auto,0,Personal L3,2,2,Branch,1,Medsize,1,0
VG31922,Nevada,8796.89,No,Premium,2,Bachelor,2,6/2/2024,Unemployed,0,F,0,Married,1,16,81,0,1,Personal Auto,0,Personal L3,2,1,Call Center,3,Small,0,1
QZ77637,Washington,15747.88,No,Basic,0,College,1,6/2/2024,Employed,1,F,114720,Married,1,16,69,1,2,Corporate Auto,1,Corporate L1,3,1,Agent,2,Large,2,0
VF73104,Arizona,6772.72,No,Basic,0,High School or Below,0,6/2/2024,Employed,1,F,28172,Married,1,26,18,0,8,Personal Auto,0,Personal L3,2,3,Agent,2,Medsize,1,0
GJ63103,Oregon,24940.86,No,Basic,0,High School or Below,0,6/2/2024,Medical Leave,2,F,37623,Married,1,24,80,0,2,Personal Auto,0,Personal L3,2,1,Web,0,Small,0,0
RN88075,Washington,4079.62,No,Extended,1,Bachelor,2,6/2/2024,Unemployed,0,F,0,Single,0,35,50,0,1,Personal Auto,0,Personal L1,0,1,Branch,1,Medsize,1,0
IE84844,Nevada,6375.02,No,Basic,0,High School or Below,0,6/2/2024,Unemployed,0,F,0,Single,0,39,43,0,3,Personal Auto,0,Personal L2,1,3,Agent,2,Medsize,1,0
YW26148,California,17539.57,No,Basic,0,High School or Below,0,6/2/2024,Unemployed,0,F,0,Single,0,11,82,0,2,Personal Auto,0,Personal L3,2,1,Agent,2,Medsize,1,0
ON30714,California,6659.39,No,Basic,0,College,1,6/2/2024,Employed,1,M,100992,Married,1,9,47,0,3,Personal Auto,0,Personal L2,1,2,Branch,1,Small,0,0
MY23958,California,10229.04,No,Basic,0,Bachelor,2,6/2/2024,Unemployed,0,M,0,Single,0,27,12,2,6,Personal Auto,0,Personal L3,2,2,Branch,1,Medsize,1,1
FN61865,Nevada,5766.12,No,Premium,2,Master,3,6/2/2024,Employed,1,F,35431,Single,0,8,58,0,1,Personal Auto,0,Personal L3,2,4,Call Center,3,Medsize,1,0
CA79988,Oregon,3446.43,No,Basic,0,College,1,6/2/2024,Employed,1,M,44717,Single,0,47,9,0,1,Personal Auto,0,Personal L1,0,1,Call Center,3,Large,2,0
YL91587,Arizona,3205.1,No,Basic,0,High School or Below,0,6/2/2024,Employed,1,M,66030,Single,0,20,8,0,1,Personal Auto,0,Personal L2,1,3,Call Center,3,Large,2,0
QL10321,California,7787.92,No,Basic,0,Doctor,4,6/2/2024,Employed,1,F,124887,Married,1,22,58,0,8,Personal Auto,0,Personal L2,1,3,Agent,2,Medsize,1,0
MF41879,Oregon,11090.77,No,Basic,0,Doctor,4,6/2/2024,Unemployed,0,M,0,Married,1,14,43,0,7,Personal Auto,0,Personal L2,1,2,Web,0,Small,0,0
GO75708,Arizona,8173.56,No,Extended,1,Master,3,6/2/2024,Disabled,4,F,23220,Married,1,7,84,4,8,Personal Auto,0,Personal L2,1,1,Branch,1,Medsize,1,0
OM55336,Nevada,10135.06,Yes,Basic,0,College,1,6/2/2024,Employed,1,M,82242,Single,0,14,82,0,2,Personal Auto,0,Personal L2,1,2,Agent,2,Medsize,1,0
PE39479,Washington,24733.92,No,Extended,1,College,1,6/2/2024,Employed,1,M,119599,Married,1,26,1,0,2,Corporate Auto,1,Corporate L3,5,1,Branch,1,Large,2,0
ES93923,Oregon,11877.72,No,Premium,2,Bachelor,2,6/2/2024,Employed,1,F,33143,Married,1,16,8,0,9,Personal Auto,0,Personal L1,0,2,Agent,2,Small,0,0
BN90616,Washington,11596.95,No,Basic,0,Bachelor,2,6/2/2024,Employed,1,F,85199,Married,1,31,113,0,2,Personal Auto,0,Personal L3,2,3,Agent,2,Medsize,1,0
WL86517,Nevada,5418.85,No,Extended,1,Doctor,4,6/2/2024,Employed,1,F,125933,Married,1,9,35,0,1,Personal Auto,0,Personal L3,2,3,Web,0,Medsize,1,0
OE15600,California,3435.71,No,Basic,0,College,1,6/2/2024,Employed,1,M,123078,Single,0,7,68,0,1,Personal Auto,0,Personal L3,2,2,Call Center,3,Medsize,1,0
GB47529,Oregon,7285.1,No,Extended,1,High School or Below,0,6/2/2024,Employed,1,F,54416,Divorced,2,5,93,0,1,Corporate Auto,1,Corporate L3,5,1,Web,0,Medsize,1,0
CN16311,Oregon,7393.31,No,Basic,0,Master,3,6/2/2024,Employed,1,F,70494,Married,1,15,115,0,8,Corporate Auto,1,Corporate L3,5,2,Call Center,3,Medsize,1,0
VT84289,California,7975.68,No,Basic,0,College,1,6/2/2024,Employed,1,F,118525,Single,0,31,14,0,4,Personal Auto,0,Personal L1,0,1,Agent,2,Medsize,1,0
IN77241,Washington,7282.85,No,Basic,0,Bachelor,2,6/2/2024,Employed,1,M,89070,Married,1,4,68,0,3,Corporate Auto,1,Corporate L1,3,2,Branch,1,Medsize,1,0
FV58292,Oregon,7500.37,Yes,Basic,0,Bachelor,2,6/2/2024,Employed,1,M,99920,Single,0,16,82,0,6,Personal Auto,0,Personal L3,2,2,Call Center,3,Small,0,0
GH64274,California,34837.11,No,Extended,1,High School or Below,0,6/2/2024,Employed,1,M,30660,Married,1,11,100,0,2,Personal Auto,0,Personal L2,1,2,Branch,1,Medsize,1,0
ZX56541,California,6688.29,No,Basic,0,Bachelor,2,6/2/2024,Employed,1,M,61194,Married,1,18,9,3,4,Personal Auto,0,Personal L1,0,4,Call Center,3,Medsize,1,0
KI83797,Oregon,6632.71,No,Basic,0,College,1,6/2/2024,Employed,1,F,65198,Single,0,34,130,0,8,Personal Auto,0,Personal L1,0,1,Branch,1,Medsize,1,0
EZ80325,California,6140.19,No,Extended,1,Bachelor,2,6/2/2024,Unemployed,0,F,0,Married,1,7,119,3,1,Personal Auto,0,Personal L2,1,1,Branch,1,Large,2,1
TL39050,Arizona,32255.96,No,Extended,1,Bachelor,2,6/2/2024,Employed,1,F,53780,Married,1,15,85,0,2,Corporate Auto,1,Corporate L3,5,1,Web,0,Medsize,1,0
EB72052,Oregon,16342.15,No,Basic,0,College,1,6/2/2024,Employed,1,M,45016,Divorced,2,46,50,0,2,Personal Auto,0,Personal L3,2,2,Call Center,3,Medsize,1,0
LY90785,Oregon,7820.76,No,Basic,0,Bachelor,2,6/2/2024,Employed,1,M,129240,Married,1,26,111,0,3,Corporate Auto,1,Corporate L3,5,1,Agent,2,Small,0,0
SE47384,California,7460.69,No,Extended,1,Bachelor,2,6/2/2024,Employed,1,F,127211,Married,1,28,111,0,1,Special Auto,2,Special L3,8,3,Agent,2,Medsize,1,0
LI77073,Oregon,9585.44,No,Premium,2,College,1,6/2/2024,Employed,1,M,42755,Married,1,45,4,0,1,Corporate Auto,1,Corporate L3,5,3,Agent,2,Large,2,1
JL49772,Arizona,32736.6,No,Basic,0,Bachelor,2,6/2/2024,Employed,1,F,45429,Married,1,28,50,1,2,Personal Auto,0,Personal L2,1,1,Call Center,3,Medsize,1,0
KP22549,Oregon,4260.48,No,Extended,1,Bachelor,2,6/2/2024,Employed,1,M,78588,Married,1,30,68,0,1,Personal Auto,0,Personal L3,2,1,Agent,2,Medsize,1,0
WH76688,Oregon,7500.37,Yes,Basic,0,Bachelor,2,6/2/2024,Employed,1,M,99920,Single,0,16,82,0,6,Personal Auto,0,Personal L3,2,2,Call Center,3,Small,0,0
SY28542,Nevada,10006.38,No,Extended,1,Bachelor,2,6/2/2024,Employed,1,F,80919,Single,0,23,12,0,3,Personal Auto,0,Personal L3,2,3,Web,0,Medsize,1,0
SQ53118,California,10629.51,No,Basic,0,College,1,6/2/2024,Employed,1,M,30179,Married,1,36,12,3,2,Personal Auto,0,Personal L2,1,2,Branch,1,Medsize,1,0
XO17798,Washington,7867.1,No,Basic,0,High School or Below,0,6/2/2024,Employed,1,M,61822,Married,1,4,51,0,5,Personal Auto,0,Personal L1,0,2,Agent,2,Small,0,0
UM83813,Oregon,18062.74,No,Basic,0,Bachelor,2,6/2/2024,Unemployed,0,F,0,Single,0,18,112,0,3,Personal Auto,0,Personal L1,0,3,Web,0,Small,0,1
XM87301,Oregon,3236.67,No,Basic,0,Bachelor,2,6/2/2024,Unemployed,0,M,0,Single,0,31,1,0,1,Personal Auto,0,Personal L3,2,2,Web,0,Medsize,1,0
JP88955,Oregon,11983.5,No,Basic,0,High School or Below,0,6/2/2024,Employed,1,M,41209,Single,0,32,47,0,3,Personal Auto,0,Personal L2,1,2,Call Center,3,Small,0,0
TY30683,Oregon,4761.99,No,Extended,1,College,1,6/2/2024,Disabled,4,F,35311,Single,0,36,68,0,1,Corporate Auto,1,Corporate L2,4,2,Agent,2,Medsize,1,0
BH68769,Oregon,8569.12,No,Extended,1,Bachelor,2,6/2/2024,Employed,1,M,57050,Married,1,1,20,0,3,Personal Auto,0,Personal L2,1,2,Call Center,3,Small,0,0
VF33776,Nevada,42213.52,No,Extended,1,High School or Below,0,6/2/2024,Employed,1,F,121890,Married,1,5,119,3,2,Corporate Auto,1,Corporate L1,3,2,Web,0,Medsize,1,0
UZ42802,Oregon,6110.92,No,Extended,1,Bachelor,2,6/2/2024,Unemployed,0,M,0,Single,0,38,89,0,1,Personal Auto,0,Personal L3,2,1,Agent,2,Large,2,1
GM48223,Oregon,7373.66,No,Basic,0,Bachelor,2,6/2/2024,Employed,1,F,57578,Married,1,14,124,0,5,Personal Auto,0,Personal L1,0,3,Agent,2,Medsize,1,0
WE11250,Washington,16471.06,No,Basic,0,College,1,6/2/2024,Employed,1,F,81381,Married,1,31,117,0,2,Corporate Auto,1,Corporate L3,5,1,Agent,2,Large,2,0
GQ32356,Nevada,5226.9,No,Premium,2,High School or Below,0,6/2/2024,Unemployed,0,F,0,Single,0,14,101,0,1,Personal Auto,0,Personal L3,2,2,Agent,2,Medsize,1,1
RW86245,Arizona,6761.17,No,Extended,1,High School or Below,0,6/2/2024,Employed,1,M,125366,Married,1,18,81,0,1,Personal Auto,0,Personal L3,2,2,Agent,2,Medsize,1,0
BI46495,Oregon,7173.18,No,Extended,1,High School or Below,0,6/2/2024,Unemployed,0,M,0,Single,0,5,105,0,4,Corporate Auto,1,Corporate L2,4,1,Branch,1,Medsize,1,0
HM20848,California,6202.3,No,Basic,0,High School or Below,0,6/2/2024,Employed,1,F,52722,Married,1,7,89,0,1,Personal Auto,0,Personal L1,0,3,Agent,2,Medsize,1,0
IE36279,California,3840.55,No,Basic,0,Bachelor,2,6/2/2024,Employed,1,M,108413,Divorced,2,15,16,0,1,Corporate Auto,1,Corporate L1,3,3,Call Center,3,Medsize,1,0
IQ73438,California,7500.37,Yes,Basic,0,Bachelor,2,6/2/2024,Employed,1,M,99920,Single,0,16,82,0,6,Personal Auto,0,Personal L3,2,2,Call Center,3,Small,0,0
HD12841,California,7432.68,No,Basic,0,Master,3,6/2/2024,Employed,1,F,129284,Married,1,23,84,0,5,Personal Auto,0,Personal L3,2,2,Call Center,3,Medsize,1,0
EP46328,California,7500.37,Yes,Basic,0,Bachelor,2,6/2/2024,Employed,1,M,99920,Single,0,16,82,0,6,Personal Auto,0,Personal L1,0,2,Call Center,3,Small,0,0
MR37609,Oregon,22158.96,No,Basic,0,College,1,6/2/2024,Unemployed,0,M,0,Married,1,15,12,0,2,Special Auto,2,Special L1,6,1,Web,0,Medsize,1,0
ZX73673,Arizona,7500.37,Yes,Basic,0,Bachelor,2,6/2/2024,Employed,1,M,99920,Single,0,16,82,0,6,Personal Auto,0,Personal L3,2,2,Call Center,3,Small,0,0
JO68735,California,3095.27,No,Basic,0,Bachelor,2,6/2/2024,Unemployed,0,F,0,Single,0,24,41,0,1,Personal Auto,0,Personal L3,2,1,Branch,1,Medsize,1,0
LM63497,Oregon,3963.38,No,Extended,1,College,1,6/2/2024,Unemployed,0,F,0,Single,0,15,47,0,1,Personal Auto,0,Personal L3,2,1,Web,0,Medsize,1,0
PX99904,California,6681.68,No,Extended,1,Bachelor,2,6/2/2024,Unemployed,0,F,0,Single,0,20,4,0,1,Corporate Auto,1,Corporate L1,3,2,Branch,1,Small,0,1
OF46381,California,10340.62,No,Basic,0,High School or Below,0,6/2/2024,Unemployed,0,M,0,Single,0,30,126,0,2,Personal Auto,0,Personal L2,1,1,Agent,2,Small,0,0
HW27766,Arizona,9800.09,No,Extended,1,College,1,6/2/2024,Medical Leave,2,M,22095,Married,1,3,134,0,9,Personal Auto,0,Personal L3,2,1,Branch,1,Medsize,1,0
HF72557,Washington,4356.17,No,Extended,1,Bachelor,2,6/2/2024,Medical Leave,2,M,26930,Divorced,2,23,113,0,1,Personal Auto,0,Personal L2,1,1,Branch,1,Medsize,1,0
UR56056,Oregon,14690.39,No,Extended,1,Bachelor,2,6/2/2024,Employed,1,M,98912,Married,1,41,47,0,3,Personal Auto,0,Personal L3,2,3,Agent,2,Medsize,1,0
QV55524,Washington,10129.55,No,Extended,1,College,1,6/2/2024,Employed,1,M,70826,Married,1,12,20,0,3,Personal Auto,0,Personal L2,1,4,Agent,2,Medsize,1,0
QJ62033,Arizona,3260.34,No,Basic,0,High School or Below,0,6/2/2024,Unemployed,0,M,0,Single,0,27,5,0,1,Personal Auto,0,Personal L3,2,2,Call Center,3,Medsize,1,0
OH23652,Oregon,6336.56,No,Extended,1,Bachelor,2,6/2/2024,Medical Leave,2,F,35919,Married,1,4,99,0,1,Personal Auto,0,Personal L2,1,1,Agent,2,Medsize,1,0
GW56797,California,11844.24,No,Extended,1,High School or Below,0,6/2/2024,Unemployed,0,M,0,Single,0,32,72,0,2,Personal Auto,0,Personal L3,2,4,Branch,1,Medsize,1,0
JK68578,California,20663.28,No,Basic,0,High School or Below,0,6/2/2024,Employed,1,F,113222,Married,1,41,123,0,7,Corporate Auto,1,Corporate L2,4,1,Agent,2,Medsize,1,0
OD66412,California,6775.51,No,Basic,0,Doctor,4,6/2/2024,Employed,1,F,100471,Married,1,42,14,0,5,Personal Auto,0,Personal L2,1,2,Agent,2,Medsize,1,0
YR30159,California,28264.05,No,Basic,0,College,1,6/2/2024,Employed,1,M,27417,Divorced,2,7,16,0,2,Personal Auto,0,Personal L3,2,1,Agent,2,Medsize,1,1
SX87181,California,6637.25,No,Basic,0,Bachelor,2,6/2/2024,Unemployed,0,F,0,Single,0,28,82,0,7,Personal Auto,0,Personal L3,2,1,Agent,2,Large,2,0
MU64306,California,11280.12,No,Basic,0,College,1,6/2/2024,Employed,1,M,77050,Married,1,38,26,0,3,Personal Auto,0,Personal L2,1,2,Web,0,Medsize,1,0
HK84372,California,3253.1,No,Basic,0,High School or Below,0,6/2/2024,Unemployed,0,M,0,Single,0,19,128,0,1,Personal Auto,0,Personal L2,1,1,Agent,2,Small,0,0
BV27017,California,23763.39,No,Premium,2,College,1,6/2/2024,Unemployed,0,F,0,Divorced,2,1,92,1,2,Corporate Auto,1,Corporate L1,3,1,Agent,2,Medsize,1,1
AR17553,California,8249.92,No,Extended,1,Master,3,6/2/2024,Medical Leave,2,M,30974,Married,1,35,112,0,5,Corporate Auto,1,Corporate L1,3,3,Branch,1,Medsize,1,0
XD54132,California,3465.92,No,Basic,0,High School or Below,0,6/2/2024,Employed,1,F,83565,Single,0,15,86,0,1,Corporate Auto,1,Corporate L3,5,4,Call Center,3,Medsize,1,0
TD14365,California,11021.25,No,Extended,1,Bachelor,2,6/2/2024,Unemployed,0,M,0,Single,0,12,50,3,2,Corporate Auto,1,Corporate L2,4,1,Branch,1,Medsize,1,1
NT89061,Arizona,8537.3,No,Extended,1,High School or Below,0,7/1/2024,Employed,1,F,106018,Married,1,34,117,0,3,Personal Auto,0,Personal L3,2,2,Call Center,3,Medsize,1,0
KU56006,Arizona,7474.12,No,Basic,0,College,1,7/1/2024,Employed,1,F,70497,Married,1,23,57,1,5,Personal Auto,0,Personal L2,1,1,Call Center,3,Small,0,0
YH43527,Oregon,4867.91,No,Extended,1,College,1,7/1/2024,Employed,1,F,29140,Married,1,47,82,0,1,Corporate Auto,1,Corporate L2,4,4,Agent,2,Medsize,1,0
QH19450,California,3453.54,No,Basic,0,High School or Below,0,7/1/2024,Unemployed,0,F,0,Single,0,9,104,0,1,Corporate Auto,1,Corporate L3,5,1,Call Center,3,Small,0,0
QY74517,Oregon,7439.25,No,Basic,0,High School or Below,0,7/1/2024,Unemployed,0,F,0,Single,0,32,77,0,4,Personal Auto,0,Personal L3,2,1,Branch,1,Large,2,0
FY51713,Arizona,4820.53,No,Extended,1,Bachelor,2,7/1/2024,Employed,1,F,75827,Married,1,18,27,0,1,Personal Auto,0,Personal L1,0,1,Branch,1,Small,0,0
DJ77787,Arizona,9829.94,No,Basic,0,High School or Below,0,7/1/2024,Unemployed,0,F,0,Married,1,38,38,3,2,Personal Auto,0,Personal L2,1,3,Call Center,3,Medsize,1,0
GM62071,Washington,28938.44,No,Basic,0,High School or Below,0,7/1/2024,Employed,1,F,27902,Married,1,46,73,3,2,Personal Auto,0,Personal L3,2,2,Call Center,3,Large,2,1
SU71163,Arizona,3741.75,No,Basic,0,College,1,7/1/2024,Employed,1,M,80804,Married,1,41,111,4,1,Personal Auto,0,Personal L2,1,2,Branch,1,Medsize,1,0
EA25683,Washington,10501.02,No,Basic,0,High School or Below,0,7/1/2024,Employed,1,M,86111,Single,0,41,109,0,1,Corporate Auto,1,Corporate L3,5,1,Branch,1,Medsize,1,1
YQ99152,Nevada,13213.54,No,Extended,1,High School or Below,0,7/1/2024,Retired,3,M,14141,Married,1,18,109,1,2,Personal Auto,0,Personal L2,1,1,Branch,1,Small,0,0
PM76175,Oregon,28548.82,No,Extended,1,Bachelor,2,7/1/2024,Employed,1,F,67123,Married,1,24,66,0,2,Corporate Auto,1,Corporate L3,5,3,Call Center,3,Large,2,0
UT38865,Oregon,10024.93,No,Basic,0,College,1,7/1/2024,Employed,1,F,78357,Married,1,19,119,0,2,Corporate Auto,1,Corporate L3,5,3,Agent,2,Medsize,1,0
FE73696,Oregon,5119.38,No,Extended,1,High School or Below,0,7/1/2024,Employed,1,M,131236,Married,1,38,82,0,1,Personal Auto,0,Personal L1,0,2,Call Center,3,Medsize,1,0
YT69858,Washington,7345.92,No,Basic,0,Bachelor,2,7/1/2024,Employed,1,F,115698,Married,1,12,100,0,6,Personal Auto,0,Personal L2,1,4,Branch,1,Medsize,1,0
SA50567,Nevada,7355.55,No,Basic,0,Bachelor,2,7/1/2024,Employed,1,M,115150,Married,1,20,63,0,6,Personal Auto,0,Personal L3,2,3,Web,0,Medsize,1,0
YI28422,Oregon,10308.44,No,Extended,1,High School or Below,0,7/1/2024,Employed,1,M,40854,Married,1,0,130,1,9,Personal Auto,0,Personal L3,2,2,Agent,2,Large,2,0
RB38792,Oregon,7275.82,Yes,Extended,1,College,1,7/1/2024,Employed,1,M,89679,Married,1,47,126,0,1,Personal Auto,0,Personal L3,2,2,Agent,2,Medsize,1,0
TA89713,Oregon,7275.82,Yes,Extended,1,College,1,7/1/2024,Employed,1,M,89679,Married,1,47,126,0,1,Personal Auto,0,Personal L3,2,2,Agent,2,Medsize,1,0
QP69826,Arizona,4816.13,Yes,Basic,0,Bachelor,2,7/1/2024,Unemployed,0,M,0,Married,1,38,15,0,1,Corporate Auto,1,Corporate L2,4,2,Agent,2,Medsize,1,0
ML34366,California,7275.82,Yes,Extended,1,College,1,7/1/2024,Employed,1,M,89679,Married,1,47,126,0,1,Personal Auto,0,Personal L2,1,2,Agent,2,Medsize,1,0
IO27771,Oregon,12199.49,No,Premium,2,College,1,7/1/2024,Employed,1,F,120666,Married,1,3,82,0,3,Corporate Auto,1,Corporate L2,4,1,Branch,1,Small,0,0
AQ46199,Oregon,6514.1,No,Basic,0,High School or Below,0,7/1/2024,Unemployed,0,M,0,Single,0,11,41,0,8,Personal Auto,0,Personal L2,1,4,Web,0,Medsize,1,0
HC76653,Oregon,3288.18,No,Basic,0,College,1,7/1/2024,Employed,1,M,44457,Married,1,22,61,0,1,Personal Auto,0,Personal L2,1,2,Agent,2,Medsize,1,0
QS75550,Washington,3348.06,No,Basic,0,Bachelor,2,7/1/2024,Employed,1,F,126067,Single,0,42,86,0,1,Corporate Auto,1,Corporate L2,4,1,Branch,1,Medsize,1,0
TQ88221,California,3835.95,No,Basic,0,Bachelor,2,7/1/2024,Employed,1,F,41139,Married,1,27,47,0,1,Corporate Auto,1,Corporate L1,3,4,Call Center,3,Medsize,1,0
EP82214,Arizona,35344.09,No,Extended,1,High School or Below,0,7/1/2024,Employed,1,F,92055,Married,1,14,23,1,2,Special Auto,2,Special L2,7,2,Branch,1,Medsize,1,0
VB77950,California,5084.59,No,Extended,1,High School or Below,0,7/1/2024,Medical Leave,2,F,30293,Married,1,41,85,0,1,Personal Auto,0,Personal L2,1,1,Agent,2,Medsize,1,0
IZ55070,Nevada,7208.31,No,Basic,0,High School or Below,0,7/1/2024,Employed,1,F,91525,Married,1,9,32,4,8,Personal Auto,0,Personal L2,1,2,Web,0,Medsize,1,0
DY30071,Oregon,7639.97,No,Basic,0,Bachelor,2,7/1/2024,Employed,1,M,93672,Married,1,22,50,0,3,Personal Auto,0,Personal L3,2,2,Agent,2,Small,0,0
HA20933,Oregon,17913.96,No,Basic,0,Bachelor,2,7/1/2024,Medical Leave,2,F,21082,Married,1,27,130,1,2,Personal Auto,0,Personal L2,1,1,Agent,2,Medsize,1,0
TW94555,Nevada,7275.82,Yes,Extended,1,College,1,7/1/2024,Employed,1,M,89679,Married,1,47,126,0,1,Personal Auto,0,Personal L3,2,2,Agent,2,Medsize,1,0
TH67541,Arizona,7631.18,No,Basic,0,High School or Below,0,7/1/2024,Medical Leave,2,F,21831,Married,1,11,49,0,4,Corporate Auto,1,Corporate L3,5,1,Agent,2,Medsize,1,0
IP69763,Washington,29584.45,No,Premium,2,College,1,7/1/2024,Employed,1,F,104370,Married,1,24,49,0,2,Personal Auto,0,Personal L1,0,1,Agent,2,Medsize,1,0
NP33989,Oregon,16688.82,No,Premium,2,Bachelor,2,7/1/2024,Unemployed,0,F,0,Married,1,5,124,0,2,Personal Auto,0,Personal L3,2,3,Branch,1,Medsize,1,0
IM90123,California,20602.91,No,Extended,1,Bachelor,2,7/1/2024,Employed,1,F,80726,Married,1,5,68,0,2,Personal Auto,0,Personal L2,1,3,Call Center,3,Medsize,1,0
CE72177,California,7373.09,No,Basic,0,High School or Below,0,7/1/2024,Employed,1,F,53495,Married,1,31,0,0,3,Personal Auto,0,Personal L3,2,2,Agent,2,Large,2,0
JC80093,Washington,3472.88,No,Basic,0,Master,3,7/1/2024,Employed,1,M,28490,Divorced,2,46,100,0,1,Personal Auto,0,Personal L3,2,4,Branch,1,Medsize,1,0
BN80677,Oregon,17191.19,No,Extended,1,Bachelor,2,7/1/2024,Employed,1,M,33781,Single,0,42,51,0,2,Corporate Auto,1,Corporate L3,5,1,Branch,1,Medsize,1,0
NS19456,Oregon,12661.16,No,Basic,0,College,1,7/1/2024,Employed,1,F,48690,Married,1,41,105,0,3,Personal Auto,0,Personal L3,2,2,Branch,1,Large,2,0
CG94611,Oregon,4072.2,No,Extended,1,College,1,7/1/2024,Medical Leave,2,M,34601,Single,0,11,85,0,1,Corporate Auto,1,Corporate L3,5,4,Agent,2,Medsize,1,0
ZS35053,Arizona,5020.98,No,Extended,1,High School or Below,0,7/1/2024,Employed,1,M,55307,Divorced,2,39,72,1,1,Personal Auto,0,Personal L3,2,1,Agent,2,Large,2,0
SO95845,California,7840.34,No,Basic,0,College,1,7/1/2024,Employed,1,F,84303,Single,0,12,3,0,7,Personal Auto,0,Personal L3,2,4,Call Center,3,Medsize,1,0
XR71687,Oregon,12700.06,No,Basic,0,Bachelor,2,7/1/2024,Employed,1,M,42505,Married,1,23,107,0,6,Personal Auto,0,Personal L2,1,2,Agent,2,Medsize,1,0
IR57729,California,22339.31,No,Basic,0,High School or Below,0,7/1/2024,Employed,1,M,62901,Married,1,4,109,0,2,Corporate Auto,1,Corporate L1,3,2,Agent,2,Medsize,1,0
JV99867,California,15213.46,No,Extended,1,Bachelor,2,7/1/2024,Employed,1,F,88355,Married,1,38,89,0,2,Special Auto,2,Special L2,7,3,Agent,2,Medsize,1,0
ZJ22132,Oregon,4226.42,No,Extended,1,High School or Below,0,7/1/2024,Employed,1,F,56776,Married,1,28,3,0,1,Personal Auto,0,Personal L3,2,1,Agent,2,Large,2,0
PI92163,Nevada,6611.01,No,Basic,0,Bachelor,2,7/1/2024,Medical Leave,2,M,32917,Single,0,5,105,2,4,Corporate Auto,1,Corporate L3,5,1,Call Center,3,Medsize,1,0
QO77034,California,4816.13,Yes,Basic,0,Bachelor,2,7/1/2024,Unemployed,0,M,0,Married,1,38,15,0,1,Personal Auto,0,Personal L3,2,2,Agent,2,Medsize,1,0
CF46699,Oregon,4816.13,Yes,Basic,0,Bachelor,2,7/1/2024,Unemployed,0,M,0,Married,1,38,15,0,1,Personal Auto,0,Personal L2,1,2,Agent,2,Medsize,1,0
CV64725,California,8836.83,No,Extended,1,High School or Below,0,7/1/2024,Employed,1,M,74744,Divorced,2,15,73,2,4,Personal Auto,0,Personal L1,0,3,Agent,2,Medsize,1,0
JL97265,Oregon,6225.19,No,Basic,0,Master,3,7/1/2024,Unemployed,0,M,0,Married,1,5,20,0,7,Personal Auto,0,Personal L3,2,2,Web,0,Medsize,1,0
VD37089,Washington,4696.5,No,Extended,1,College,1,7/1/2024,Employed,1,M,40416,Divorced,2,11,47,0,1,Corporate Auto,1,Corporate L1,3,2,Branch,1,Medsize,1,0
SV15363,California,8594.4,Yes,Extended,1,High School or Below,0,7/1/2024,Employed,1,M,59897,Married,1,7,97,0,3,Personal Auto,0,Personal L2,1,2,Call Center,3,Large,2,0
GM83516,Arizona,3474.52,No,Basic,0,College,1,7/1/2024,Employed,1,M,39825,Divorced,2,19,97,0,1,Corporate Auto,1,Corporate L2,4,2,Agent,2,Medsize,1,0
GU41198,California,12874.06,No,Extended,1,Bachelor,2,7/1/2024,Employed,1,F,84268,Divorced,2,30,68,2,2,Corporate Auto,1,Corporate L3,5,1,Call Center,3,Medsize,1,0
OY70124,Washington,17201.49,Yes,Basic,0,Bachelor,2,7/1/2024,Employed,1,F,98623,Married,1,46,49,1,2,Personal Auto,0,Personal L3,2,1,Branch,1,Medsize,1,0
ZY95807,California,48844.39,No,Basic,0,Bachelor,2,7/1/2024,Unemployed,0,M,0,Single,0,20,117,0,2,Corporate Auto,1,Corporate L2,4,1,Web,0,Small,0,1
YJ24476,Nevada,6153.88,No,Basic,0,Bachelor,2,7/1/2024,Medical Leave,2,F,19798,Married,1,8,111,0,3,Personal Auto,0,Personal L3,2,3,Call Center,3,Small,0,0
OP62891,Oregon,3071.79,No,Basic,0,High School or Below,0,7/1/2024,Unemployed,0,F,0,Single,0,31,89,0,1,Personal Auto,0,Personal L2,1,4,Agent,2,Medsize,1,0
CV57391,Arizona,30052.38,No,Basic,0,Bachelor,2,7/1/2024,Employed,1,F,68037,Single,0,24,69,0,2,Personal Auto,0,Personal L3,2,3,Web,0,Medsize,1,0
RI76571,Washington,58085.8,No,Basic,0,Master,3,7/1/2024,Employed,1,M,80121,Married,1,20,55,0,2,Personal Auto,0,Personal L3,2,2,Web,0,Medsize,1,0
TF65501,California,6212.58,No,Basic,0,High School or Below,0,7/1/2024,Employed,1,F,50366,Married,1,3,69,0,1,Personal Auto,0,Personal L2,1,1,Web,0,Medsize,1,0
JU64043,Oregon,6749.12,No,Basic,0,Master,3,7/1/2024,Employed,1,M,66709,Single,0,11,111,5,6,Personal Auto,0,Personal L3,2,1,Agent,2,Large,2,0
TU64352,Oregon,5505.33,No,Basic,0,College,1,7/1/2024,Unemployed,0,F,0,Single,0,24,116,0,1,Personal Auto,0,Personal L1,0,1,Agent,2,Medsize,1,1
FK10455,California,13233.44,No,Extended,1,Bachelor,2,7/1/2024,Employed,1,M,113979,Married,1,15,3,0,6,Personal Auto,0,Personal L2,1,2,Call Center,3,Medsize,1,0
FG77231,Oregon,17201.49,Yes,Basic,0,Bachelor,2,7/1/2024,Employed,1,F,98623,Married,1,46,49,1,2,Personal Auto,0,Personal L3,2,1,Branch,1,Medsize,1,0
WX10701,Washington,4669.96,No,Extended,1,Bachelor,2,7/1/2024,Unemployed,0,M,0,Married,1,8,11,0,1,Corporate Auto,1,Corporate L3,5,3,Web,0,Medsize,1,0
YA83600,Arizona,3716.97,No,Basic,0,High School or Below,0,7/1/2024,Employed,1,F,38997,Single,0,22,20,2,1,Personal Auto,0,Personal L2,1,1,Branch,1,Medsize,1,0
OD21455,California,6049.87,No,Basic,0,Bachelor,2,7/1/2024,Unemployed,0,M,0,Single,0,1,34,0,4,Personal Auto,0,Personal L3,2,3,Call Center,3,Medsize,1,0
YA15471,Oregon,10297.34,No,Basic,0,College,1,7/1/2024,Employed,1,M,125555,Married,1,42,3,0,2,Corporate Auto,1,Corporate L3,5,1,Branch,1,Medsize,1,0
ED65109,California,7030.78,No,Basic,0,College,1,7/1/2024,Employed,1,F,110483,Married,1,31,53,1,4,Personal Auto,0,Personal L1,0,1,Agent,2,Medsize,1,0
NM91640,Oregon,3296.99,No,Basic,0,High School or Below,0,7/1/2024,Unemployed,0,M,0,Single,0,20,12,3,1,Personal Auto,0,Personal L1,0,4,Branch,1,Medsize,1,0
LU82585,Nevada,8594.4,Yes,Extended,1,High School or Below,0,7/1/2024,Employed,1,M,59897,Married,1,7,97,0,3,Personal Auto,0,Personal L2,1,2,Call Center,3,Large,2,0
NW73460,Arizona,10499.22,No,Basic,0,High School or Below,0,7/1/2024,Employed,1,F,62346,Married,1,31,36,0,2,Corporate Auto,1,Corporate L1,3,2,Branch,1,Medsize,1,0
YT91759,California,8594.4,Yes,Extended,1,High School or Below,0,7/1/2024,Employed,1,M,59897,Married,1,7,97,0,3,Personal Auto,0,Personal L2,1,2,Call Center,3,Large,2,0
GQ15613,Arizona,10805.69,No,Basic,0,High School or Below,0,7/1/2024,Employed,1,F,72911,Married,1,24,122,0,2,Personal Auto,0,Personal L3,2,2,Branch,1,Medsize,1,0
ZO44848,California,28166.82,No,Basic,0,College,1,7/1/2024,Unemployed,0,F,0,Married,1,30,127,0,2,Special Auto,2,Special L3,8,1,Branch,1,Medsize,1,0
JZ90556,Oregon,8023.15,No,Basic,0,High School or Below,0,7/1/2024,Employed,1,F,83862,Married,1,7,53,0,8,Corporate Auto,1,Corporate L3,5,4,Agent,2,Medsize,1,0
RI97135,Washington,4062.11,No,Extended,1,Bachelor,2,7/1/2024,Unemployed,0,M,0,Single,0,3,74,0,1,Personal Auto,0,Personal L3,2,1,Branch,1,Medsize,1,0
AL50693,Oregon,4816.13,Yes,Basic,0,Bachelor,2,7/1/2024,Unemployed,0,M,0,Married,1,38,15,0,1,Corporate Auto,1,Corporate L2,4,2,Agent,2,Medsize,1,0
TL67005,California,6495.1,No,Extended,1,High School or Below,0,7/1/2024,Unemployed,0,F,0,Divorced,2,15,41,1,1,Corporate Auto,1,Corporate L2,4,1,Agent,2,Medsize,1,0
PI79725,Oregon,3469.08,No,Basic,0,Bachelor,2,7/1/2024,Employed,1,F,107051,Married,1,19,59,0,1,Corporate Auto,1,Corporate L3,5,2,Call Center,3,Small,0,0
PE72696,California,14705.43,No,Extended,1,College,1,7/1/2024,Employed,1,M,91834,Divorced,2,20,23,0,2,Personal Auto,0,Personal L2,1,1,Branch,1,Medsize,1,0
SK47162,Oregon,4816.13,Yes,Basic,0,Bachelor,2,7/1/2024,Unemployed,0,M,0,Married,1,38,15,0,1,Personal Auto,0,Personal L2,1,2,Agent,2,Medsize,1,0
IS45756,Arizona,6421.83,No,Extended,1,College,1,7/1/2024,Employed,1,F,66066,Divorced,2,31,27,0,1,Personal Auto,0,Personal L2,1,1,Call Center,3,Large,2,0
YL34043,Nevada,5074.58,No,Extended,1,Bachelor,2,7/1/2024,Employed,1,F,78705,Married,1,34,74,0,1,Personal Auto,0,Personal L3,2,1,Branch,1,Medsize,1,0
LV44800,California,4126.94,No,Extended,1,High School or Below,0,7/1/2024,Employed,1,F,105719,Married,1,5,32,0,1,Personal Auto,0,Personal L2,1,3,Branch,1,Medsize,1,0
AR83514,Arizona,9657.46,No,Extended,1,High School or Below,0,7/1/2024,Employed,1,F,80355,Married,1,0,11,0,3,Corporate Auto,1,Corporate L2,4,2,Web,0,Small,0,0
SA84892,California,6637.1,No,Extended,1,High School or Below,0,7/1/2024,Employed,1,F,90426,Married,1,16,18,0,1,Corporate Auto,1,Corporate L3,5,2,Agent,2,Medsize,1,1
VO75043,Oregon,8993.35,No,Extended,1,Bachelor,2,7/1/2024,Unemployed,0,M,0,Married,1,8,134,0,5,Personal Auto,0,Personal L3,2,4,Agent,2,Medsize,1,0
BS87947,California,4523.43,No,Extended,1,Bachelor,2,7/1/2024,Employed,1,F,127433,Married,1,31,1,0,1,Personal Auto,0,Personal L1,0,2,Web,0,Medsize,1,0
PE42960,California,11440.76,No,Basic,0,Bachelor,2,7/1/2024,Employed,1,M,78959,Divorced,2,39,20,2,2,Personal Auto,0,Personal L3,2,2,Agent,2,Small,0,0
LI76661,Oregon,10049.17,No,Extended,1,Bachelor,2,7/1/2024,Employed,1,M,120535,Married,1,23,15,0,4,Corporate Auto,1,Corporate L3,5,4,Call Center,3,Medsize,1,0
BN38134,Washington,9082.28,No,Extended,1,Bachelor,2,7/1/2024,Employed,1,F,53228,Married,1,26,108,2,8,Personal Auto,0,Personal L3,2,2,Branch,1,Large,2,0
TX35222,Washington,15685.05,No,Premium,2,College,1,7/1/2024,Employed,1,F,37463,Married,1,38,34,1,1,Personal Auto,0,Personal L2,1,1,Branch,1,Medsize,1,1
FL96333,Nevada,8428.17,No,Extended,1,College,1,7/1/2024,Employed,1,M,99826,Married,1,28,103,0,8,Personal Auto,0,Personal L3,2,2,Web,0,Medsize,1,0
MR22119,Oregon,5981.27,No,Basic,0,High School or Below,0,7/1/2024,Employed,1,M,32480,Married,1,42,23,0,1,Personal Auto,0,Personal L3,2,4,Web,0,Medsize,1,0
WR55560,California,8001.98,No,Premium,2,High School or Below,0,7/1/2024,Employed,1,M,45307,Divorced,2,8,41,0,1,Corporate Auto,1,Corporate L3,5,3,Branch,1,Medsize,1,0
OY32548,Washington,6880.55,No,Basic,0,College,1,7/1/2024,Employed,1,F,37719,Married,1,28,4,1,4,Personal Auto,0,Personal L3,2,2,Agent,2,Medsize,1,0
DS58268,Arizona,11143.84,No,Basic,0,High School or Below,0,7/1/2024,Unemployed,0,F,0,Divorced,2,26,81,0,9,Corporate Auto,1,Corporate L3,5,1,Agent,2,Large,2,0
WK62379,Washington,12020.35,No,Premium,2,Bachelor,2,7/1/2024,Medical Leave,2,F,20442,Married,1,9,7,0,3,Personal Auto,0,Personal L2,1,2,Branch,1,Small,0,1
KX23022,Arizona,4471.54,No,Basic,0,Bachelor,2,7/1/2024,Unemployed,0,M,0,Single,0,3,5,2,1,Corporate Auto,1,Corporate L3,5,1,Agent,2,Medsize,1,1
AR63478,California,9065.71,No,Basic,0,College,1,7/1/2024,Unemployed,0,M,0,Single,0,30,53,0,2,Corporate Auto,1,Corporate L1,3,4,Agent,2,Medsize,1,0
GG57214,Washington,3253.98,No,Basic,0,Bachelor,2,7/1/2024,Unemployed,0,F,0,Single,0,7,72,0,1,Personal Auto,0,Personal L2,1,2,Agent,2,Medsize,1,0
ZI63885,Washington,19863.26,No,Extended,1,High School or Below,0,7/1/2024,Unemployed,0,M,0,Single,0,5,24,0,2,Personal Auto,0,Personal L2,1,1,Branch,1,Medsize,1,1
PV99529,Arizona,3677.98,No,Extended,1,Bachelor,2,7/1/2024,Unemployed,0,M,0,Divorced,2,20,42,0,1,Personal Auto,0,Personal L1,0,1,Branch,1,Medsize,1,0
VB42222,Nevada,19327.74,No,Premium,2,Bachelor,2,7/1/2024,Employed,1,F,131462,Divorced,2,14,84,0,2,Personal Auto,0,Personal L1,0,1,Web,0,Medsize,1,0
BX24569,California,4816.13,Yes,Basic,0,Bachelor,2,7/1/2024,Unemployed,0,M,0,Married,1,38,15,0,1,Personal Auto,0,Personal L2,1,2,Agent,2,Medsize,1,0
NG56399,Arizona,11231.36,No,Basic,0,High School or Below,0,7/1/2024,Employed,1,M,82845,Divorced,2,9,115,0,2,Personal Auto,0,Personal L2,1,3,Branch,1,Medsize,1,0
LO37570,Arizona,16412.68,No,Extended,1,High School or Below,0,7/1/2024,Employed,1,M,54583,Married,1,28,89,0,2,Personal Auto,0,Personal L3,2,3,Agent,2,Medsize,1,0
OH41318,Washington,35264.88,No,Extended,1,Master,3,7/1/2024,Employed,1,M,112570,Divorced,2,35,104,2,2,Personal Auto,0,Personal L3,2,3,Web,0,Medsize,1,0
ER52041,California,4370.36,No,Extended,1,College,1,7/1/2024,Unemployed,0,M,0,Single,0,26,123,0,1,Personal Auto,0,Personal L3,2,1,Call Center,3,Medsize,1,0
CB78049,California,4454.11,No,Extended,1,College,1,7/1/2024,Employed,1,M,89254,Single,0,16,8,4,1,Personal Auto,0,Personal L2,1,4,Branch,1,Medsize,1,0
ZT53375,California,7403.25,No,Basic,0,Bachelor,2,7/1/2024,Employed,1,M,118499,Single,0,22,1,0,7,Personal Auto,0,Personal L2,1,1,Branch,1,Medsize,1,0
SC30127,California,12479.88,No,Extended,1,Doctor,4,7/1/2024,Medical Leave,2,F,16309,Divorced,2,24,24,0,2,Personal Auto,0,Personal L3,2,3,Agent,2,Medsize,1,0
QR57842,California,13974.35,No,Extended,1,College,1,7/1/2024,Employed,1,F,99758,Married,1,3,42,0,7,Corporate Auto,1,Corporate L1,3,4,Branch,1,Medsize,1,1
HU22390,California,7275.82,Yes,Extended,1,College,1,7/1/2024,Employed,1,M,89679,Married,1,47,126,0,1,Corporate Auto,1,Corporate L3,5,2,Agent,2,Medsize,1,0
CZ62883,California,15361.5,No,Extended,1,Bachelor,2,7/1/2024,Employed,1,F,47053,Married,1,47,68,0,2,Corporate Auto,1,Corporate L2,4,2,Call Center,3,Medsize,1,0
QE13586,California,8594.4,Yes,Extended,1,High School or Below,0,7/1/2024,Employed,1,M,59897,Married,1,7,97,0,3,Personal Auto,0,Personal L2,1,2,Call Center,3,Large,2,0
HE85298,California,5918.87,No,Basic,0,High School or Below,0,7/1/2024,Employed,1,F,43567,Married,1,8,7,0,1,Corporate Auto,1,Corporate L3,5,2,Branch,1,Medsize,1,0
LI31082,California,17201.49,Yes,Basic,0,Bachelor,2,7/1/2024,Employed,1,F,98623,Married,1,46,49,1,2,Personal Auto,0,Personal L2,1,1,Branch,1,Medsize,1,0
MI49191,California,12704.4,No,Premium,2,Bachelor,2,7/1/2024,Employed,1,M,129681,Married,1,8,77,0,3,Corporate Auto,1,Corporate L1,3,1,Branch,1,Large,2,0
EJ77678,Oregon,4367.74,No,Extended,1,Master,3,7/2/2024,Employed,1,F,102182,Married,1,23,59,1,1,Personal Auto,0,Personal L3,2,2,Branch,1,Small,0,0
WC35801,Arizona,3404.2,No,Basic,0,High School or Below,0,7/2/2024,Employed,1,M,71878,Divorced,2,5,20,2,1,Personal Auto,0,Personal L3,2,1,Call Center,3,Medsize,1,0
KP34198,California,4514.23,No,Extended,1,Bachelor,2,7/2/2024,Unemployed,0,F,0,Married,1,15,104,0,1,Corporate Auto,1,Corporate L2,4,2,Call Center,3,Medsize,1,0
XA55993,Oregon,4230.23,No,Extended,1,Master,3,7/2/2024,Employed,1,F,79448,Single,0,27,35,0,1,Personal Auto,0,Personal L3,2,2,Branch,1,Medsize,1,0
OZ97704,California,17708.65,No,Basic,0,High School or Below,0,7/2/2024,Employed,1,F,113820,Single,0,15,132,4,2,Personal Auto,0,Personal L3,2,3,Call Center,3,Small,0,0
BQ51587,California,7306.14,No,Basic,0,College,1,7/2/2024,Unemployed,0,F,0,Single,0,1,30,0,5,Personal Auto,0,Personal L2,1,2,Call Center,3,Medsize,1,0
GE87503,California,24585.04,No,Premium,2,High School or Below,0,7/2/2024,Employed,1,M,72482,Married,1,27,131,0,2,Personal Auto,0,Personal L3,2,4,Call Center,3,Small,0,0
OJ90342,Oregon,3317.55,No,Basic,0,Bachelor,2,7/2/2024,Employed,1,F,39806,Married,1,26,99,0,1,Personal Auto,0,Personal L3,2,2,Web,0,Medsize,1,0
EG48956,Washington,5441.99,No,Basic,0,College,1,7/2/2024,Unemployed,0,M,0,Married,1,47,80,3,3,Personal Auto,0,Personal L2,1,2,Call Center,3,Large,2,0
TE35785,California,9380.37,No,Basic,0,Doctor,4,7/2/2024,Unemployed,0,M,0,Married,1,0,99,2,1,Personal Auto,0,Personal L3,2,1,Branch,1,Large,2,1
GM16780,Oregon,48677.67,No,Extended,1,College,1,7/2/2024,Employed,1,M,121946,Single,0,0,116,3,2,Corporate Auto,1,Corporate L3,5,1,Call Center,3,Medsize,1,0
YE68736,California,10428.53,No,Premium,2,Bachelor,2,7/2/2024,Employed,1,F,43269,Married,1,5,54,1,1,Personal Auto,0,Personal L3,2,1,Call Center,3,Medsize,1,1
SI26888,Nevada,6431.66,No,Basic,0,High School or Below,0,7/2/2024,Unemployed,0,F,0,Single,0,24,99,0,8,Personal Auto,0,Personal L3,2,1,Web,0,Medsize,1,0
FG91922,Arizona,54302.42,No,Basic,0,Master,3,7/2/2024,Employed,1,M,65592,Married,1,9,19,0,2,Personal Auto,0,Personal L2,1,1,Branch,1,Medsize,1,0
KU88219,Arizona,6260.17,No,Basic,0,Master,3,7/2/2024,Employed,1,M,34852,Single,0,24,85,0,1,Personal Auto,0,Personal L1,0,3,Agent,2,Medsize,1,0
NE49052,California,8934.32,No,Extended,1,High School or Below,0,7/2/2024,Medical Leave,2,F,27092,Married,1,11,38,0,3,Corporate Auto,1,Corporate L2,4,1,Web,0,Medsize,1,0
TS53809,Oregon,9583.53,No,Basic,0,Bachelor,2,7/2/2024,Unemployed,0,M,0,Single,0,24,134,0,2,Personal Auto,0,Personal L1,0,1,Agent,2,Medsize,1,0
NH16984,California,3831.39,No,Extended,1,Bachelor,2,7/2/2024,Unemployed,0,F,0,Divorced,2,41,11,0,1,Personal Auto,0,Personal L1,0,1,Web,0,Medsize,1,0
FH51383,California,7191.01,No,Basic,0,High School or Below,0,7/2/2024,Employed,1,F,103568,Married,1,35,14,0,6,Personal Auto,0,Personal L3,2,4,Call Center,3,Large,2,0
GK72076,Washington,5628.63,No,Premium,2,Bachelor,2,7/2/2024,Employed,1,F,47867,Single,0,0,126,0,1,Personal Auto,0,Personal L3,2,1,Branch,1,Small,0,0
EL62967,Oregon,3662.44,No,Basic,0,High School or Below,0,7/2/2024,Employed,1,F,78986,Single,0,43,15,0,1,Personal Auto,0,Personal L3,2,2,Web,0,Medsize,1,0
QN62502,Oregon,5182.84,No,Extended,1,Bachelor,2,7/2/2024,Employed,1,F,94697,Married,1,38,88,0,1,Personal Auto,0,Personal L1,0,2,Branch,1,Medsize,1,0
GH54524,California,22914.55,No,Premium,2,High School or Below,0,7/2/2024,Employed,1,M,93821,Married,1,41,42,0,2,Personal Auto,0,Personal L3,2,4,Agent,2,Medsize,1,0
QI64880,California,9459.82,No,Basic,0,Bachelor,2,7/2/2024,Unemployed,0,M,0,Single,0,16,16,0,6,Corporate Auto,1,Corporate L3,5,2,Branch,1,Medsize,1,1
LZ26801,California,11018.13,No,Basic,0,High School or Below,0,7/2/2024,Employed,1,F,99179,Married,1,3,96,1,6,Personal Auto,0,Personal L1,0,3,Call Center,3,Medsize,1,0
GB39003,California,8485.16,No,Extended,1,High School or Below,0,7/2/2024,Unemployed,0,M,0,Single,0,5,85,0,7,Personal Auto,0,Personal L3,2,1,Agent,2,Medsize,1,0
UY95530,California,11689.47,Yes,Basic,0,College,1,7/2/2024,Employed,1,M,84326,Married,1,31,61,0,4,Personal Auto,0,Personal L2,1,2,Agent,2,Medsize,1,0
ZU88113,Oregon,8946.69,No,Extended,1,College,1,7/2/2024,Employed,1,M,122514,Married,1,3,30,1,8,Personal Auto,0,Personal L2,1,1,Agent,2,Medsize,1,0
NQ42020,Oregon,9885.95,No,Basic,0,High School or Below,0,7/2/2024,Employed,1,M,109166,Married,1,7,41,0,1,Personal Auto,0,Personal L3,2,3,Agent,2,Medsize,1,0
WF34690,Oregon,26132.45,No,Basic,0,Bachelor,2,7/2/2024,Unemployed,0,F,0,Married,1,27,89,1,2,Personal Auto,0,Personal L3,2,1,Branch,1,Medsize,1,0
TP12241,California,6916.32,No,Basic,0,College,1,7/2/2024,Medical Leave,2,F,30156,Married,1,12,50,1,9,Personal Auto,0,Personal L3,2,1,Branch,1,Medsize,1,0
YU49449,California,3545.48,No,Basic,0,Bachelor,2,7/2/2024,Employed,1,M,56687,Married,1,31,26,0,1,Personal Auto,0,Personal L2,1,1,Agent,2,Medsize,1,0
FU74983,Nevada,30780.72,No,Extended,1,Bachelor,2,7/2/2024,Employed,1,F,92841,Divorced,2,14,95,0,2,Personal Auto,0,Personal L3,2,1,Call Center,3,Medsize,1,0
EW86465,Arizona,6425.49,No,Basic,0,High School or Below,0,7/2/2024,Employed,1,M,36108,Married,1,15,59,0,3,Corporate Auto,1,Corporate L2,4,3,Web,0,Medsize,1,0
JV63229,Arizona,9283.02,No,Extended,1,Bachelor,2,7/2/2024,Employed,1,M,110642,Divorced,2,31,103,0,4,Personal Auto,0,Personal L2,1,2,Branch,1,Medsize,1,0
DR84620,California,10896.3,No,Basic,0,Bachelor,2,7/2/2024,Employed,1,M,97401,Married,1,24,58,0,6,Personal Auto,0,Personal L2,1,2,Call Center,3,Medsize,1,0
FA82777,Arizona,5624.09,No,Basic,0,High School or Below,0,7/2/2024,Unemployed,0,F,0,Single,0,36,43,3,5,Personal Auto,0,Personal L1,0,1,Agent,2,Small,0,0
AL27471,Oregon,5280.01,No,Extended,1,Doctor,4,7/2/2024,Employed,1,M,41608,Married,1,36,80,0,1,Personal Auto,0,Personal L3,2,2,Web,0,Medsize,1,0
KW52227,California,10549.72,No,Basic,0,Bachelor,2,7/2/2024,Employed,1,M,70162,Married,1,26,30,0,2,Personal Auto,0,Personal L2,1,2,Web,0,Medsize,1,0
YU80673,California,6894.16,No,Basic,0,College,1,7/2/2024,Disabled,4,F,40357,Married,1,12,93,4,3,Personal Auto,0,Personal L3,2,3,Agent,2,Large,2,0
RA17555,Oregon,6988.59,No,Basic,0,High School or Below,0,7/2/2024,Employed,1,M,56070,Married,1,3,62,0,9,Corporate Auto,1,Corporate L2,4,3,Agent,2,Medsize,1,0
MP68135,Oregon,8931.35,No,Extended,1,College,1,7/2/2024,Employed,1,M,122059,Married,1,9,66,1,6,Personal Auto,0,Personal L2,1,1,Call Center,3,Small,0,0
GE63585,California,3267.96,No,Basic,0,Bachelor,2,7/2/2024,Employed,1,M,42809,Divorced,2,7,39,0,1,Corporate Auto,1,Corporate L3,5,1,Call Center,3,Medsize,1,0
DB79694,Arizona,8072.63,Yes,Extended,1,High School or Below,0,7/2/2024,Employed,1,F,77886,Divorced,2,22,76,0,3,Corporate Auto,1,Corporate L3,5,2,Agent,2,Medsize,1,0
FR81224,Oregon,7418.08,No,Basic,0,Master,3,7/2/2024,Employed,1,M,120427,Married,1,38,116,0,6,Personal Auto,0,Personal L2,1,2,Agent,2,Medsize,1,0
YE45848,California,10835.48,No,Extended,1,Bachelor,2,7/2/2024,Employed,1,F,118018,Married,1,28,8,0,6,Corporate Auto,1,Corporate L2,4,1,Branch,1,Medsize,1,0
WW99844,Oregon,6674.52,No,Basic,0,High School or Below,0,7/2/2024,Employed,1,F,72369,Married,1,5,24,0,9,Personal Auto,0,Personal L2,1,3,Web,0,Medsize,1,0
SD30853,Oregon,17127.66,No,Basic,0,College,1,7/2/2024,Employed,1,F,86289,Single,0,5,19,0,2,Personal Auto,0,Personal L1,0,3,Agent,2,Small,0,0
FA90076,Oregon,3313.7,No,Basic,0,Bachelor,2,7/2/2024,Unemployed,0,F,0,Single,0,34,5,0,1,Personal Auto,0,Personal L3,2,2,Branch,1,Medsize,1,0
RK76184,Arizona,2914.99,No,Basic,0,College,1,7/2/2024,Unemployed,0,M,0,Married,1,12,53,0,1,Personal Auto,0,Personal L3,2,2,Web,0,Medsize,1,0
DY17416,Oregon,8142.55,No,Extended,1,College,1,7/2/2024,Employed,1,M,66878,Single,0,20,112,0,5,Personal Auto,0,Personal L3,2,2,Agent,2,Medsize,1,0
OM70085,Oregon,11591.81,No,Extended,1,Bachelor,2,7/2/2024,Unemployed,0,F,0,Single,0,39,18,0,2,Personal Auto,0,Personal L2,1,2,Agent,2,Medsize,1,0
ZG90341,Oregon,12360.97,No,Premium,2,Bachelor,2,7/2/2024,Employed,1,M,82620,Single,0,27,100,0,4,Personal Auto,0,Personal L2,1,1,Branch,1,Medsize,1,0
WB21698,California,5026.2,No,Extended,1,High School or Below,0,7/2/2024,Employed,1,F,43165,Married,1,34,104,0,1,Personal Auto,0,Personal L3,2,2,Branch,1,Medsize,1,0
DC91024,Oregon,21579.11,No,Basic,0,Bachelor,2,7/2/2024,Unemployed,0,M,0,Single,0,26,100,0,2,Personal Auto,0,Personal L3,2,4,Branch,1,Small,0,0
No69427,California,3776.86,No,Basic,0,High School or Below,0,7/2/2024,Employed,1,M,93965,Married,1,14,68,0,1,Corporate Auto,1,Corporate L3,5,4,Agent,2,Medsize,1,0
EF52334,Washington,4402.37,No,Extended,1,Bachelor,2,7/2/2024,Unemployed,0,M,0,Divorced,2,39,85,0,1,Personal Auto,0,Personal L1,0,3,Agent,2,Medsize,1,0
PC12390,Nevada,7434.66,No,Basic,0,Master,3,7/2/2024,Employed,1,M,101196,Single,0,15,59,1,3,Corporate Auto,1,Corporate L1,3,1,Call Center,3,Medsize,1,0
HI36042,California,16046.06,No,Basic,0,High School or Below,0,7/2/2024,Unemployed,0,M,0,Married,1,9,27,0,2,Personal Auto,0,Personal L3,2,3,Agent,2,Medsize,1,1
TL40288,Oregon,18025.96,No,Premium,2,College,1,7/2/2024,Unemployed,0,F,0,Married,1,24,88,0,2,Personal Auto,0,Personal L2,1,1,Agent,2,Medsize,1,0
FM31768,Arizona,8072.63,Yes,Extended,1,High School or Below,0,7/2/2024,Employed,1,F,77886,Divorced,2,22,76,0,3,Personal Auto,0,Personal L1,0,2,Agent,2,Medsize,1,0
FB55024,Oregon,4436.33,No,Extended,1,High School or Below,0,7/2/2024,Employed,1,F,82261,Married,1,20,86,0,1,Personal Auto,0,Personal L3,2,2,Call Center,3,Large,2,0
AC79024,Nevada,7469.86,No,Basic,0,Bachelor,2,7/2/2024,Employed,1,M,31375,Married,1,15,19,0,9,Personal Auto,0,Personal L1,0,2,Agent,2,Small,0,0
LX33054,Oregon,9124.39,No,Basic,0,High School or Below,0,7/2/2024,Unemployed,0,M,0,Single,0,30,51,0,1,Personal Auto,0,Personal L2,1,3,Web,0,Medsize,1,1
HY43263,California,11158.26,No,Extended,1,Bachelor,2,7/2/2024,Unemployed,0,F,0,Single,0,23,55,0,2,Corporate Auto,1,Corporate L3,5,2,Agent,2,Small,0,0
XT67997,California,8072.63,Yes,Extended,1,High School or Below,0,7/2/2024,Employed,1,F,77886,Divorced,2,22,76,0,3,Personal Auto,0,Personal L3,2,2,Agent,2,Medsize,1,0
ZT31931,Oregon,14009.45,No,Extended,1,High School or Below,0,7/2/2024,Unemployed,0,M,0,Married,1,1,93,0,2,Personal Auto,0,Personal L2,1,2,Web,0,Medsize,1,0
GU18646,Oregon,12598.87,No,Extended,1,Bachelor,2,7/2/2024,Employed,1,M,78309,Single,0,31,96,0,2,Special Auto,2,Special L3,8,1,Agent,2,Small,0,0
WP23743,California,9830.32,No,Extended,1,College,1,7/2/2024,Employed,1,M,64101,Married,1,26,61,0,3,Corporate Auto,1,Corporate L1,3,2,Branch,1,Small,0,0
ZD71862,Oregon,25991.6,No,Premium,2,High School or Below,0,7/2/2024,Employed,1,F,53858,Married,1,43,61,0,2,Personal Auto,0,Personal L3,2,3,Agent,2,Small,0,1
QV66305,Washington,11359.01,No,Basic,0,Master,3,7/2/2024,Employed,1,F,80768,Married,1,34,66,0,8,Personal Auto,0,Personal L1,0,1,Call Center,3,Large,2,0
AB73565,California,10429.47,No,Extended,1,Bachelor,2,7/2/2024,Employed,1,M,130610,Married,1,18,92,0,9,Personal Auto,0,Personal L3,2,2,Branch,1,Medsize,1,0
RV95842,California,10888.07,No,Extended,1,College,1,7/2/2024,Retired,3,M,40084,Divorced,2,4,72,0,2,Personal Auto,0,Personal L2,1,2,Branch,1,Medsize,1,0
IA87250,Arizona,3538.22,No,Basic,0,Master,3,7/2/2024,Employed,1,F,53025,Divorced,2,39,61,0,1,Personal Auto,0,Personal L2,1,4,Branch,1,Medsize,1,0
KB18303,California,11689.47,Yes,Basic,0,College,1,7/2/2024,Employed,1,M,84326,Married,1,31,61,0,4,Corporate Auto,1,Corporate L1,3,2,Agent,2,Medsize,1,0
YP27180,California,36827.1,No,Basic,0,College,1,7/2/2024,Employed,1,F,103316,Divorced,2,47,12,4,2,Personal Auto,0,Personal L2,1,3,Call Center,3,Medsize,1,0
ZF58696,California,17690.6,No,Extended,1,High School or Below,0,7/2/2024,Unemployed,0,M,0,Single,0,9,42,0,2,Personal Auto,0,Personal L3,2,1,Agent,2,Medsize,1,1
CH95772,California,3462.92,No,Basic,0,College,1,7/2/2024,Employed,1,M,92233,Single,0,42,59,0,1,Personal Auto,0,Personal L2,1,4,Branch,1,Medsize,1,0
BF69918,Oregon,7649.73,No,Extended,1,High School or Below,0,7/2/2024,Unemployed,0,M,0,Married,1,23,73,0,9,Personal Auto,0,Personal L2,1,1,Web,0,Medsize,1,0
JW45704,California,3116.74,No,Basic,0,Bachelor,2,7/2/2024,Unemployed,0,M,0,Married,1,45,132,0,1,Personal Auto,0,Personal L3,2,3,Agent,2,Medsize,1,0
BB21794,Oregon,7283.13,No,Basic,0,Bachelor,2,7/2/2024,Employed,1,F,40302,Single,0,11,49,0,6,Personal Auto,0,Personal L2,1,1,Agent,2,Medsize,1,0
EJ67407,Arizona,10833.09,No,Premium,2,High School or Below,0,7/2/2024,Employed,1,M,128508,Divorced,2,8,20,0,3,Corporate Auto,1,Corporate L2,4,2,Agent,2,Medsize,1,0
VN57368,California,9573.85,No,Basic,0,High School or Below,0,7/2/2024,Unemployed,0,M,0,Single,0,18,70,0,2,Corporate Auto,1,Corporate L1,3,1,Agent,2,Medsize,1,0
NZ81536,Washington,22559.63,No,Extended,1,Doctor,4,7/2/2024,Employed,1,F,98616,Single,0,4,57,0,2,Personal Auto,0,Personal L3,2,1,Branch,1,Medsize,1,0
RM70340,Oregon,3361.04,No,Basic,0,High School or Below,0,7/2/2024,Unemployed,0,M,0,Single,0,4,86,0,1,Corporate Auto,1,Corporate L3,5,2,Branch,1,Small,0,0
MK19833,Arizona,6166.63,No,Basic,0,College,1,7/2/2024,Disabled,4,M,20767,Married,1,14,49,0,4,Corporate Auto,1,Corporate L3,5,4,Web,0,Medsize,1,0
XJ92660,Nevada,6774.1,No,Basic,0,Master,3,7/2/2024,Employed,1,F,107749,Married,1,24,68,0,3,Personal Auto,0,Personal L2,1,4,Branch,1,Medsize,1,0
KW41658,Arizona,3421.31,No,Basic,0,Bachelor,2,7/2/2024,Employed,1,M,29168,Divorced,2,28,30,3,1,Personal Auto,0,Personal L3,2,4,Call Center,3,Medsize,1,0
LD48189,Nevada,8072.63,Yes,Extended,1,High School or Below,0,7/2/2024,Employed,1,F,77886,Divorced,2,22,76,0,3,Personal Auto,0,Personal L2,1,2,Agent,2,Medsize,1,0
BL44708,California,16951.89,No,Basic,0,High School or Below,0,7/2/2024,Unemployed,0,F,0,Single,0,46,14,0,2,Personal Auto,0,Personal L2,1,1,Branch,1,Small,0,0
EN97874,Oregon,8703.05,No,Extended,1,High School or Below,0,7/2/2024,Employed,1,F,74300,Married,1,27,119,1,8,Corporate Auto,1,Corporate L2,4,3,Agent,2,Medsize,1,0
VN22337,California,4419.95,No,Extended,1,College,1,7/2/2024,Employed,1,F,113223,Married,1,14,31,0,1,Personal Auto,0,Personal L1,0,1,Agent,2,Medsize,1,0
BK76340,California,11176.27,No,Extended,1,High School or Below,0,7/2/2024,Disabled,4,M,22847,Single,0,31,93,0,1,Personal Auto,0,Personal L2,1,1,Branch,1,Medsize,1,1
DQ50258,California,6499.37,No,Basic,0,College,1,7/2/2024,Unemployed,0,M,0,Single,0,23,5,0,4,Personal Auto,0,Personal L3,2,2,Agent,2,Medsize,1,0
QV89210,Nevada,8072.63,Yes,Extended,1,High School or Below,0,7/2/2024,Employed,1,F,77886,Divorced,2,22,76,0,3,Corporate Auto,1,Corporate L3,5,2,Agent,2,Medsize,1,0
VF17463,Oregon,11689.47,Yes,Basic,0,College,1,7/2/2024,Employed,1,M,84326,Married,1,31,61,0,4,Personal Auto,0,Personal L3,2,2,Agent,2,Medsize,1,0
EE59791,California,8007.23,No,Basic,0,High School or Below,0,7/2/2024,Employed,1,F,76433,Married,1,24,32,0,3,Personal Auto,0,Personal L2,1,4,Call Center,3,Small,0,0
BP53979,California,3396.89,No,Basic,0,Bachelor,2,7/2/2024,Employed,1,F,65919,Single,0,31,95,1,1,Personal Auto,0,Personal L2,1,1,Agent,2,Medsize,1,0
BV63942,Washington,12153.25,No,Premium,2,High School or Below,0,7/2/2024,Employed,1,M,102848,Married,1,31,26,0,3,Corporate Auto,1,Corporate L3,5,2,Agent,2,Small,0,0
JY42899,California,7161.87,No,Basic,0,Bachelor,2,7/2/2024,Medical Leave,2,M,35551,Single,0,12,127,0,3,Personal Auto,0,Personal L3,2,2,Agent,2,Medsize,1,0
AU98438,Arizona,3825.87,No,Basic,0,Bachelor,2,7/2/2024,Employed,1,F,127996,Married,1,15,54,0,1,Personal Auto,0,Personal L3,2,2,Branch,1,Medsize,1,0
EL44544,Oregon,17562.48,No,Basic,0,High School or Below,0,7/2/2024,Employed,1,F,77748,Divorced,2,7,100,0,2,Corporate Auto,1,Corporate L3,5,1,Agent,2,Medsize,1,0
QA72881,Oregon,11689.47,Yes,Basic,0,College,1,7/2/2024,Employed,1,M,84326,Married,1,31,61,0,4,Personal Auto,0,Personal L3,2,2,Agent,2,Medsize,1,0
AD38685,California,11689.47,Yes,Basic,0,College,1,7/2/2024,Employed,1,M,84326,Married,1,31,61,0,4,Personal Auto,0,Personal L3,2,2,Agent,2,Medsize,1,0
KC67832,California,23345.46,No,Extended,1,College,1,7/2/2024,Employed,1,M,108038,Married,1,46,50,0,2,Corporate Auto,1,Corporate L1,3,2,Web,0,Medsize,1,0
EA87824,Arizona,9267.27,No,Extended,1,College,1,7/2/2024,Employed,1,F,130723,Married,1,26,31,0,3,Personal Auto,0,Personal L2,1,1,Branch,1,Small,0,0
OT36536,Oregon,7063.81,No,Basic,0,Bachelor,2,7/2/2024,Employed,1,M,56155,Married,1,16,16,0,5,Personal Auto,0,Personal L3,2,2,Call Center,3,Medsize,1,0
DE59454,Nevada,3452.74,No,Basic,0,Bachelor,2,7/2/2024,Employed,1,M,97473,Married,1,16,18,0,1,Corporate Auto,1,Corporate L3,5,2,Branch,1,Small,0,0
LB59405,California,8072.63,Yes,Extended,1,High School or Below,0,7/2/2024,Employed,1,F,77886,Divorced,2,22,76,0,3,Personal Auto,0,Personal L2,1,2,Agent,2,Medsize,1,0
EC22495,Oregon,4246.37,No,Extended,1,High School or Below,0,7/2/2024,Employed,1,M,70311,Married,1,3,63,0,1,Personal Auto,0,Personal L3,2,4,Branch,1,Small,0,0
LX77880,Oregon,6555.29,No,Basic,0,Bachelor,2,7/2/2024,Employed,1,F,32601,Married,1,20,14,0,3,Personal Auto,0,Personal L1,0,1,Agent,2,Small,0,0
IA85970,California,10934.28,No,Basic,0,Bachelor,2,7/2/2024,Unemployed,0,F,0,Divorced,2,26,57,0,6,Personal Auto,0,Personal L3,2,1,Branch,1,Medsize,1,0
BK47926,California,8606.36,No,Extended,1,High School or Below,0,7/2/2024,Employed,1,M,132459,Single,0,38,92,3,3,Personal Auto,0,Personal L3,2,2,Branch,1,Small,0,0
WO42164,Oregon,8728.05,No,Extended,1,High School or Below,0,7/2/2024,Unemployed,0,M,0,Single,0,12,32,0,3,Personal Auto,0,Personal L3,2,1,Call Center,3,Medsize,1,0
FH22095,California,3403.11,No,Basic,0,College,1,7/2/2024,Employed,1,M,53159,Married,1,9,72,0,1,Corporate Auto,1,Corporate L3,5,2,Branch,1,Small,0,0
VZ61940,Nevada,3602.79,No,Basic,0,Doctor,4,7/2/2024,Employed,1,F,70664,Married,1,5,9,0,1,Personal Auto,0,Personal L3,2,3,Agent,2,Small,0,0
YX96463,Oregon,8001.42,No,Basic,0,Bachelor,2,7/2/2024,Employed,1,F,79290,Married,1,35,57,0,9,Corporate Auto,1,Corporate L2,4,2,Call Center,3,Small,0,0
OL72669,Arizona,13544.93,No,Premium,2,Bachelor,2,7/2/2024,Unemployed,0,M,0,Single,0,7,113,0,3,Corporate Auto,1,Corporate L3,5,1,Call Center,3,Medsize,1,1
SR26762,California,10345.74,No,Basic,0,Bachelor,2,7/2/2024,Employed,1,F,47030,Married,1,43,36,0,2,Personal Auto,0,Personal L1,0,1,Agent,2,Medsize,1,0
EJ77557,California,9847.69,No,Extended,1,High School or Below,0,7/2/2024,Employed,1,M,103149,Married,1,30,115,0,9,Personal Auto,0,Personal L2,1,1,Agent,2,Medsize,1,0
BE25221,Arizona,8346.54,No,Extended,1,High School or Below,0,7/2/2024,Medical Leave,2,M,27097,Married,1,47,69,0,9,Corporate Auto,1,Corporate L3,5,1,Agent,2,Medsize,1,0
LW11571,California,3631.59,No,Basic,0,Bachelor,2,7/2/2024,Employed,1,M,117873,Divorced,2,5,7,0,1,Personal Auto,0,Personal L1,0,2,Agent,2,Small,0,0
EW68125,California,6601.18,No,Basic,0,Bachelor,2,7/2/2024,Employed,1,F,63206,Divorced,2,20,0,0,5,Personal Auto,0,Personal L2,1,1,Agent,2,Large,2,0
QJ31447,California,26107.92,No,Basic,0,Master,3,7/2/2024,Employed,1,M,30486,Married,1,0,100,0,2,Personal Auto,0,Personal L1,0,2,Web,0,Medsize,1,0
JK16503,California,6637.15,No,Basic,0,High School or Below,0,7/2/2024,Unemployed,0,M,0,Married,1,23,28,0,4,Personal Auto,0,Personal L1,0,1,Branch,1,Medsize,1,0
WG29557,California,6841.14,No,Basic,0,Master,3,7/2/2024,Employed,1,M,101141,Married,1,14,42,0,9,Personal Auto,0,Personal L2,1,2,Branch,1,Medsize,1,0
IJ25462,California,3841.45,No,Basic,0,Bachelor,2,7/2/2024,Employed,1,M,116952,Divorced,2,9,59,1,1,Personal Auto,0,Personal L2,1,3,Agent,2,Small,0,0
MC62068,California,9839.99,No,Extended,1,High School or Below,0,8/1/2024,Employed,1,M,107317,Married,1,26,41,0,3,Personal Auto,0,Personal L2,1,4,Agent,2,Large,2,0
ZW84453,Arizona,6906.92,No,Basic,0,Bachelor,2,8/1/2024,Unemployed,0,F,0,Married,1,1,15,0,5,Personal Auto,0,Personal L2,1,1,Web,0,Medsize,1,0
BI76326,California,16571.71,No,Premium,2,College,1,8/1/2024,Employed,1,F,70382,Single,0,8,116,0,9,Personal Auto,0,Personal L3,2,2,Call Center,3,Small,0,0
AP98768,California,14097.3,No,Extended,1,College,1,8/1/2024,Unemployed,0,F,0,Single,0,12,68,0,2,Personal Auto,0,Personal L1,0,1,Agent,2,Small,0,1
DW19309,Oregon,19205.78,No,Premium,2,High School or Below,0,8/1/2024,Employed,1,M,88730,Married,1,47,122,0,7,Corporate Auto,1,Corporate L1,3,1,Agent,2,Medsize,1,1
TT82373,California,14765.19,No,Extended,1,Bachelor,2,8/1/2024,Employed,1,F,28958,Married,1,20,47,0,4,Personal Auto,0,Personal L2,1,1,Branch,1,Medsize,1,1
VP57424,Nevada,9445.96,No,Extended,1,Bachelor,2,8/1/2024,Employed,1,F,75429,Married,1,41,26,0,6,Personal Auto,0,Personal L2,1,2,Agent,2,Small,0,0
CQ75652,Oregon,11261.19,No,Premium,2,College,1,8/1/2024,Unemployed,0,M,0,Divorced,2,20,104,0,4,Personal Auto,0,Personal L2,1,1,Agent,2,Medsize,1,0
TK60799,Arizona,5616.02,No,Basic,0,High School or Below,0,8/1/2024,Employed,1,F,129955,Married,1,7,7,0,1,Personal Auto,0,Personal L3,2,2,Agent,2,Small,0,0
XR87264,California,5914.6,No,Premium,2,Bachelor,2,8/1/2024,Employed,1,F,27806,Married,1,42,62,0,1,Personal Auto,0,Personal L2,1,2,Agent,2,Medsize,1,0
WL65572,California,2787.02,No,Basic,0,College,1,8/1/2024,Unemployed,0,M,0,Single,0,8,41,0,1,Personal Auto,0,Personal L3,2,2,Agent,2,Medsize,1,0
DE28132,Oregon,6409.44,No,Extended,1,College,1,8/1/2024,Employed,1,M,56923,Single,0,30,89,0,1,Corporate Auto,1,Corporate L3,5,1,Branch,1,Large,2,1
QD31377,California,11604.15,No,Basic,0,Bachelor,2,8/1/2024,Employed,1,M,46738,Married,1,28,43,1,8,Corporate Auto,1,Corporate L3,5,1,Branch,1,Medsize,1,0
DP26592,Oregon,3399.45,No,Basic,0,High School or Below,0,8/1/2024,Employed,1,M,116933,Single,0,12,14,0,1,Personal Auto,0,Personal L3,2,3,Agent,2,Medsize,1,0
AG22225,Oregon,9371.57,No,Extended,1,High School or Below,0,8/1/2024,Unemployed,0,M,0,Married,1,28,24,0,3,Personal Auto,0,Personal L3,2,2,Call Center,3,Small,0,0
LS98306,Nevada,18790.02,No,Premium,2,High School or Below,0,8/1/2024,Employed,1,M,86553,Divorced,2,32,43,0,2,Special Auto,2,Special L3,8,1,Agent,2,Medsize,1,0
EP93369,Arizona,11489.21,No,Extended,1,College,1,8/1/2024,Unemployed,0,F,0,Single,0,7,127,0,8,Personal Auto,0,Personal L2,1,2,Branch,1,Medsize,1,1
TD20252,Arizona,7179.04,No,Basic,0,College,1,8/1/2024,Employed,1,M,100024,Married,1,23,97,0,3,Personal Auto,0,Personal L2,1,2,Agent,2,Medsize,1,0
OJ33945,Oregon,11735.06,No,Basic,0,High School or Below,0,8/1/2024,Employed,1,F,131987,Divorced,2,30,19,0,2,Personal Auto,0,Personal L1,0,3,Agent,2,Medsize,1,0
EZ74530,Nevada,4150.04,No,Basic,0,High School or Below,0,8/1/2024,Unemployed,0,M,0,Single,0,34,45,3,1,Personal Auto,0,Personal L2,1,1,Web,0,Medsize,1,1
EV53200,Nevada,29030.86,No,Basic,0,College,1,8/1/2024,Employed,1,M,81308,Divorced,2,31,38,1,2,Personal Auto,0,Personal L2,1,1,Agent,2,Medsize,1,0
GV59387,California,7584.96,No,Basic,0,College,1,8/1/2024,Medical Leave,2,F,33099,Married,1,31,84,0,3,Personal Auto,0,Personal L2,1,1,Call Center,3,Large,2,0
QO54008,Oregon,18116.18,No,Extended,1,Master,3,8/1/2024,Unemployed,0,M,0,Divorced,2,20,15,0,2,Personal Auto,0,Personal L3,2,1,Call Center,3,Small,0,1
EW13798,California,5419.51,Yes,Extended,1,Doctor,4,8/1/2024,Employed,1,F,50468,Married,1,12,23,0,1,Personal Auto,0,Personal L3,2,2,Agent,2,Medsize,1,0
UF84144,Washington,4471.64,No,Extended,1,College,1,8/1/2024,Employed,1,M,35485,Married,1,9,1,0,1,Corporate Auto,1,Corporate L2,4,3,Call Center,3,Medsize,1,0
YK16362,Arizona,13788.89,No,Extended,1,Bachelor,2,8/1/2024,Employed,1,F,81105,Married,1,31,81,0,3,Corporate Auto,1,Corporate L1,3,3,Branch,1,Medsize,1,0
WF50693,Oregon,6528.9,No,Extended,1,High School or Below,0,8/1/2024,Disabled,4,M,22208,Married,1,8,109,0,1,Corporate Auto,1,Corporate L3,5,1,Branch,1,Medsize,1,1
MX80067,California,3387.51,No,Basic,0,High School or Below,0,8/1/2024,Employed,1,M,99961,Single,0,31,112,0,1,Personal Auto,0,Personal L3,2,3,Web,0,Medsize,1,0
KX75698,Oregon,7497.25,No,Extended,1,High School or Below,0,8/1/2024,Employed,1,M,130392,Married,1,42,134,0,1,Personal Auto,0,Personal L3,2,2,Agent,2,Medsize,1,1
DL20327,Oregon,10308,No,Basic,0,College,1,8/1/2024,Employed,1,F,73628,Married,1,7,100,0,2,Personal Auto,0,Personal L2,1,3,Agent,2,Medsize,1,0
JN69287,California,4697.68,No,Extended,1,High School or Below,0,8/1/2024,Employed,1,M,47295,Married,1,35,72,0,1,Personal Auto,0,Personal L2,1,1,Agent,2,Small,0,0
JY97451,California,3553.03,No,Basic,0,College,1,8/1/2024,Disabled,4,F,22918,Married,1,31,73,0,1,Personal Auto,0,Personal L3,2,1,Agent,2,Medsize,1,0
SJ87277,Arizona,3625.33,No,Basic,0,High School or Below,0,8/1/2024,Employed,1,M,101694,Married,1,20,23,0,1,Corporate Auto,1,Corporate L2,4,3,Branch,1,Large,2,0
GT66241,California,3259,No,Basic,0,High School or Below,0,8/1/2024,Unemployed,0,M,0,Single,0,34,41,0,1,Personal Auto,0,Personal L3,2,2,Call Center,3,Medsize,1,0
FX80133,California,6178.63,No,Premium,2,Master,3,8/1/2024,Employed,1,F,65568,Married,1,0,19,0,1,Personal Auto,0,Personal L3,2,1,Agent,2,Medsize,1,0
CL79250,Nevada,71295.51,No,Basic,0,Bachelor,2,8/1/2024,Unemployed,0,M,0,Married,1,11,95,0,2,Corporate Auto,1,Corporate L2,4,2,Agent,2,Small,0,1
WO64354,California,3714.34,No,Basic,0,Bachelor,2,8/1/2024,Employed,1,F,57490,Married,1,22,59,0,1,Personal Auto,0,Personal L1,0,1,Agent,2,Medsize,1,0
PR51268,Arizona,5419.51,Yes,Extended,1,Doctor,4,8/1/2024,Employed,1,F,50468,Married,1,12,23,0,1,Personal Auto,0,Personal L3,2,2,Agent,2,Medsize,1,0
MV89967,Oregon,31241.9,No,Premium,2,College,1,8/1/2024,Unemployed,0,F,0,Single,0,22,22,0,2,Personal Auto,0,Personal L2,1,1,Agent,2,Medsize,1,0
SQ18525,Arizona,11417.57,No,Basic,0,College,1,8/1/2024,Employed,1,F,35131,Married,1,35,45,1,2,Personal Auto,0,Personal L3,2,1,Branch,1,Medsize,1,0
LE41874,Nevada,6939.15,No,Extended,1,High School or Below,0,8/1/2024,Unemployed,0,F,0,Married,1,30,24,0,1,Corporate Auto,1,Corporate L3,5,1,Agent,2,Small,0,1
UL80763,Oregon,5419.51,Yes,Extended,1,Doctor,4,8/1/2024,Employed,1,F,50468,Married,1,12,23,0,1,Personal Auto,0,Personal L2,1,2,Agent,2,Medsize,1,0
AQ70619,California,17612.98,No,Basic,0,High School or Below,0,8/1/2024,Employed,1,M,95882,Married,1,35,130,1,2,Corporate Auto,1,Corporate L3,5,1,Agent,2,Medsize,1,0
KB75939,Oregon,12718.49,No,Extended,1,Bachelor,2,8/1/2024,Disabled,4,F,31130,Divorced,2,41,89,0,3,Corporate Auto,1,Corporate L3,5,3,Branch,1,Medsize,1,0
WQ89892,Washington,3520.55,No,Basic,0,College,1,8/1/2024,Unemployed,0,F,0,Married,1,35,59,1,1,Special Auto,2,Special L1,6,2,Branch,1,Medsize,1,0
KL29678,Oregon,11643.64,No,Basic,0,Master,3,8/1/2024,Employed,1,F,58874,Married,1,22,81,0,5,Personal Auto,0,Personal L3,2,2,Agent,2,Medsize,1,0
PQ27923,Washington,8549.59,No,Extended,1,Master,3,8/1/2024,Employed,1,M,96845,Divorced,2,9,107,0,4,Personal Auto,0,Personal L2,1,3,Agent,2,Medsize,1,0
JF90784,California,26086.37,No,Extended,1,High School or Below,0,8/1/2024,Unemployed,0,F,0,Divorced,2,32,4,1,2,Personal Auto,0,Personal L2,1,1,Branch,1,Small,0,1
CH50339,Arizona,3405.05,No,Basic,0,Master,3,8/1/2024,Unemployed,0,F,0,Married,1,24,86,1,1,Corporate Auto,1,Corporate L2,4,4,Call Center,3,Small,0,0
UF93725,Oregon,3023.52,No,Basic,0,Bachelor,2,8/1/2024,Unemployed,0,M,0,Single,0,3,103,0,1,Personal Auto,0,Personal L2,1,4,Web,0,Small,0,0
IV32877,Oregon,9257.65,No,Basic,0,Bachelor,2,8/1/2024,Unemployed,0,M,0,Single,0,42,1,0,3,Personal Auto,0,Personal L1,0,4,Web,0,Medsize,1,1
FN67085,California,3357.93,No,Basic,0,College,1,8/1/2024,Employed,1,M,30147,Divorced,2,15,16,0,1,Corporate Auto,1,Corporate L3,5,2,Web,0,Medsize,1,0
LZ81665,Washington,13034.85,No,Basic,0,High School or Below,0,8/1/2024,Unemployed,0,M,0,Single,0,41,5,2,2,Personal Auto,0,Personal L2,1,2,Call Center,3,Medsize,1,0
No74162,Arizona,10253.7,No,Basic,0,High School or Below,0,8/1/2024,Retired,3,M,27726,Divorced,2,34,86,0,7,Personal Auto,0,Personal L1,0,1,Agent,2,Small,0,0
NF82527,Arizona,3552.61,No,Basic,0,Bachelor,2,8/1/2024,Unemployed,0,M,0,Married,1,15,92,0,1,Personal Auto,0,Personal L3,2,2,Call Center,3,Large,2,0
YW72997,Arizona,9715.57,No,Basic,0,High School or Below,0,8/1/2024,Unemployed,0,M,0,Single,0,30,130,0,4,Personal Auto,0,Personal L2,1,4,Web,0,Medsize,1,1
WL72919,California,6716.08,No,Basic,0,College,1,8/1/2024,Employed,1,F,64988,Single,0,12,55,0,9,Personal Auto,0,Personal L1,0,3,Call Center,3,Medsize,1,0
YE64125,Oregon,3576.43,No,Basic,0,College,1,8/1/2024,Employed,1,F,48982,Divorced,2,19,85,1,1,Personal Auto,0,Personal L2,1,1,Call Center,3,Medsize,1,0
KP83069,California,9836.31,No,Basic,0,High School or Below,0,8/1/2024,Unemployed,0,F,0,Single,0,5,112,1,2,Personal Auto,0,Personal L3,2,2,Branch,1,Small,0,0
DI19952,Arizona,12193.7,No,Extended,1,Bachelor,2,8/1/2024,Unemployed,0,F,0,Married,1,32,28,0,2,Personal Auto,0,Personal L1,0,1,Branch,1,Medsize,1,0
ZR66788,California,3679.67,No,Basic,0,High School or Below,0,8/1/2024,Employed,1,F,52867,Married,1,11,113,3,1,Personal Auto,0,Personal L3,2,1,Branch,1,Medsize,1,0
VT44999,Arizona,5209.47,No,Basic,0,High School or Below,0,8/1/2024,Unemployed,0,F,0,Married,1,20,78,1,1,Personal Auto,0,Personal L3,2,3,Agent,2,Medsize,1,0
IC82877,Arizona,18942.8,No,Basic,0,Bachelor,2,8/1/2024,Employed,1,M,78424,Married,1,9,76,1,2,Personal Auto,0,Personal L2,1,2,Branch,1,Medsize,1,0
XA21742,California,36543.82,No,Extended,1,Bachelor,2,8/1/2024,Employed,1,F,30989,Single,0,8,31,3,2,Personal Auto,0,Personal L3,2,3,Branch,1,Small,0,0
FY86121,Oregon,11120.46,No,Basic,0,College,1,8/1/2024,Employed,1,M,95691,Married,1,27,68,0,2,Personal Auto,0,Personal L3,2,1,Agent,2,Medsize,1,0
NK16909,Oregon,11055.04,No,Basic,0,Doctor,4,8/1/2024,Employed,1,M,61179,Married,1,23,36,0,8,Personal Auto,0,Personal L2,1,2,Call Center,3,Large,2,0
AT13963,Washington,21417.97,No,Extended,1,Master,3,8/1/2024,Employed,1,F,59327,Divorced,2,18,112,0,2,Corporate Auto,1,Corporate L2,4,2,Call Center,3,Medsize,1,0
IS48950,California,11725.99,No,Basic,0,College,1,8/1/2024,Employed,1,M,118184,Married,1,38,124,1,3,Corporate Auto,1,Corporate L1,3,2,Branch,1,Small,0,0
TN54884,California,20158.33,No,Basic,0,College,1,8/1/2024,Employed,1,F,52716,Married,1,41,46,0,2,Personal Auto,0,Personal L2,1,2,Agent,2,Medsize,1,0
CP87192,California,8262.25,No,Extended,1,College,1,8/1/2024,Medical Leave,2,F,32188,Married,1,1,57,0,5,Personal Auto,0,Personal L3,2,3,Branch,1,Medsize,1,0
FK28721,Oregon,10414.78,No,Basic,0,High School or Below,0,8/1/2024,Unemployed,0,M,0,Single,0,45,32,0,2,Corporate Auto,1,Corporate L2,4,3,Agent,2,Medsize,1,0
GV35061,Oregon,30407,No,Basic,0,High School or Below,0,8/1/2024,Employed,1,M,93617,Married,1,36,57,1,2,Special Auto,2,Special L3,8,2,Branch,1,Medsize,1,0
IL12516,Oregon,3766.16,No,Basic,0,Bachelor,2,8/1/2024,Medical Leave,2,F,20944,Married,1,27,32,0,1,Corporate Auto,1,Corporate L2,4,4,Web,0,Medsize,1,0
EL82767,Arizona,5025.2,No,Basic,0,College,1,8/1/2024,Unemployed,0,F,0,Married,1,34,82,2,1,Personal Auto,0,Personal L3,2,3,Agent,2,Medsize,1,0
XB64207,Arizona,5558.58,No,Basic,0,Bachelor,2,8/1/2024,Employed,1,F,116236,Married,1,5,99,0,1,Personal Auto,0,Personal L1,0,1,Agent,2,Medsize,1,0
JK74110,California,5373.57,No,Extended,1,High School or Below,0,8/1/2024,Employed,1,M,132750,Married,1,22,93,1,1,Personal Auto,0,Personal L3,2,1,Branch,1,Medsize,1,0
IR73545,Oregon,18532.53,Yes,Extended,1,College,1,8/1/2024,Unemployed,0,M,0,Single,0,16,5,0,2,Personal Auto,0,Personal L2,1,1,Agent,2,Medsize,1,0
CV63337,Oregon,4723.84,No,Extended,1,Bachelor,2,8/1/2024,Employed,1,F,50319,Divorced,2,14,117,0,1,Personal Auto,0,Personal L3,2,1,Branch,1,Large,2,0
AP89323,Nevada,3683.94,No,Basic,0,College,1,8/1/2024,Employed,1,F,54697,Divorced,2,12,101,0,1,Personal Auto,0,Personal L2,1,3,Agent,2,Small,0,0
DA10870,Arizona,8491.23,No,Extended,1,Bachelor,2,8/1/2024,Employed,1,M,54911,Married,1,41,20,2,5,Personal Auto,0,Personal L2,1,1,Call Center,3,Small,0,0
YK36937,Washington,7817.87,No,Basic,0,College,1,8/1/2024,Employed,1,M,45629,Married,1,11,63,1,3,Personal Auto,0,Personal L3,2,3,Agent,2,Medsize,1,0
ZB54635,California,3408.27,No,Basic,0,Bachelor,2,8/1/2024,Unemployed,0,F,0,Married,1,15,109,3,1,Personal Auto,0,Personal L1,0,1,Agent,2,Small,0,0
TQ85537,Washington,4023.63,No,Basic,0,College,1,8/1/2024,Employed,1,M,98103,Married,1,39,53,0,1,Personal Auto,0,Personal L3,2,4,Agent,2,Medsize,1,0
HA56608,California,18532.53,Yes,Extended,1,College,1,8/1/2024,Unemployed,0,M,0,Single,0,16,5,0,2,Special Auto,2,Special L3,8,1,Agent,2,Medsize,1,0
EC71857,Washington,3284.49,No,Basic,0,Doctor,4,8/1/2024,Employed,1,F,38501,Married,1,12,127,0,1,Personal Auto,0,Personal L2,1,2,Agent,2,Medsize,1,0
KW84736,California,3633.66,No,Basic,0,College,1,8/1/2024,Employed,1,M,44690,Married,1,14,31,1,1,Personal Auto,0,Personal L3,2,2,Agent,2,Small,0,0
VY30333,Nevada,8311.09,No,Extended,1,College,1,8/1/2024,Employed,1,M,106412,Divorced,2,14,16,0,6,Personal Auto,0,Personal L3,2,1,Agent,2,Medsize,1,0
ZN71189,Oregon,5419.51,Yes,Extended,1,Doctor,4,8/1/2024,Employed,1,F,50468,Married,1,12,23,0,1,Personal Auto,0,Personal L3,2,2,Agent,2,Medsize,1,0
QL46987,Oregon,12261.83,No,Premium,2,Bachelor,2,8/1/2024,Employed,1,F,46481,Divorced,2,22,69,0,8,Personal Auto,0,Personal L3,2,1,Branch,1,Medsize,1,0
FP34904,Oregon,3936.08,No,Basic,0,College,1,8/1/2024,Employed,1,M,116909,Married,1,43,120,0,1,Corporate Auto,1,Corporate L1,3,2,Web,0,Medsize,1,0
QV86635,California,10027.13,No,Extended,1,Bachelor,2,8/1/2024,Employed,1,M,38945,Single,0,30,73,0,7,Corporate Auto,1,Corporate L3,5,3,Branch,1,Medsize,1,0
WY27579,Oregon,9759.59,No,Extended,1,Bachelor,2,8/1/2024,Employed,1,M,81466,Single,0,30,14,0,5,Personal Auto,0,Personal L3,2,2,Web,0,Large,2,0
MH76107,California,5418.83,No,Basic,0,College,1,8/1/2024,Employed,1,M,76391,Married,1,45,116,0,1,Personal Auto,0,Personal L3,2,2,Agent,2,Medsize,1,0
WT21922,Arizona,23946.57,No,Basic,0,High School or Below,0,8/1/2024,Employed,1,F,88220,Married,1,47,78,0,2,Corporate Auto,1,Corporate L1,3,1,Branch,1,Medsize,1,0
OX35378,Oregon,4259.87,No,Extended,1,Bachelor,2,8/1/2024,Employed,1,M,49553,Married,1,26,90,0,1,Personal Auto,0,Personal L3,2,1,Agent,2,Medsize,1,0
AD33653,Oregon,4488.14,No,Extended,1,High School or Below,0,8/1/2024,Unemployed,0,M,0,Married,1,18,23,0,1,Personal Auto,0,Personal L2,1,1,Agent,2,Medsize,1,0
DQ58142,Arizona,11558.11,No,Basic,0,High School or Below,0,8/1/2024,Employed,1,M,50975,Married,1,12,69,0,5,Corporate Auto,1,Corporate L3,5,4,Web,0,Medsize,1,0
WO30947,Washington,7220.21,No,Basic,0,Bachelor,2,8/1/2024,Employed,1,M,42622,Married,1,19,128,3,3,Personal Auto,0,Personal L2,1,2,Call Center,3,Medsize,1,0
BX70848,Washington,18532.53,Yes,Extended,1,College,1,8/1/2024,Unemployed,0,M,0,Single,0,16,5,0,2,Personal Auto,0,Personal L3,2,1,Agent,2,Medsize,1,0
YP29527,Oregon,11167.65,No,Basic,0,College,1,8/1/2024,Employed,1,M,130530,Married,1,46,108,0,5,Personal Auto,0,Personal L2,1,1,Agent,2,Medsize,1,0
HV16877,California,3674.14,No,Basic,0,High School or Below,0,8/1/2024,Employed,1,F,58425,Married,1,14,14,0,1,Personal Auto,0,Personal L1,0,2,Call Center,3,Small,0,0
CC46747,Arizona,25229.21,No,Extended,1,High School or Below,0,8/1/2024,Unemployed,0,F,0,Single,0,3,89,0,2,Personal Auto,0,Personal L2,1,1,Agent,2,Small,0,0
YT74573,California,18532.53,Yes,Extended,1,College,1,8/1/2024,Unemployed,0,M,0,Single,0,16,5,0,2,Personal Auto,0,Personal L1,0,1,Agent,2,Medsize,1,0
MP22051,Washington,3531.4,No,Basic,0,College,1,8/1/2024,Employed,1,M,73324,Married,1,18,132,0,1,Personal Auto,0,Personal L3,2,2,Branch,1,Medsize,1,0
YT46746,Oregon,8720.52,No,Extended,1,College,1,8/1/2024,Employed,1,F,32792,Married,1,20,113,0,8,Personal Auto,0,Personal L1,0,4,Branch,1,Medsize,1,0
RW71963,Nevada,9765.28,No,Extended,1,High School or Below,0,8/1/2024,Employed,1,F,127643,Single,0,0,126,0,7,Personal Auto,0,Personal L3,2,2,Agent,2,Small,0,0
OD79784,Arizona,3617.58,No,Basic,0,Bachelor,2,8/1/2024,Employed,1,M,114008,Single,0,24,16,0,1,Corporate Auto,1,Corporate L3,5,2,Branch,1,Medsize,1,0
VE85103,Nevada,3306.32,No,Basic,0,College,1,8/1/2024,Medical Leave,2,M,27765,Married,1,32,103,4,1,Personal Auto,0,Personal L2,1,4,Agent,2,Large,2,0
HD83496,Arizona,3345.54,No,Basic,0,Bachelor,2,8/1/2024,Unemployed,0,M,0,Single,0,32,43,0,1,Corporate Auto,1,Corporate L3,5,2,Web,0,Large,2,0
DN67273,Oregon,10838.45,No,Basic,0,High School or Below,0,8/1/2024,Unemployed,0,F,0,Single,0,35,113,0,2,Personal Auto,0,Personal L3,2,1,Agent,2,Small,0,0
GG84614,Oregon,4092.64,No,Extended,1,High School or Below,0,8/1/2024,Employed,1,F,37037,Single,0,12,8,0,1,Personal Auto,0,Personal L3,2,3,Branch,1,Medsize,1,0
CW85845,California,3718.52,No,Basic,0,High School or Below,0,8/1/2024,Employed,1,F,33954,Married,1,30,26,0,1,Corporate Auto,1,Corporate L2,4,2,Agent,2,Medsize,1,0
LA35379,Oregon,3988.42,No,Basic,0,Master,3,8/1/2024,Employed,1,F,84322,Married,1,20,9,0,1,Personal Auto,0,Personal L1,0,2,Agent,2,Small,0,0
NY57065,California,3802.62,No,Basic,0,Bachelor,2,8/1/2024,Employed,1,M,57965,Married,1,19,12,0,1,Corporate Auto,1,Corporate L1,3,1,Call Center,3,Small,0,0
EW15755,California,13338.13,No,Extended,1,Master,3,8/1/2024,Employed,1,F,84140,Married,1,11,72,0,8,Personal Auto,0,Personal L1,0,1,Agent,2,Medsize,1,0
EP64069,California,6936.63,No,Basic,0,Bachelor,2,8/1/2024,Employed,1,F,97556,Married,1,3,89,0,9,Corporate Auto,1,Corporate L3,5,3,Web,0,Medsize,1,0
TE79454,California,20223.06,No,Extended,1,Bachelor,2,8/1/2024,Unemployed,0,F,0,Single,0,35,68,0,8,Personal Auto,0,Personal L2,1,1,Branch,1,Medsize,1,1
LZ56963,California,11605.37,No,Basic,0,College,1,8/1/2024,Employed,1,F,34810,Single,0,11,30,1,4,Corporate Auto,1,Corporate L2,4,1,Call Center,3,Small,0,0
IV60781,California,5419.51,Yes,Extended,1,Doctor,4,8/1/2024,Employed,1,F,50468,Married,1,12,23,0,1,Personal Auto,0,Personal L1,0,2,Agent,2,Medsize,1,0
HK40573,California,19416.46,No,Extended,1,College,1,8/1/2024,Employed,1,M,70435,Married,1,30,34,0,2,Personal Auto,0,Personal L2,1,1,Call Center,3,Medsize,1,0
AT33529,California,3748.61,No,Basic,0,Doctor,4,8/1/2024,Employed,1,F,41706,Divorced,2,34,18,0,1,Corporate Auto,1,Corporate L2,4,3,Branch,1,Medsize,1,0
SR38658,Arizona,16513.04,No,Basic,0,High School or Below,0,8/2/2024,Employed,1,M,58379,Married,1,20,22,0,2,Personal Auto,0,Personal L2,1,4,Agent,2,Medsize,1,0
SX26335,Oregon,12896.45,No,Extended,1,College,1,8/2/2024,Employed,1,F,131938,Married,1,0,95,0,2,Personal Auto,0,Personal L3,2,4,Branch,1,Medsize,1,0
RV98763,Oregon,8654.81,No,Extended,1,College,1,8/2/2024,Employed,1,M,83307,Married,1,7,55,2,7,Personal Auto,0,Personal L3,2,3,Branch,1,Medsize,1,0
XV84099,Arizona,7430.59,Yes,Basic,0,Bachelor,2,8/2/2024,Unemployed,0,F,0,Married,1,24,61,0,5,Corporate Auto,1,Corporate L1,3,1,Call Center,3,Medsize,1,0
JC11405,Oregon,14801.34,Yes,Premium,2,High School or Below,0,8/2/2024,Employed,1,M,75177,Divorced,2,45,123,0,1,Personal Auto,0,Personal L3,2,1,Agent,2,Medsize,1,1
BV55014,Oregon,9812.79,No,Basic,0,Bachelor,2,8/2/2024,Employed,1,M,33001,Single,0,24,20,0,2,Personal Auto,0,Personal L3,2,1,Agent,2,Medsize,1,0
VW27730,California,11699.04,No,Basic,0,Master,3,8/2/2024,Employed,1,F,55570,Married,1,15,89,0,3,Corporate Auto,1,Corporate L2,4,1,Branch,1,Small,0,0
SN16059,California,3565.95,No,Basic,0,Master,3,8/2/2024,Employed,1,F,39562,Married,1,1,51,0,1,Personal Auto,0,Personal L2,1,3,Web,0,Small,0,0
LH26563,Oregon,6143.66,No,Premium,2,High School or Below,0,8/2/2024,Disabled,4,F,24183,Married,1,0,53,0,1,Personal Auto,0,Personal L3,2,3,Web,0,Small,0,0
QG15661,Oregon,3274.42,No,Basic,0,College,1,8/2/2024,Employed,1,M,90235,Divorced,2,5,99,0,1,Personal Auto,0,Personal L3,2,4,Call Center,3,Medsize,1,0
VW46878,Oregon,10692.38,No,Basic,0,High School or Below,0,8/2/2024,Employed,1,F,80525,Married,1,27,97,0,2,Personal Auto,0,Personal L3,2,3,Agent,2,Medsize,1,0
MK52197,Nevada,7434.54,No,Basic,0,Master,3,8/2/2024,Unemployed,0,F,0,Married,1,4,51,0,3,Personal Auto,0,Personal L3,2,1,Branch,1,Medsize,1,0
RJ79502,Arizona,11476.73,No,Basic,0,Bachelor,2,8/2/2024,Employed,1,M,132304,Divorced,2,5,62,0,7,Personal Auto,0,Personal L3,2,3,Call Center,3,Small,0,0
AV72430,Oregon,22317.8,No,Premium,2,Master,3,8/2/2024,Employed,1,M,101960,Married,1,35,92,1,2,Personal Auto,0,Personal L3,2,3,Branch,1,Small,0,0
HR64684,Oregon,11731.26,No,Extended,1,Master,3,8/2/2024,Unemployed,0,M,0,Divorced,2,34,77,5,2,Personal Auto,0,Personal L2,1,1,Agent,2,Medsize,1,0
BU16704,Oregon,7938.35,No,Extended,1,High School or Below,0,8/2/2024,Unemployed,0,F,0,Single,0,42,34,0,8,Personal Auto,0,Personal L1,0,2,Branch,1,Large,2,0
YU72540,Arizona,13982.8,No,Basic,0,College,1,8/2/2024,Employed,1,F,71192,Married,1,28,26,0,2,Personal Auto,0,Personal L3,2,1,Call Center,3,Medsize,1,0
XZ64172,Oregon,14801.34,Yes,Premium,2,High School or Below,0,8/2/2024,Employed,1,M,75177,Divorced,2,45,123,0,1,Corporate Auto,1,Corporate L2,4,1,Agent,2,Medsize,1,1
MD43085,Oregon,5366.68,No,Premium,2,Doctor,4,8/2/2024,Employed,1,F,91658,Married,1,34,36,4,1,Personal Auto,0,Personal L3,2,2,Call Center,3,Medsize,1,0
WP58340,Arizona,14801.34,Yes,Premium,2,High School or Below,0,8/2/2024,Employed,1,M,75177,Divorced,2,45,123,0,1,Personal Auto,0,Personal L2,1,1,Agent,2,Medsize,1,1
PG43749,Oregon,5829.88,No,Premium,2,College,1,8/2/2024,Disabled,4,F,23722,Married,1,0,47,0,1,Personal Auto,0,Personal L1,0,3,Call Center,3,Medsize,1,0
QS76805,Arizona,10817.44,No,Basic,0,High School or Below,0,8/2/2024,Unemployed,0,M,0,Married,1,23,53,0,5,Corporate Auto,1,Corporate L2,4,1,Branch,1,Medsize,1,0
HN63935,Arizona,4635.66,No,Extended,1,Master,3,8/2/2024,Employed,1,M,115245,Married,1,36,27,0,1,Personal Auto,0,Personal L2,1,4,Agent,2,Large,2,0
YT25875,California,3748.39,No,Basic,0,College,1,8/2/2024,Employed,1,F,68830,Divorced,2,9,42,0,1,Personal Auto,0,Personal L2,1,4,Agent,2,Medsize,1,0
YI85251,Nevada,24813.53,No,Extended,1,High School or Below,0,8/2/2024,Employed,1,M,68049,Married,1,41,90,0,2,Personal Auto,0,Personal L3,2,1,Agent,2,Medsize,1,0
IV35546,Nevada,7751.29,No,Basic,0,Master,3,8/2/2024,Employed,1,F,61857,Married,1,5,120,0,8,Corporate Auto,1,Corporate L1,3,1,Branch,1,Medsize,1,0
NP66209,California,20017.68,No,Basic,0,College,1,8/2/2024,Unemployed,0,F,0,Married,1,42,93,2,2,Personal Auto,0,Personal L3,2,2,Call Center,3,Medsize,1,0
AQ11656,Arizona,2891.36,No,Basic,0,Bachelor,2,8/2/2024,Unemployed,0,M,0,Married,1,7,122,0,1,Personal Auto,0,Personal L2,1,4,Call Center,3,Medsize,1,0
II37804,Nevada,5667.34,No,Basic,0,Bachelor,2,8/2/2024,Employed,1,M,53883,Married,1,22,82,0,1,Personal Auto,0,Personal L3,2,1,Agent,2,Small,0,0
QA68548,California,14357.03,No,Basic,0,High School or Below,0,8/2/2024,Unemployed,0,F,0,Single,0,47,96,0,2,Personal Auto,0,Personal L3,2,2,Agent,2,Medsize,1,0
XM19715,Oregon,7190.78,No,Basic,0,College,1,8/2/2024,Employed,1,F,30062,Married,1,16,95,0,8,Personal Auto,0,Personal L1,0,3,Call Center,3,Medsize,1,0
PT73521,California,3689.03,No,Basic,0,College,1,8/2/2024,Employed,1,M,58007,Married,1,20,115,0,1,Personal Auto,0,Personal L1,0,3,Agent,2,Medsize,1,0
YG46815,Arizona,12447.02,No,Extended,1,High School or Below,0,8/2/2024,Unemployed,0,M,0,Single,0,18,38,0,4,Personal Auto,0,Personal L3,2,1,Agent,2,Medsize,1,1
VK53354,Washington,37726.96,No,Extended,1,Bachelor,2,8/2/2024,Unemployed,0,M,0,Single,0,43,93,0,2,Special Auto,2,Special L3,8,2,Call Center,3,Medsize,1,0
TN39471,Arizona,4587.31,No,Extended,1,High School or Below,0,8/2/2024,Unemployed,0,F,0,Married,1,9,101,0,1,Personal Auto,0,Personal L2,1,4,Agent,2,Medsize,1,0
PV24005,Oregon,5698.77,No,Basic,0,High School or Below,0,8/2/2024,Unemployed,0,M,0,Single,0,16,92,0,3,Personal Auto,0,Personal L1,0,3,Web,0,Small,0,0
QB15345,California,3755.15,No,Basic,0,High School or Below,0,8/2/2024,Unemployed,0,F,0,Single,0,11,18,0,1,Personal Auto,0,Personal L3,2,4,Web,0,Medsize,1,0
RN87402,California,13998.67,No,Basic,0,College,1,8/2/2024,Unemployed,0,F,0,Married,1,47,68,0,2,Corporate Auto,1,Corporate L2,4,1,Branch,1,Small,0,0
LH26131,Nevada,5233.64,No,Premium,2,High School or Below,0,8/2/2024,Unemployed,0,F,0,Single,0,3,24,0,1,Personal Auto,0,Personal L2,1,1,Agent,2,Large,2,1
EA68909,California,3300.61,No,Basic,0,Bachelor,2,8/2/2024,Employed,1,M,65439,Single,0,1,99,0,1,Personal Auto,0,Personal L3,2,2,Agent,2,Medsize,1,0
IZ71030,California,3469.76,No,Basic,0,College,1,8/2/2024,Employed,1,F,93752,Married,1,31,43,1,1,Personal Auto,0,Personal L2,1,3,Branch,1,Medsize,1,0
FD98839,Oregon,3907.34,No,Basic,0,College,1,8/2/2024,Employed,1,M,71110,Married,1,11,66,0,1,Personal Auto,0,Personal L1,0,2,Call Center,3,Large,2,0
VF58561,Oregon,6743.54,No,Basic,0,Bachelor,2,8/2/2024,Employed,1,F,111258,Divorced,2,16,107,0,3,Personal Auto,0,Personal L3,2,1,Agent,2,Medsize,1,0
PB90912,California,10535.43,No,Basic,0,High School or Below,0,8/2/2024,Employed,1,M,95625,Married,1,20,45,0,1,Personal Auto,0,Personal L2,1,2,Web,0,Large,2,1
RA62150,Arizona,38388.11,No,Basic,0,College,1,8/2/2024,Unemployed,0,F,0,Single,0,39,30,0,2,Personal Auto,0,Personal L1,0,2,Branch,1,Medsize,1,1
TQ84956,California,14801.34,Yes,Premium,2,High School or Below,0,8/2/2024,Employed,1,M,75177,Divorced,2,45,123,0,1,Corporate Auto,1,Corporate L3,5,1,Agent,2,Medsize,1,1
XI56955,Washington,7430.59,Yes,Basic,0,Bachelor,2,8/2/2024,Unemployed,0,F,0,Married,1,24,61,0,5,Personal Auto,0,Personal L2,1,1,Call Center,3,Medsize,1,0
JO11457,Oregon,6281.68,No,Basic,0,High School or Below,0,8/2/2024,Unemployed,0,M,0,Single,0,1,5,1,4,Personal Auto,0,Personal L2,1,1,Agent,2,Medsize,1,0
KV99077,Nevada,6962.02,No,Basic,0,College,1,8/2/2024,Employed,1,M,59273,Divorced,2,8,72,0,6,Personal Auto,0,Personal L1,0,1,Web,0,Small,0,0
IH17933,Washington,6024.3,No,Basic,0,College,1,8/2/2024,Employed,1,M,94619,Married,1,0,45,0,1,Personal Auto,0,Personal L3,2,2,Call Center,3,Large,2,0
YA17061,Nevada,5017.25,No,Extended,1,High School or Below,0,8/2/2024,Medical Leave,2,F,23169,Married,1,20,39,0,1,Corporate Auto,1,Corporate L2,4,2,Web,0,Small,0,0
LN62857,California,8106.79,No,Extended,1,Master,3,8/2/2024,Medical Leave,2,F,32061,Married,1,27,8,0,4,Personal Auto,0,Personal L2,1,1,Agent,2,Medsize,1,0
UE10014,Arizona,17370.31,No,Basic,0,High School or Below,0,8/2/2024,Unemployed,0,M,0,Single,0,32,126,0,6,Personal Auto,0,Personal L3,2,1,Agent,2,Small,0,1
AG56998,Oregon,3305.67,No,Basic,0,College,1,8/2/2024,Unemployed,0,M,0,Married,1,9,92,0,1,Corporate Auto,1,Corporate L3,5,2,Branch,1,Medsize,1,0
DD68171,Arizona,4762.6,No,Extended,1,Bachelor,2,8/2/2024,Employed,1,F,80320,Married,1,30,86,0,1,Personal Auto,0,Personal L3,2,1,Agent,2,Medsize,1,0
HD44279,Arizona,6872.11,No,Basic,0,Bachelor,2,8/2/2024,Disabled,4,F,34055,Divorced,2,18,131,1,4,Personal Auto,0,Personal L2,1,1,Branch,1,Medsize,1,0
YR75102,Arizona,48465.1,No,Basic,0,College,1,8/2/2024,Employed,1,M,34135,Married,1,16,113,0,2,Personal Auto,0,Personal L2,1,1,Agent,2,Medsize,1,0
DF97701,Oregon,9544.15,No,Extended,1,Bachelor,2,8/2/2024,Employed,1,F,86220,Married,1,28,5,1,3,Corporate Auto,1,Corporate L3,5,3,Branch,1,Medsize,1,0
KP77095,Arizona,20885.31,No,Premium,2,Bachelor,2,8/2/2024,Employed,1,F,91916,Married,1,46,8,0,3,Corporate Auto,1,Corporate L2,4,2,Web,0,Large,2,0
RW67951,Washington,11695.79,No,Basic,0,Bachelor,2,8/2/2024,Employed,1,M,126205,Married,1,42,54,0,2,Personal Auto,0,Personal L2,1,4,Agent,2,Medsize,1,0
TO74000,Oregon,10954.45,No,Basic,0,High School or Below,0,8/2/2024,Employed,1,M,41303,Married,1,30,49,0,2,Corporate Auto,1,Corporate L2,4,1,Agent,2,Medsize,1,0
WV39838,Arizona,3289.73,No,Basic,0,College,1,8/2/2024,Unemployed,0,F,0,Married,1,46,113,0,1,Personal Auto,0,Personal L3,2,2,Branch,1,Large,2,0
GB68813,Nevada,11478.02,No,Premium,2,Bachelor,2,8/2/2024,Medical Leave,2,F,17338,Single,0,8,63,0,3,Corporate Auto,1,Corporate L2,4,2,Branch,1,Small,0,1
BC53363,Oregon,47556.85,No,Premium,2,High School or Below,0,8/2/2024,Employed,1,F,31092,Married,1,35,103,0,2,Special Auto,2,Special L3,8,4,Web,0,Medsize,1,0
XK49057,California,6014.95,No,Basic,0,High School or Below,0,8/2/2024,Employed,1,M,42115,Single,0,35,77,4,9,Corporate Auto,1,Corporate L1,3,1,Web,0,Small,0,0
FB84409,Arizona,6643.79,No,Basic,0,Bachelor,2,8/2/2024,Employed,1,M,58914,Married,1,14,134,2,3,Personal Auto,0,Personal L2,1,2,Agent,2,Medsize,1,0
SI90461,Washington,4552.77,No,Extended,1,High School or Below,0,8/2/2024,Employed,1,F,126210,Divorced,2,22,97,0,1,Corporate Auto,1,Corporate L3,5,2,Agent,2,Medsize,1,0
OG62048,California,12221.48,No,Basic,0,Master,3,8/2/2024,Medical Leave,2,F,13785,Divorced,2,9,22,0,7,Personal Auto,0,Personal L2,1,3,Branch,1,Medsize,1,0
HW16019,Oregon,10237.31,No,Basic,0,Bachelor,2,8/2/2024,Disabled,4,M,32580,Married,1,27,57,0,2,Personal Auto,0,Personal L1,0,4,Call Center,3,Medsize,1,0
QF29828,Arizona,4332.04,No,Extended,1,Master,3,8/2/2024,Employed,1,F,54182,Married,1,39,95,0,1,Personal Auto,0,Personal L2,1,1,Agent,2,Medsize,1,0
WD87578,Nevada,10558.6,No,Premium,2,High School or Below,0,8/2/2024,Unemployed,0,F,0,Single,0,42,100,0,3,Personal Auto,0,Personal L2,1,2,Call Center,3,Medsize,1,1
GF38306,Nevada,10474.09,No,Extended,1,High School or Below,0,8/2/2024,Employed,1,F,129819,Single,0,12,123,0,4,Corporate Auto,1,Corporate L3,5,2,Agent,2,Small,0,0
QR79788,Nevada,7846.2,No,Basic,0,College,1,8/2/2024,Employed,1,M,79168,Divorced,2,45,78,0,3,Personal Auto,0,Personal L1,0,3,Agent,2,Medsize,1,0
QU53781,Oregon,12410,No,Basic,0,High School or Below,0,8/2/2024,Employed,1,M,50474,Married,1,41,28,0,5,Corporate Auto,1,Corporate L1,3,4,Branch,1,Medsize,1,0
RJ45123,Oregon,12287.06,No,Basic,0,College,1,8/2/2024,Employed,1,M,64839,Divorced,2,12,107,0,7,Personal Auto,0,Personal L2,1,2,Agent,2,Medsize,1,0
BK85520,Oregon,6745.36,No,Basic,0,College,1,8/2/2024,Employed,1,F,34985,Single,0,18,84,0,7,Corporate Auto,1,Corporate L3,5,1,Agent,2,Medsize,1,0
YG42297,Arizona,7086.12,No,Basic,0,College,1,8/2/2024,Unemployed,0,M,0,Married,1,0,61,0,4,Personal Auto,0,Personal L3,2,4,Web,0,Medsize,1,0
XB86235,Arizona,32651.43,No,Basic,0,Doctor,4,8/2/2024,Disabled,4,M,19859,Single,0,34,116,0,2,Personal Auto,0,Personal L2,1,3,Agent,2,Medsize,1,0
TP30316,California,13102.17,No,Basic,0,College,1,8/2/2024,Employed,1,M,106862,Married,1,34,61,0,2,Corporate Auto,1,Corporate L1,3,2,Agent,2,Small,0,0
WC72942,Oregon,5116.76,No,Extended,1,High School or Below,0,8/2/2024,Employed,1,M,89328,Married,1,47,41,1,1,Personal Auto,0,Personal L2,1,4,Web,0,Small,0,0
NX32730,California,4050.59,No,Basic,0,High School or Below,0,8/2/2024,Employed,1,F,104005,Married,1,15,82,0,1,Personal Auto,0,Personal L3,2,3,Agent,2,Large,2,0
DM34321,California,4617.89,No,Extended,1,Master,3,8/2/2024,Retired,3,F,15730,Married,1,31,18,0,1,Personal Auto,0,Personal L2,1,4,Call Center,3,Small,0,0
GO80206,Arizona,3284.84,No,Basic,0,Bachelor,2,8/2/2024,Employed,1,F,32045,Married,1,14,88,1,1,Personal Auto,0,Personal L3,2,2,Agent,2,Small,0,0
OC50447,Nevada,6705.14,No,Basic,0,Bachelor,2,8/2/2024,Employed,1,M,51374,Married,1,9,32,1,8,Personal Auto,0,Personal L3,2,4,Call Center,3,Medsize,1,0
RH70599,Arizona,3738.49,No,Basic,0,Bachelor,2,8/2/2024,Employed,1,M,54683,Married,1,19,132,0,1,Personal Auto,0,Personal L1,0,2,Call Center,3,Medsize,1,0
NZ60700,Washington,14801.34,Yes,Premium,2,High School or Below,0,8/2/2024,Employed,1,M,75177,Divorced,2,45,123,0,1,Personal Auto,0,Personal L2,1,1,Agent,2,Medsize,1,1
DA40009,Washington,3713.23,No,Basic,0,Bachelor,2,8/2/2024,Employed,1,F,46170,Divorced,2,36,20,0,1,Corporate Auto,1,Corporate L3,5,3,Agent,2,Medsize,1,0
ZS36394,California,7430.59,Yes,Basic,0,Bachelor,2,8/2/2024,Unemployed,0,F,0,Married,1,24,61,0,5,Corporate Auto,1,Corporate L1,3,1,Call Center,3,Medsize,1,0
WM64930,Oregon,7092.21,No,Premium,2,College,1,8/2/2024,Medical Leave,2,M,17295,Married,1,36,0,2,1,Corporate Auto,1,Corporate L2,4,2,Call Center,3,Medsize,1,0
AU13233,California,7976.81,No,Basic,0,High School or Below,0,8/2/2024,Employed,1,F,96391,Married,1,20,111,0,3,Personal Auto,0,Personal L3,2,4,Agent,2,Medsize,1,0
YC77374,California,6911.87,No,Basic,0,Bachelor,2,8/2/2024,Employed,1,F,36302,Married,1,38,50,0,4,Personal Auto,0,Personal L3,2,2,Branch,1,Small,0,0
JN66901,Nevada,8912.18,No,Basic,0,High School or Below,0,8/2/2024,Unemployed,0,M,0,Single,0,30,107,0,1,Corporate Auto,1,Corporate L1,3,4,Web,0,Medsize,1,1
ET88948,California,7429.64,No,Basic,0,Bachelor,2,8/2/2024,Employed,1,F,103733,Married,1,16,115,0,3,Personal Auto,0,Personal L2,1,1,Call Center,3,Medsize,1,0
CS51928,Arizona,6086.96,No,Basic,0,Bachelor,2,8/2/2024,Employed,1,M,113099,Married,1,24,100,0,1,Personal Auto,0,Personal L3,2,1,Branch,1,Small,0,0
EG16813,Arizona,7445.58,No,Basic,0,College,1,8/2/2024,Employed,1,F,102550,Divorced,2,5,31,0,7,Corporate Auto,1,Corporate L3,5,3,Branch,1,Medsize,1,0
BA87048,Washington,6164.27,No,Basic,0,Bachelor,2,8/2/2024,Unemployed,0,M,0,Single,0,26,72,0,3,Personal Auto,0,Personal L3,2,1,Agent,2,Medsize,1,0
CG13512,Oregon,12171.36,No,Basic,0,College,1,8/2/2024,Unemployed,0,M,0,Married,1,35,46,0,2,Personal Auto,0,Personal L3,2,1,Agent,2,Medsize,1,0
KL39500,Arizona,6727.89,No,Extended,1,College,1,8/2/2024,Unemployed,0,M,0,Single,0,30,0,3,5,Personal Auto,0,Personal L3,2,1,Agent,2,Small,0,0
RD73104,Washington,10722.31,No,Premium,2,High School or Below,0,8/2/2024,Disabled,4,F,16444,Divorced,2,14,26,0,4,Personal Auto,0,Personal L1,0,2,Web,0,Medsize,1,0
SC90717,California,43017.56,No,Extended,1,Doctor,4,8/2/2024,Employed,1,M,31828,Married,1,11,97,0,2,Personal Auto,0,Personal L3,2,2,Web,0,Medsize,1,0
NX37589,Washington,3600.42,No,Basic,0,Bachelor,2,8/2/2024,Employed,1,F,106989,Married,1,14,43,1,1,Personal Auto,0,Personal L3,2,2,Web,0,Medsize,1,0
LH38387,Nevada,15376.42,No,Extended,1,Bachelor,2,8/2/2024,Employed,1,F,78552,Married,1,24,53,0,2,Personal Auto,0,Personal L3,2,4,Branch,1,Medsize,1,0
DM59629,California,8655.76,No,Extended,1,Bachelor,2,8/2/2024,Employed,1,F,64268,Divorced,2,32,68,0,4,Personal Auto,0,Personal L3,2,3,Agent,2,Small,0,0
RR39300,California,46228.74,No,Extended,1,High School or Below,0,8/2/2024,Employed,1,F,69194,Married,1,16,0,0,2,Personal Auto,0,Personal L2,1,1,Call Center,3,Medsize,1,0
IX10511,California,5231.98,No,Basic,0,College,1,8/2/2024,Unemployed,0,M,0,Single,0,15,39,0,1,Personal Auto,0,Personal L3,2,1,Branch,1,Medsize,1,1
DN92191,California,11317.96,No,Basic,0,Master,3,8/2/2024,Employed,1,M,92768,Divorced,2,5,45,0,2,Personal Auto,0,Personal L3,2,4,Branch,1,Small,0,1
AT79008,California,12238.1,No,Premium,2,Bachelor,2,8/2/2024,Employed,1,F,54008,Divorced,2,46,24,1,7,Personal Auto,0,Personal L2,1,1,Branch,1,Medsize,1,0
DP19210,California,12408.84,No,Basic,0,Master,3,8/2/2024,Employed,1,F,32161,Married,1,7,53,0,6,Corporate Auto,1,Corporate L2,4,2,Branch,1,Medsize,1,0
RZ33670,California,15832.5,No,Premium,2,College,1,9/1/2024,Disabled,4,F,40337,Married,1,23,0,0,2,Personal Auto,0,Personal L3,2,3,Web,0,Medsize,1,0
DE75225,Oregon,11768.71,No,Basic,0,High School or Below,0,9/1/2024,Unemployed,0,M,0,Married,1,7,120,1,3,Personal Auto,0,Personal L1,0,1,Agent,2,Medsize,1,0
DS81757,Oregon,3334.66,No,Basic,0,College,1,9/1/2024,Unemployed,0,M,0,Single,0,9,27,0,1,Personal Auto,0,Personal L1,0,4,Web,0,Large,2,0
XC67861,Arizona,6765.86,No,Basic,0,Bachelor,2,9/1/2024,Employed,1,F,38960,Divorced,2,32,69,3,4,Corporate Auto,1,Corporate L2,4,1,Call Center,3,Medsize,1,0
QR87004,Nevada,11416.9,No,Basic,0,College,1,9/1/2024,Employed,1,F,33940,Divorced,2,16,5,1,2,Personal Auto,0,Personal L3,2,3,Agent,2,Medsize,1,0
FE84989,Washington,6798.26,No,Basic,0,College,1,9/1/2024,Employed,1,M,98107,Married,1,9,53,0,5,Personal Auto,0,Personal L2,1,2,Call Center,3,Large,2,0
XI41052,California,7367.3,No,Extended,1,Bachelor,2,9/1/2024,Employed,1,F,67559,Single,0,22,19,0,1,Personal Auto,0,Personal L2,1,3,Call Center,3,Medsize,1,0
DQ10761,Oregon,3125.38,No,Basic,0,Bachelor,2,9/1/2024,Unemployed,0,M,0,Single,0,19,53,1,1,Corporate Auto,1,Corporate L3,5,1,Branch,1,Medsize,1,0
UX38930,Arizona,13991.87,No,Extended,1,Master,3,9/1/2024,Employed,1,F,78741,Married,1,42,7,0,3,Personal Auto,0,Personal L3,2,2,Branch,1,Medsize,1,0
FJ54907,Oregon,9694.31,No,Basic,0,College,1,9/1/2024,Employed,1,F,57109,Married,1,32,89,0,1,Personal Auto,0,Personal L2,1,2,Agent,2,Medsize,1,1
BD16530,Arizona,11196.2,No,Basic,0,Bachelor,2,9/1/2024,Employed,1,F,94848,Divorced,2,27,88,0,2,Personal Auto,0,Personal L1,0,1,Agent,2,Medsize,1,0
PI78084,Arizona,6854.38,No,Basic,0,High School or Below,0,9/1/2024,Unemployed,0,M,0,Single,0,35,113,0,3,Personal Auto,0,Personal L3,2,2,Call Center,3,Medsize,1,0
TJ20375,Arizona,10280.76,No,Basic,0,High School or Below,0,9/1/2024,Employed,1,F,46028,Married,1,7,134,0,2,Personal Auto,0,Personal L3,2,2,Web,0,Medsize,1,0
GB35238,California,10232.37,No,Basic,0,Bachelor,2,9/1/2024,Employed,1,F,45773,Married,1,34,66,0,2,Personal Auto,0,Personal L2,1,1,Branch,1,Small,0,0
NF31087,Nevada,33376.3,No,Basic,0,High School or Below,0,9/1/2024,Employed,1,F,60325,Married,1,1,55,0,2,Personal Auto,0,Personal L2,1,2,Agent,2,Medsize,1,0
VT63298,Oregon,26331.04,No,Basic,0,Bachelor,2,9/1/2024,Unemployed,0,M,0,Single,0,23,74,0,2,Personal Auto,0,Personal L1,0,3,Agent,2,Medsize,1,0
NJ46849,Arizona,3381,No,Basic,0,College,1,9/1/2024,Unemployed,0,M,0,Single,0,31,20,0,1,Personal Auto,0,Personal L2,1,2,Branch,1,Medsize,1,0
OD56551,Oregon,7073.85,No,Basic,0,College,1,9/1/2024,Employed,1,M,37770,Single,0,4,28,1,7,Personal Auto,0,Personal L3,2,1,Branch,1,Medsize,1,0
DQ28641,Nevada,3598.05,No,Basic,0,High School or Below,0,9/1/2024,Medical Leave,2,M,19325,Married,1,45,22,0,1,Personal Auto,0,Personal L1,0,2,Branch,1,Medsize,1,0
NP91656,California,6630.89,No,Basic,0,Bachelor,2,9/1/2024,Unemployed,0,F,0,Single,0,35,45,0,9,Personal Auto,0,Personal L2,1,4,Agent,2,Medsize,1,0
VU32116,Oregon,4787.64,No,Basic,0,College,1,9/1/2024,Unemployed,0,F,0,Single,0,15,124,0,1,Personal Auto,0,Personal L3,2,3,Branch,1,Small,0,0
IE15348,Washington,5490.46,No,Basic,0,High School or Below,0,9/1/2024,Employed,1,F,38429,Married,1,45,123,0,1,Personal Auto,0,Personal L3,2,3,Agent,2,Medsize,1,0
YX99200,Nevada,16672.58,No,Premium,2,Bachelor,2,9/1/2024,Employed,1,M,73859,Married,1,18,62,0,2,Personal Auto,0,Personal L3,2,3,Branch,1,Medsize,1,0
KX54900,Arizona,8418.63,No,Extended,1,Doctor,4,9/1/2024,Employed,1,M,77976,Single,0,12,90,0,3,Special Auto,2,Special L2,7,2,Call Center,3,Medsize,1,0
AM30008,California,19077.01,No,Basic,0,High School or Below,0,9/1/2024,Employed,1,M,38241,Single,0,39,35,0,3,Personal Auto,0,Personal L2,1,4,Web,0,Medsize,1,1
XA75063,Oregon,13788.31,No,Extended,1,College,1,9/1/2024,Employed,1,F,53621,Divorced,2,1,77,0,3,Personal Auto,0,Personal L3,2,1,Agent,2,Medsize,1,0
NM22175,Oregon,15511.95,No,Premium,2,College,1,9/1/2024,Unemployed,0,M,0,Married,1,0,127,0,3,Personal Auto,0,Personal L3,2,2,Branch,1,Large,2,1
WV15213,California,3303.52,No,Basic,0,Bachelor,2,9/1/2024,Employed,1,M,114288,Single,0,28,126,0,1,Personal Auto,0,Personal L1,0,1,Branch,1,Medsize,1,0
TN90661,Nevada,7846.09,No,Basic,0,High School or Below,0,9/1/2024,Employed,1,M,112479,Married,1,28,78,0,3,Corporate Auto,1,Corporate L3,5,1,Branch,1,Medsize,1,0
VY64199,Oregon,13791.3,No,Basic,0,Bachelor,2,9/1/2024,Disabled,4,F,24503,Married,1,23,46,0,2,Corporate Auto,1,Corporate L1,3,1,Branch,1,Medsize,1,0
KN25124,Oregon,3316.7,No,Basic,0,Master,3,9/1/2024,Employed,1,F,68822,Married,1,34,61,1,1,Personal Auto,0,Personal L2,1,1,Branch,1,Medsize,1,0
VD51297,California,9883.33,No,Basic,0,College,1,9/1/2024,Employed,1,M,134625,Single,0,8,65,0,2,Personal Auto,0,Personal L3,2,4,Call Center,3,Small,0,0
OC47565,Oregon,8028.74,No,Basic,0,College,1,9/1/2024,Employed,1,F,91476,Married,1,26,26,0,3,Special Auto,2,Special L3,8,4,Branch,1,Medsize,1,0
HH14259,Arizona,3461.22,No,Basic,0,Bachelor,2,9/1/2024,Unemployed,0,F,0,Married,1,18,100,0,1,Personal Auto,0,Personal L3,2,4,Web,0,Medsize,1,0
XZ58588,Arizona,11404.53,No,Premium,2,High School or Below,0,9/1/2024,Unemployed,0,M,0,Divorced,2,3,61,0,7,Corporate Auto,1,Corporate L2,4,1,Agent,2,Small,0,0
VJ71087,Arizona,5391.74,No,Basic,0,Bachelor,2,9/1/2024,Disabled,4,M,23857,Divorced,2,38,22,0,1,Personal Auto,0,Personal L1,0,3,Branch,1,Medsize,1,1
JP28293,California,9040.82,No,Extended,1,Doctor,4,9/1/2024,Employed,1,F,77274,Married,1,24,107,0,7,Corporate Auto,1,Corporate L3,5,2,Call Center,3,Medsize,1,0
DI65961,Arizona,10573.97,No,Basic,0,High School or Below,0,9/1/2024,Employed,1,M,46769,Married,1,9,49,0,2,Personal Auto,0,Personal L3,2,4,Agent,2,Medsize,1,0
FD79560,Arizona,14575.21,No,Basic,0,High School or Below,0,9/1/2024,Employed,1,F,41527,Divorced,2,22,22,2,2,Special Auto,2,Special L3,8,1,Branch,1,Small,0,0
WZ98067,Oregon,5467.24,No,Premium,2,College,1,9/1/2024,Employed,1,M,57391,Married,1,20,97,1,1,Personal Auto,0,Personal L2,1,3,Agent,2,Medsize,1,0
NF51705,Nevada,3691.6,No,Basic,0,High School or Below,0,9/1/2024,Employed,1,M,124412,Single,0,26,45,0,1,Corporate Auto,1,Corporate L3,5,2,Branch,1,Medsize,1,0
FC59209,California,3321.9,No,Basic,0,Bachelor,2,9/1/2024,Unemployed,0,F,0,Married,1,41,18,0,1,Personal Auto,0,Personal L1,0,4,Call Center,3,Large,2,0
UE67791,Arizona,7945.2,No,Basic,0,College,1,9/1/2024,Unemployed,0,M,0,Single,0,12,27,3,2,Personal Auto,0,Personal L3,2,1,Agent,2,Medsize,1,0
SM88270,California,40660.18,No,Premium,2,High School or Below,0,9/1/2024,Employed,1,M,93023,Married,1,16,82,0,2,Personal Auto,0,Personal L3,2,3,Web,0,Medsize,1,1
IS75141,Oregon,7621.44,No,Basic,0,High School or Below,0,9/1/2024,Employed,1,F,59619,Married,1,36,22,0,7,Personal Auto,0,Personal L3,2,2,Agent,2,Medsize,1,0
UV17888,California,9997.32,No,Basic,0,Bachelor,2,9/1/2024,Disabled,4,F,29759,Divorced,2,47,95,0,2,Corporate Auto,1,Corporate L1,3,1,Agent,2,Large,2,0
WT10649,Oregon,8887.33,No,Extended,1,Bachelor,2,9/1/2024,Unemployed,0,M,0,Single,0,30,7,0,3,Personal Auto,0,Personal L2,1,1,Branch,1,Medsize,1,0
OI77877,Oregon,10122.69,No,Extended,1,High School or Below,0,9/1/2024,Employed,1,M,42031,Married,1,32,22,0,6,Personal Auto,0,Personal L2,1,3,Call Center,3,Medsize,1,0
OU81877,Oregon,6381.4,No,Basic,0,High School or Below,0,9/1/2024,Unemployed,0,M,0,Married,1,14,22,0,6,Personal Auto,0,Personal L1,0,4,Agent,2,Medsize,1,0
FU43761,Nevada,3288.09,No,Basic,0,Doctor,4,9/1/2024,Disabled,4,F,34699,Married,1,5,86,0,1,Personal Auto,0,Personal L3,2,1,Call Center,3,Small,0,0
UD99460,Washington,13033.61,No,Extended,1,Bachelor,2,9/1/2024,Employed,1,M,91492,Single,0,39,36,0,2,Personal Auto,0,Personal L1,0,4,Branch,1,Medsize,1,0
NN54114,Arizona,6635.78,No,Basic,0,Bachelor,2,9/1/2024,Unemployed,0,M,0,Single,0,18,65,0,9,Personal Auto,0,Personal L3,2,1,Branch,1,Medsize,1,0
XI58886,California,3773.99,No,Basic,0,High School or Below,0,9/1/2024,Employed,1,M,94242,Married,1,0,81,0,1,Personal Auto,0,Personal L1,0,2,Branch,1,Medsize,1,0
DC62428,Arizona,6872.99,No,Basic,0,High School or Below,0,9/1/2024,Employed,1,M,27329,Married,1,8,57,0,8,Personal Auto,0,Personal L3,2,3,Branch,1,Medsize,1,0
ZD42919,California,6053.18,No,Basic,0,Master,3,9/1/2024,Employed,1,M,44527,Married,1,34,80,0,1,Personal Auto,0,Personal L1,0,2,Call Center,3,Medsize,1,0
ZV17267,Oregon,14890.4,No,Extended,1,Bachelor,2,9/1/2024,Employed,1,F,50026,Married,1,16,9,0,2,Personal Auto,0,Personal L3,2,1,Agent,2,Small,0,0
BX20227,Oregon,8803.85,Yes,Extended,1,College,1,9/1/2024,Employed,1,F,98021,Married,1,35,26,3,8,Personal Auto,0,Personal L3,2,2,Agent,2,Medsize,1,0
AH17051,California,19845.67,No,Extended,1,Bachelor,2,9/1/2024,Employed,1,M,40088,Married,1,46,89,0,2,Personal Auto,0,Personal L3,2,2,Branch,1,Medsize,1,0
TR75465,Washington,13366.73,No,Extended,1,Master,3,9/1/2024,Unemployed,0,M,0,Married,1,32,69,0,3,Personal Auto,0,Personal L2,1,1,Agent,2,Small,0,0
JR72064,Arizona,11165.34,No,Basic,0,High School or Below,0,9/1/2024,Employed,1,M,60286,Married,1,3,108,0,2,Personal Auto,0,Personal L2,1,2,Branch,1,Medsize,1,0
IQ37561,Arizona,10247.8,No,Extended,1,High School or Below,0,9/1/2024,Employed,1,F,71311,Married,1,9,20,0,5,Personal Auto,0,Personal L3,2,2,Branch,1,Medsize,1,0
TP34946,California,6895.85,No,Basic,0,College,1,9/1/2024,Disabled,4,M,36158,Married,1,19,111,0,8,Corporate Auto,1,Corporate L3,5,3,Branch,1,Small,0,0
VA91846,Arizona,7529.68,No,Basic,0,College,1,9/1/2024,Employed,1,M,132122,Married,1,7,30,1,3,Special Auto,2,Special L2,7,3,Branch,1,Large,2,0
WG15595,California,3725.48,No,Basic,0,College,1,9/1/2024,Employed,1,M,86924,Married,1,16,69,0,1,Personal Auto,0,Personal L3,2,1,Agent,2,Small,0,0
ID89933,Oregon,9795.03,No,Extended,1,Doctor,4,9/1/2024,Employed,1,F,53711,Married,1,3,123,1,9,Personal Auto,0,Personal L2,1,1,Web,0,Medsize,1,0
PP14656,Washington,7668.63,No,Basic,0,Master,3,9/1/2024,Employed,1,M,121977,Married,1,4,86,0,7,Personal Auto,0,Personal L1,0,2,Branch,1,Medsize,1,0
NT66759,Arizona,5274,No,Extended,1,College,1,9/1/2024,Employed,1,F,81311,Married,1,18,123,0,1,Personal Auto,0,Personal L2,1,2,Web,0,Small,0,0
EL77795,California,7341.18,No,Extended,1,College,1,9/1/2024,Employed,1,F,31508,Married,1,11,42,0,1,Corporate Auto,1,Corporate L3,5,2,Branch,1,Medsize,1,0
ZZ77357,Nevada,6032.1,No,Basic,0,High School or Below,0,9/1/2024,Unemployed,0,M,0,Single,0,22,82,0,9,Corporate Auto,1,Corporate L2,4,1,Agent,2,Medsize,1,0
KD70601,Washington,7623.65,No,Basic,0,College,1,9/1/2024,Employed,1,F,74026,Single,0,31,18,0,8,Corporate Auto,1,Corporate L3,5,3,Web,0,Medsize,1,0
OZ82391,California,8490.17,No,Extended,1,Master,3,9/1/2024,Employed,1,M,67863,Divorced,2,20,119,0,3,Personal Auto,0,Personal L1,0,2,Call Center,3,Large,2,0
PF24757,Arizona,8803.85,Yes,Extended,1,College,1,9/1/2024,Employed,1,F,98021,Married,1,35,26,3,8,Personal Auto,0,Personal L1,0,2,Agent,2,Medsize,1,0
PF53601,Oregon,38383.2,No,Basic,0,Bachelor,2,9/1/2024,Medical Leave,2,M,23126,Divorced,2,1,78,0,2,Special Auto,2,Special L3,8,1,Agent,2,Medsize,1,1
EP35930,Oregon,7081.67,No,Basic,0,Master,3,9/1/2024,Employed,1,F,62182,Married,1,31,128,0,3,Personal Auto,0,Personal L3,2,3,Branch,1,Large,2,0
KW59167,Oregon,8803.85,Yes,Extended,1,College,1,9/1/2024,Employed,1,F,98021,Married,1,35,26,3,8,Personal Auto,0,Personal L2,1,2,Agent,2,Medsize,1,0
JS90115,Nevada,26456.03,No,Basic,0,High School or Below,0,9/1/2024,Employed,1,F,87155,Divorced,2,42,122,0,2,Personal Auto,0,Personal L3,2,3,Agent,2,Medsize,1,0
MP25903,Oregon,3649.41,No,Basic,0,High School or Below,0,9/1/2024,Unemployed,0,M,0,Married,1,8,62,0,1,Personal Auto,0,Personal L3,2,2,Agent,2,Small,0,0
YE46109,Arizona,14633.34,No,Extended,1,College,1,9/1/2024,Medical Leave,2,F,35595,Married,1,9,35,0,3,Personal Auto,0,Personal L2,1,1,Branch,1,Small,0,0
WZ92405,Nevada,10114.42,No,Basic,0,College,1,9/1/2024,Employed,1,F,42826,Married,1,31,72,0,2,Personal Auto,0,Personal L1,0,2,Branch,1,Medsize,1,0
YD76280,Oregon,3153.44,No,Basic,0,High School or Below,0,9/1/2024,Employed,1,M,29817,Married,1,39,4,2,1,Personal Auto,0,Personal L2,1,3,Agent,2,Small,0,0
JH94846,California,5169.53,No,Extended,1,Bachelor,2,9/1/2024,Disabled,4,F,25974,Married,1,34,93,0,1,Personal Auto,0,Personal L2,1,3,Call Center,3,Small,0,0
HP27902,Arizona,31774.61,No,Basic,0,Bachelor,2,9/1/2024,Employed,1,F,45558,Married,1,39,128,0,2,Corporate Auto,1,Corporate L2,4,3,Branch,1,Medsize,1,1
SK47066,Washington,14165.51,No,Extended,1,College,1,9/1/2024,Employed,1,M,97601,Married,1,23,50,2,2,Personal Auto,0,Personal L3,2,1,Agent,2,Medsize,1,0
IJ52285,Arizona,8282.36,No,Extended,1,Master,3,9/1/2024,Employed,1,F,58832,Single,0,16,23,0,8,Personal Auto,0,Personal L2,1,1,Agent,2,Small,0,0
OD75777,Oregon,7542.4,No,Basic,0,College,1,9/1/2024,Disabled,4,F,26028,Married,1,5,53,0,6,Personal Auto,0,Personal L3,2,1,Branch,1,Medsize,1,0
JS19054,Oregon,4508.05,No,Extended,1,Bachelor,2,9/1/2024,Employed,1,F,52408,Single,0,19,86,0,1,Personal Auto,0,Personal L3,2,1,Agent,2,Small,0,0
FQ20031,Oregon,14751.04,No,Premium,2,High School or Below,0,9/1/2024,Employed,1,M,39714,Married,1,31,42,0,1,Personal Auto,0,Personal L2,1,4,Agent,2,Medsize,1,1
AH58807,Arizona,69425.44,No,Basic,0,College,1,9/1/2024,Employed,1,F,114278,Married,1,18,53,3,2,Personal Auto,0,Personal L2,1,1,Agent,2,Medsize,1,0
HU87011,California,7664.37,No,Extended,1,Bachelor,2,9/1/2024,Unemployed,0,F,0,Married,1,18,77,0,9,Personal Auto,0,Personal L1,0,3,Web,0,Medsize,1,0
LZ78622,California,8815.38,No,Extended,1,High School or Below,0,9/1/2024,Employed,1,M,59912,Married,1,14,16,1,8,Special Auto,2,Special L3,8,2,Call Center,3,Medsize,1,0
TA77711,Oregon,11700.57,No,Basic,0,College,1,9/1/2024,Employed,1,M,42328,Married,1,15,31,0,9,Personal Auto,0,Personal L3,2,3,Branch,1,Small,0,0
WM19996,California,11271.86,No,Basic,0,Bachelor,2,9/1/2024,Employed,1,M,61328,Divorced,2,3,62,1,3,Corporate Auto,1,Corporate L3,5,1,Call Center,3,Medsize,1,0
DY34902,Oregon,6977.01,No,Basic,0,High School or Below,0,9/1/2024,Employed,1,F,109596,Single,0,4,61,0,8,Corporate Auto,1,Corporate L2,4,2,Branch,1,Small,0,0
SX75100,Arizona,3726.64,No,Basic,0,Bachelor,2,9/1/2024,Employed,1,M,106738,Married,1,18,32,0,1,Corporate Auto,1,Corporate L2,4,2,Web,0,Medsize,1,0
DI22093,California,13946.09,No,Extended,1,College,1,9/1/2024,Employed,1,M,76248,Married,1,18,84,0,2,Personal Auto,0,Personal L3,2,1,Call Center,3,Medsize,1,0
LN99954,Washington,36449.57,No,Premium,2,Master,3,9/1/2024,Unemployed,0,M,0,Divorced,2,45,26,0,2,Personal Auto,0,Personal L2,1,3,Branch,1,Medsize,1,0
JW87443,Oregon,8803.85,Yes,Extended,1,College,1,9/1/2024,Employed,1,F,98021,Married,1,35,26,3,8,Personal Auto,0,Personal L3,2,2,Agent,2,Medsize,1,0
EO75698,Oregon,30027.4,No,Premium,2,Bachelor,2,9/1/2024,Employed,1,F,113257,Married,1,8,62,0,2,Personal Auto,0,Personal L1,0,2,Agent,2,Medsize,1,0
FE90301,Nevada,7858.52,No,Basic,0,Bachelor,2,9/1/2024,Employed,1,F,82496,Married,1,36,113,0,6,Personal Auto,0,Personal L1,0,2,Agent,2,Medsize,1,0
XE96798,Oregon,3774.24,No,Basic,0,Master,3,9/1/2024,Employed,1,M,116033,Divorced,2,7,82,0,1,Personal Auto,0,Personal L3,2,4,Web,0,Small,0,0
IG89777,California,9931.36,No,Extended,1,High School or Below,0,9/1/2024,Employed,1,M,109546,Married,1,46,124,0,8,Corporate Auto,1,Corporate L2,4,2,Call Center,3,Large,2,0
VA78645,California,2954.68,No,Basic,0,College,1,9/1/2024,Unemployed,0,M,0,Single,0,39,66,1,1,Personal Auto,0,Personal L3,2,3,Branch,1,Medsize,1,0
WP19664,Arizona,6217.93,No,Basic,0,College,1,9/1/2024,Employed,1,M,64099,Married,1,27,53,0,1,Personal Auto,0,Personal L3,2,4,Call Center,3,Medsize,1,0
BP25150,Arizona,7313.95,No,Basic,0,College,1,9/1/2024,Employed,1,F,74112,Single,0,34,43,0,9,Corporate Auto,1,Corporate L2,4,1,Call Center,3,Small,0,0
WA54110,Nevada,3632.56,No,Basic,0,High School or Below,0,9/1/2024,Employed,1,M,65244,Married,1,12,95,0,1,Corporate Auto,1,Corporate L2,4,4,Agent,2,Small,0,0
CQ76876,California,18561.65,No,Premium,2,College,1,9/1/2024,Employed,1,F,111717,Married,1,4,57,0,2,Personal Auto,0,Personal L1,0,1,Web,0,Medsize,1,0
JT46803,Oregon,3721.33,No,Basic,0,Bachelor,2,9/1/2024,Employed,1,F,57154,Single,0,16,76,0,1,Personal Auto,0,Personal L2,1,3,Web,0,Medsize,1,0
FM37864,California,4821.97,No,Extended,1,Bachelor,2,9/1/2024,Employed,1,F,101157,Divorced,2,18,22,0,1,Personal Auto,0,Personal L2,1,1,Agent,2,Large,2,0
BU59722,Washington,6801.24,No,Basic,0,High School or Below,0,9/1/2024,Unemployed,0,M,0,Married,1,38,31,1,9,Personal Auto,0,Personal L2,1,3,Web,0,Medsize,1,0
YE20366,California,9697.15,No,Basic,0,Bachelor,2,9/1/2024,Medical Leave,2,M,19427,Single,0,22,5,0,2,Personal Auto,0,Personal L2,1,1,Agent,2,Medsize,1,0
CO19402,California,17908.44,No,Basic,0,Bachelor,2,9/1/2024,Employed,1,F,134483,Married,1,1,84,0,2,Personal Auto,0,Personal L2,1,3,Agent,2,Medsize,1,0
DO93657,California,9834.89,No,Extended,1,Master,3,9/1/2024,Employed,1,M,77131,Married,1,8,8,1,8,Personal Auto,0,Personal L3,2,1,Branch,1,Medsize,1,0
LN87823,California,5959.68,No,Basic,0,High School or Below,0,9/1/2024,Unemployed,0,F,0,Single,0,31,62,0,7,Personal Auto,0,Personal L2,1,3,Agent,2,Medsize,1,0
BG55927,California,16479.3,No,Premium,2,College,1,9/1/2024,Disabled,4,F,23902,Married,1,9,26,1,2,Personal Auto,0,Personal L3,2,2,Agent,2,Medsize,1,0
EN31802,California,48827.26,No,Basic,0,High School or Below,0,9/1/2024,Employed,1,M,100089,Married,1,42,31,2,2,Personal Auto,0,Personal L1,0,2,Web,0,Medsize,1,0
KW99972,California,14208.36,No,Extended,1,High School or Below,0,9/1/2024,Employed,1,F,54448,Married,1,14,80,2,5,Personal Auto,0,Personal L3,2,1,Branch,1,Medsize,1,0
TA31436,California,10979.15,No,Basic,0,Bachelor,2,9/1/2024,Employed,1,F,49595,Married,1,18,27,0,8,Corporate Auto,1,Corporate L3,5,1,Agent,2,Large,2,0
UW20734,California,4847.44,No,Extended,1,College,1,9/1/2024,Employed,1,F,111939,Married,1,38,68,0,1,Personal Auto,0,Personal L2,1,2,Branch,1,Small,0,0
NC80854,California,6670.27,No,Basic,0,College,1,9/1/2024,Unemployed,0,F,0,Single,0,30,77,0,9,Personal Auto,0,Personal L2,1,3,Agent,2,Medsize,1,0
VN59368,California,8803.85,Yes,Extended,1,College,1,9/1/2024,Employed,1,F,98021,Married,1,35,26,3,8,Personal Auto,0,Personal L2,1,2,Agent,2,Medsize,1,0
LM97847,California,3530.44,No,Basic,0,College,1,9/1/2024,Employed,1,M,76981,Single,0,15,80,0,1,Personal Auto,0,Personal L2,1,2,Agent,2,Medsize,1,0
AC13887,California,6249.14,No,Basic,0,Bachelor,2,9/1/2024,Unemployed,0,M,0,Single,0,34,28,0,4,Corporate Auto,1,Corporate L1,3,1,Branch,1,Medsize,1,0
UN51653,California,12693.69,No,Extended,1,High School or Below,0,9/2/2024,Unemployed,0,F,0,Single,0,38,119,0,4,Personal Auto,0,Personal L3,2,1,Web,0,Medsize,1,1
BH35016,Nevada,22553.26,No,Basic,0,Bachelor,2,9/2/2024,Employed,1,F,86310,Divorced,2,47,132,0,2,Personal Auto,0,Personal L3,2,1,Call Center,3,Medsize,1,0
JM62924,Washington,17851.11,No,Extended,1,Bachelor,2,9/2/2024,Employed,1,M,50671,Married,1,3,0,2,2,Personal Auto,0,Personal L3,2,3,Branch,1,Medsize,1,0
ES57969,Oregon,3312.32,Yes,Basic,0,Bachelor,2,9/2/2024,Medical Leave,2,M,40142,Single,0,4,124,0,1,Personal Auto,0,Personal L2,1,1,Agent,2,Medsize,1,0
UK59698,California,3097.31,No,Basic,0,High School or Below,0,9/2/2024,Unemployed,0,F,0,Divorced,2,7,42,0,1,Personal Auto,0,Personal L3,2,3,Branch,1,Medsize,1,0
CM55703,Washington,3910.84,No,Basic,0,College,1,9/2/2024,Employed,1,F,45557,Divorced,2,1,8,1,1,Personal Auto,0,Personal L3,2,1,Agent,2,Medsize,1,0
OH64088,California,9957.02,No,Basic,0,High School or Below,0,9/2/2024,Employed,1,M,45016,Single,0,43,70,0,2,Corporate Auto,1,Corporate L1,3,1,Agent,2,Medsize,1,0
ZF40671,Washington,16776.98,No,Premium,2,Master,3,9/2/2024,Medical Leave,2,F,21354,Married,1,32,134,0,2,Personal Auto,0,Personal L2,1,2,Call Center,3,Medsize,1,0
JX68983,Oregon,3705.1,No,Basic,0,Bachelor,2,9/2/2024,Employed,1,M,127775,Divorced,2,26,86,0,1,Personal Auto,0,Personal L2,1,1,Branch,1,Medsize,1,0
YE97964,California,22226.89,No,Basic,0,Bachelor,2,9/2/2024,Employed,1,F,37476,Married,1,18,96,0,2,Personal Auto,0,Personal L2,1,1,Web,0,Small,0,0
OS75493,California,5195.45,No,Extended,1,High School or Below,0,9/2/2024,Employed,1,F,57495,Divorced,2,11,99,0,1,Corporate Auto,1,Corporate L1,3,1,Agent,2,Medsize,1,0
VL34577,Oregon,3504.85,No,Basic,0,High School or Below,0,9/2/2024,Unemployed,0,F,0,Single,0,4,88,0,1,Personal Auto,0,Personal L3,2,1,Agent,2,Medsize,1,0
OO63074,California,6099.18,No,Basic,0,Bachelor,2,9/2/2024,Medical Leave,2,F,34102,Married,1,42,12,0,1,Personal Auto,0,Personal L3,2,4,Branch,1,Medsize,1,0
LW77178,Oregon,20827.81,No,Extended,1,Bachelor,2,9/2/2024,Employed,1,F,45737,Married,1,22,111,0,2,Corporate Auto,1,Corporate L3,5,1,Branch,1,Small,0,0
EG94326,Nevada,5774.31,No,Basic,0,High School or Below,0,9/2/2024,Employed,1,M,104308,Married,1,31,12,0,1,Personal Auto,0,Personal L2,1,2,Call Center,3,Small,0,0
JW12998,California,20069.71,No,Extended,1,High School or Below,0,9/2/2024,Employed,1,F,32777,Married,1,22,131,0,2,Personal Auto,0,Personal L2,1,2,Branch,1,Medsize,1,0
CU13711,Oregon,14666.77,No,Basic,0,Doctor,4,9/2/2024,Employed,1,F,129032,Single,0,26,105,0,2,Personal Auto,0,Personal L1,0,1,Agent,2,Medsize,1,0
YO58424,Oregon,3484.15,Yes,Basic,0,College,1,9/2/2024,Employed,1,M,63315,Married,1,18,80,0,1,Corporate Auto,1,Corporate L1,3,2,Web,0,Medsize,1,0
HJ15383,Washington,10843.74,No,Basic,0,Master,3,9/2/2024,Employed,1,M,37338,Married,1,5,101,0,2,Personal Auto,0,Personal L2,1,3,Call Center,3,Medsize,1,0
NM62724,Washington,2942.22,No,Basic,0,High School or Below,0,9/2/2024,Unemployed,0,M,0,Single,0,31,122,0,1,Personal Auto,0,Personal L3,2,3,Branch,1,Medsize,1,0
WQ46946,California,10685.01,No,Extended,1,College,1,9/2/2024,Employed,1,F,104157,Married,1,4,36,1,5,Personal Auto,0,Personal L3,2,1,Branch,1,Medsize,1,0
WH77063,Arizona,5874.59,No,Premium,2,High School or Below,0,9/2/2024,Employed,1,F,100120,Married,1,19,85,0,1,Personal Auto,0,Personal L1,0,4,Agent,2,Small,0,0
PG82270,California,3919.08,No,Basic,0,College,1,9/2/2024,Employed,1,M,49741,Married,1,19,45,0,1,Personal Auto,0,Personal L2,1,4,Branch,1,Small,0,0
LB81265,Arizona,3966.41,No,Basic,0,Bachelor,2,9/2/2024,Employed,1,F,55332,Divorced,2,8,20,0,1,Personal Auto,0,Personal L2,1,3,Call Center,3,Medsize,1,0
IE82679,California,3312.32,Yes,Basic,0,Bachelor,2,9/2/2024,Medical Leave,2,M,40142,Single,0,4,124,0,1,Personal Auto,0,Personal L2,1,1,Agent,2,Medsize,1,0
IC32996,Oregon,6578.25,No,Basic,0,High School or Below,0,9/2/2024,Employed,1,M,93483,Married,1,16,86,1,3,Corporate Auto,1,Corporate L3,5,4,Agent,2,Medsize,1,0
CH73843,Arizona,10291.83,No,Basic,0,High School or Below,0,9/2/2024,Employed,1,M,94365,Married,1,31,92,0,2,Personal Auto,0,Personal L2,1,4,Branch,1,Large,2,0
MJ60422,Arizona,8980.84,No,Extended,1,Bachelor,2,9/2/2024,Employed,1,M,47096,Married,1,4,54,0,5,Personal Auto,0,Personal L3,2,1,Call Center,3,Small,0,0
AX86150,Washington,3586.56,No,Basic,0,High School or Below,0,9/2/2024,Employed,1,M,84749,Single,0,46,43,0,1,Personal Auto,0,Personal L1,0,4,Agent,2,Medsize,1,0
FZ73016,California,6093.14,No,Basic,0,Bachelor,2,9/2/2024,Employed,1,F,46653,Married,1,43,32,0,1,Personal Auto,0,Personal L3,2,1,Call Center,3,Medsize,1,0
TM23788,California,8152.68,No,Extended,1,High School or Below,0,9/2/2024,Unemployed,0,M,0,Divorced,2,8,66,1,3,Personal Auto,0,Personal L3,2,2,Agent,2,Medsize,1,0
JL42497,Nevada,3684.32,No,Basic,0,High School or Below,0,9/2/2024,Employed,1,F,90315,Married,1,20,27,0,1,Personal Auto,0,Personal L2,1,4,Branch,1,Small,0,0
PQ36549,Arizona,7557.67,No,Basic,0,Bachelor,2,9/2/2024,Disabled,4,M,19135,Married,1,1,84,0,8,Personal Auto,0,Personal L1,0,1,Call Center,3,Medsize,1,0
UJ61336,Arizona,7617.71,No,Basic,0,Bachelor,2,9/2/2024,Employed,1,F,92683,Married,1,43,28,2,9,Personal Auto,0,Personal L3,2,1,Web,0,Medsize,1,0
YZ19736,Arizona,3484.15,Yes,Basic,0,College,1,9/2/2024,Employed,1,M,63315,Married,1,18,80,0,1,Personal Auto,0,Personal L2,1,2,Web,0,Medsize,1,0
NK39001,Oregon,4889.28,No,Extended,1,Bachelor,2,9/2/2024,Medical Leave,2,F,18167,Married,1,42,38,0,1,Personal Auto,0,Personal L3,2,3,Branch,1,Large,2,0
CR33417,Washington,6428.91,No,Basic,0,Master,3,9/2/2024,Employed,1,F,49314,Married,1,8,55,0,1,Personal Auto,0,Personal L1,0,1,Agent,2,Medsize,1,0
IH43245,Nevada,10259.86,No,Extended,1,College,1,9/2/2024,Employed,1,M,70353,Divorced,2,19,115,0,6,Corporate Auto,1,Corporate L3,5,1,Agent,2,Medsize,1,0
TO14996,Oregon,7605.83,No,Basic,0,High School or Below,0,9/2/2024,Employed,1,M,50753,Married,1,3,30,0,9,Personal Auto,0,Personal L3,2,1,Branch,1,Medsize,1,0
EE49066,Oregon,6708.86,No,Basic,0,High School or Below,0,9/2/2024,Employed,1,F,84193,Married,1,0,134,0,8,Corporate Auto,1,Corporate L2,4,3,Branch,1,Medsize,1,0
NT77164,Arizona,3704.63,No,Basic,0,Doctor,4,9/2/2024,Medical Leave,2,M,22526,Married,1,12,43,0,1,Personal Auto,0,Personal L2,1,1,Agent,2,Medsize,1,0
OU62959,California,20967.91,No,Basic,0,Bachelor,2,9/2/2024,Employed,1,M,128709,Married,1,7,113,2,3,Personal Auto,0,Personal L2,1,3,Web,0,Medsize,1,1
XW93623,Nevada,9748.55,No,Basic,0,Bachelor,2,9/2/2024,Employed,1,M,45645,Married,1,23,80,0,1,Personal Auto,0,Personal L3,2,3,Agent,2,Medsize,1,0
NB82190,Oregon,7125.55,No,Basic,0,College,1,9/2/2024,Employed,1,M,99552,Single,0,14,81,0,3,Personal Auto,0,Personal L1,0,2,Branch,1,Medsize,1,0
NN40477,Arizona,5779.01,No,Basic,0,Bachelor,2,9/2/2024,Employed,1,F,71117,Divorced,2,34,28,2,1,Personal Auto,0,Personal L2,1,2,Branch,1,Medsize,1,0
YX67409,California,10879.19,No,Basic,0,Bachelor,2,9/2/2024,Employed,1,M,34553,Married,1,7,116,0,9,Personal Auto,0,Personal L2,1,3,Call Center,3,Medsize,1,0
FP99321,Washington,3548.03,No,Extended,1,High School or Below,0,9/2/2024,Unemployed,0,M,0,Single,0,16,99,4,1,Personal Auto,0,Personal L3,2,1,Branch,1,Small,0,0
IN67175,California,7639.84,No,Basic,0,College,1,9/2/2024,Employed,1,F,70725,Married,1,39,11,1,9,Personal Auto,0,Personal L3,2,1,Agent,2,Medsize,1,0
WC83553,Oregon,6580.19,No,Basic,0,College,1,9/2/2024,Employed,1,M,125257,Married,1,1,63,0,6,Personal Auto,0,Personal L1,0,2,Agent,2,Medsize,1,0
TP96247,Oregon,5534.54,No,Basic,0,High School or Below,0,9/2/2024,Medical Leave,2,F,25118,Married,1,16,61,1,1,Personal Auto,0,Personal L3,2,3,Agent,2,Medsize,1,0
AM29546,Oregon,7053.79,No,Basic,0,College,1,9/2/2024,Employed,1,M,77940,Married,1,32,89,0,5,Personal Auto,0,Personal L2,1,4,Call Center,3,Medsize,1,0
KM58067,California,6111.38,No,Basic,0,High School or Below,0,9/2/2024,Employed,1,F,125443,Married,1,47,66,0,1,Personal Auto,0,Personal L2,1,2,Call Center,3,Medsize,1,0
UG18431,Arizona,17662.71,No,Basic,0,Bachelor,2,9/2/2024,Employed,1,M,98631,Married,1,12,105,0,2,Special Auto,2,Special L3,8,2,Call Center,3,Medsize,1,0
WN14477,California,28667.85,No,Extended,1,Bachelor,2,9/2/2024,Unemployed,0,M,0,Divorced,2,39,61,0,2,Personal Auto,0,Personal L1,0,2,Branch,1,Medsize,1,0
LP86596,Arizona,3448.64,No,Basic,0,High School or Below,0,9/2/2024,Unemployed,0,F,0,Married,1,26,36,0,1,Personal Auto,0,Personal L3,2,4,Agent,2,Medsize,1,0
CR37971,Oregon,5266.22,No,Extended,1,Bachelor,2,9/2/2024,Employed,1,M,128274,Married,1,28,109,0,1,Personal Auto,0,Personal L2,1,2,Web,0,Large,2,0
LG49010,California,3537.81,No,Basic,0,Bachelor,2,9/2/2024,Medical Leave,2,M,13820,Married,1,42,131,0,1,Personal Auto,0,Personal L2,1,2,Call Center,3,Medsize,1,0
ZW51790,Arizona,14075.22,No,Basic,0,College,1,9/2/2024,Employed,1,F,70662,Married,1,38,38,3,2,Personal Auto,0,Personal L3,2,1,Agent,2,Small,0,0
AI58500,Arizona,3630.38,No,Basic,0,College,1,9/2/2024,Employed,1,F,35848,Married,1,24,116,1,1,Personal Auto,0,Personal L2,1,3,Web,0,Small,0,0
IY31142,Oregon,3299.84,No,Basic,0,College,1,9/2/2024,Employed,1,M,113130,Single,0,15,59,0,1,Personal Auto,0,Personal L3,2,2,Branch,1,Medsize,1,0
JM30137,Washington,22671.86,No,Extended,1,College,1,9/2/2024,Unemployed,0,F,0,Single,0,39,122,1,4,Personal Auto,0,Personal L3,2,2,Call Center,3,Large,2,1
XS89049,Nevada,3810.5,No,Basic,0,College,1,9/2/2024,Disabled,4,F,34467,Married,1,36,70,0,1,Personal Auto,0,Personal L3,2,1,Agent,2,Small,0,0
SM39580,Arizona,4302.93,No,Extended,1,Doctor,4,9/2/2024,Unemployed,0,M,0,Married,1,36,39,0,1,Corporate Auto,1,Corporate L2,4,2,Call Center,3,Large,2,0
XB43418,California,6501.4,No,Extended,1,College,1,9/2/2024,Employed,1,M,80241,Single,0,45,74,0,1,Special Auto,2,Special L2,7,3,Branch,1,Small,0,0
AS78838,California,3312.32,Yes,Basic,0,Bachelor,2,9/2/2024,Medical Leave,2,M,40142,Single,0,4,124,0,1,Personal Auto,0,Personal L2,1,1,Agent,2,Medsize,1,0
ZG16710,Washington,3850.91,No,Basic,0,High School or Below,0,9/2/2024,Employed,1,M,36235,Married,1,45,23,1,1,Personal Auto,0,Personal L3,2,3,Agent,2,Medsize,1,0
WA68850,Arizona,5667.33,No,Basic,0,High School or Below,0,9/2/2024,Employed,1,M,41307,Married,1,18,28,0,1,Personal Auto,0,Personal L2,1,3,Agent,2,Medsize,1,0
IO89174,Oregon,10378.83,No,Basic,0,Bachelor,2,9/2/2024,Employed,1,F,76518,Single,0,12,105,2,3,Personal Auto,0,Personal L3,2,1,Branch,1,Medsize,1,0
MQ93707,Oregon,9109.16,No,Basic,0,High School or Below,0,9/2/2024,Disabled,4,M,36073,Divorced,2,24,86,3,2,Personal Auto,0,Personal L2,1,2,Agent,2,Medsize,1,0
ZE60021,Nevada,6918.48,No,Extended,1,High School or Below,0,9/2/2024,Medical Leave,2,F,19528,Married,1,41,68,1,1,Corporate Auto,1,Corporate L2,4,1,Web,0,Small,0,1
HB59616,Washington,6079.02,No,Basic,0,College,1,9/2/2024,Unemployed,0,F,0,Single,0,39,97,0,6,Personal Auto,0,Personal L2,1,1,Agent,2,Large,2,0
UI89243,California,7726.77,No,Basic,0,Bachelor,2,9/2/2024,Employed,1,F,104822,Married,1,4,39,0,6,Personal Auto,0,Personal L2,1,4,Branch,1,Large,2,0
BP23267,California,98855.04,No,Extended,1,Bachelor,2,9/2/2024,Employed,1,F,53388,Married,1,15,28,0,2,Personal Auto,0,Personal L3,2,1,Branch,1,Medsize,1,1
CQ78705,Oregon,9646.15,No,Extended,1,College,1,9/2/2024,Employed,1,F,125119,Divorced,2,11,31,3,8,Personal Auto,0,Personal L1,0,3,Web,0,Medsize,1,0
BD66455,California,6643.04,No,Premium,2,High School or Below,0,9/2/2024,Unemployed,0,M,0,Single,0,18,38,0,1,Personal Auto,0,Personal L3,2,1,Agent,2,Medsize,1,1
SH55598,Arizona,4999.64,No,Extended,1,High School or Below,0,9/2/2024,Employed,1,F,31212,Married,1,7,117,0,1,Personal Auto,0,Personal L3,2,3,Agent,2,Medsize,1,0
OM92482,Arizona,6526.44,No,Basic,0,Bachelor,2,9/2/2024,Disabled,4,M,15792,Married,1,5,51,0,3,Personal Auto,0,Personal L2,1,2,Branch,1,Large,2,0
JV40853,California,37349.51,No,Extended,1,High School or Below,0,9/2/2024,Employed,1,F,83546,Divorced,2,4,66,0,2,Personal Auto,0,Personal L3,2,2,Branch,1,Small,0,0
RB16360,Oregon,7196.3,No,Extended,1,High School or Below,0,9/2/2024,Employed,1,M,113724,Divorced,2,14,69,0,1,Personal Auto,0,Personal L3,2,3,Branch,1,Large,2,0
YV49293,Arizona,23823.08,No,Basic,0,College,1,9/2/2024,Employed,1,F,49815,Single,0,28,38,3,2,Corporate Auto,1,Corporate L3,5,1,Branch,1,Large,2,0
ZS72533,Oregon,7008.45,No,Basic,0,High School or Below,0,9/2/2024,Employed,1,M,116709,Single,0,0,134,0,3,Personal Auto,0,Personal L3,2,1,Branch,1,Medsize,1,0
XJ39660,Oregon,7152.19,No,Basic,0,Bachelor,2,9/2/2024,Employed,1,F,89374,Married,1,20,51,0,8,Personal Auto,0,Personal L3,2,2,Call Center,3,Medsize,1,0
ZL29593,Arizona,2943.11,No,Basic,0,College,1,9/2/2024,Unemployed,0,F,0,Single,0,19,130,0,1,Personal Auto,0,Personal L2,1,2,Agent,2,Medsize,1,0
FV83989,Arizona,3312.32,Yes,Basic,0,Bachelor,2,9/2/2024,Medical Leave,2,M,40142,Single,0,4,124,0,1,Personal Auto,0,Personal L3,2,1,Agent,2,Medsize,1,0
EZ48093,Arizona,3659.6,No,Basic,0,Bachelor,2,9/2/2024,Employed,1,M,43197,Married,1,42,95,0,1,Corporate Auto,1,Corporate L3,5,3,Branch,1,Small,0,0
OV64984,Arizona,6589.88,No,Basic,0,Bachelor,2,9/2/2024,Employed,1,M,122704,Married,1,1,42,0,6,Personal Auto,0,Personal L2,1,2,Branch,1,Medsize,1,0
VI14418,California,10279.8,No,Premium,2,Bachelor,2,9/2/2024,Medical Leave,2,M,22554,Divorced,2,12,100,0,8,Special Auto,2,Special L3,8,3,Web,0,Medsize,1,1
IV13886,California,9844.74,No,Basic,0,High School or Below,0,9/2/2024,Unemployed,0,M,0,Married,1,8,68,0,2,Personal Auto,0,Personal L3,2,1,Branch,1,Medsize,1,0
RU76604,Arizona,3484.15,Yes,Basic,0,College,1,9/2/2024,Employed,1,M,63315,Married,1,18,80,0,1,Personal Auto,0,Personal L3,2,2,Web,0,Medsize,1,0
XB30904,Arizona,7933.1,No,Basic,0,High School or Below,0,9/2/2024,Employed,1,M,130985,Married,1,41,89,0,3,Personal Auto,0,Personal L3,2,2,Call Center,3,Medsize,1,0
QE21030,Washington,20902.77,No,Basic,0,High School or Below,0,9/2/2024,Employed,1,M,33292,Married,1,8,38,0,7,Personal Auto,0,Personal L1,0,2,Call Center,3,Medsize,1,1
ZK50586,Oregon,3914.9,No,Basic,0,College,1,9/2/2024,Employed,1,F,89807,Married,1,20,11,4,1,Personal Auto,0,Personal L3,2,4,Agent,2,Medsize,1,0
VL58402,Washington,3484.15,Yes,Basic,0,College,1,9/2/2024,Employed,1,M,63315,Married,1,18,80,0,1,Personal Auto,0,Personal L2,1,2,Web,0,Medsize,1,0
SV94314,Arizona,17882.87,No,Premium,2,Bachelor,2,9/2/2024,Employed,1,M,49812,Married,1,19,49,1,3,Personal Auto,0,Personal L3,2,3,Branch,1,Medsize,1,1
ME22430,Nevada,3312.32,Yes,Basic,0,Bachelor,2,9/2/2024,Medical Leave,2,M,40142,Single,0,4,124,0,1,Personal Auto,0,Personal L2,1,1,Agent,2,Medsize,1,0
FV33188,Washington,3312.32,Yes,Basic,0,Bachelor,2,9/2/2024,Medical Leave,2,M,40142,Single,0,4,124,0,1,Personal Auto,0,Personal L2,1,1,Agent,2,Medsize,1,0
KC17606,California,7080.14,No,Basic,0,College,1,9/2/2024,Employed,1,F,37049,Married,1,28,119,0,3,Personal Auto,0,Personal L3,2,3,Web,0,Large,2,0
BI81476,Oregon,13967.25,No,Extended,1,High School or Below,0,9/2/2024,Employed,1,F,75473,Married,1,35,4,0,2,Personal Auto,0,Personal L2,1,3,Agent,2,Medsize,1,0
PA56702,Arizona,11568.64,No,Basic,0,Doctor,4,9/2/2024,Unemployed,0,M,0,Married,1,18,15,0,8,Personal Auto,0,Personal L1,0,4,Agent,2,Small,0,1
OJ43280,California,7620.04,No,Basic,0,Bachelor,2,9/2/2024,Employed,1,M,44735,Single,0,22,11,0,4,Personal Auto,0,Personal L2,1,3,Web,0,Medsize,1,0
OB52091,Washington,10951.64,No,Basic,0,Bachelor,2,9/2/2024,Employed,1,M,117994,Divorced,2,1,85,0,2,Personal Auto,0,Personal L1,0,1,Agent,2,Medsize,1,0
HN54181,California,8117.6,No,Extended,1,College,1,9/2/2024,Unemployed,0,F,0,Single,0,11,41,0,7,Personal Auto,0,Personal L1,0,3,Agent,2,Small,0,0
NV13794,Nevada,12891.3,No,Basic,0,High School or Below,0,9/2/2024,Employed,1,F,75581,Married,1,4,81,0,9,Personal Auto,0,Personal L1,0,1,Agent,2,Small,0,0
CF41619,Nevada,3144.77,No,Basic,0,College,1,9/2/2024,Employed,1,M,28261,Married,1,19,47,1,1,Personal Auto,0,Personal L3,2,2,Branch,1,Small,0,0
XC83045,Nevada,22221.1,No,Extended,1,Bachelor,2,9/2/2024,Disabled,4,M,22773,Divorced,2,38,77,0,3,Personal Auto,0,Personal L2,1,1,Call Center,3,Small,0,1
MD33155,California,3484.15,Yes,Basic,0,College,1,9/2/2024,Employed,1,M,63315,Married,1,18,80,0,1,Corporate Auto,1,Corporate L3,5,2,Web,0,Medsize,1,0
CY97519,California,23067.12,No,Basic,0,College,1,9/2/2024,Employed,1,M,35551,Married,1,4,99,2,2,Corporate Auto,1,Corporate L1,3,2,Branch,1,Small,0,0
HC90344,California,27500.54,No,Basic,0,Bachelor,2,9/2/2024,Unemployed,0,F,0,Single,0,0,28,1,2,Corporate Auto,1,Corporate L2,4,1,Branch,1,Medsize,1,0
ZU83252,California,11750.03,No,Basic,0,Master,3,9/2/2024,Employed,1,F,83561,Married,1,9,107,0,2,Personal Auto,0,Personal L3,2,3,Web,0,Medsize,1,0
PR80703,California,7757.04,No,Basic,0,Bachelor,2,9/2/2024,Employed,1,F,69302,Married,1,23,119,0,9,Personal Auto,0,Personal L3,2,1,Branch,1,Medsize,1,0
NS23754,California,3465.16,No,Basic,0,High School or Below,0,9/2/2024,Employed,1,F,28856,Married,1,19,89,0,1,Corporate Auto,1,Corporate L3,5,3,Call Center,3,Large,2,0
QO56615,California,4023.01,No,Extended,1,College,1,9/2/2024,Medical Leave,2,F,18272,Married,1,9,72,1,1,Personal Auto,0,Personal L3,2,2,Agent,2,Small,0,0
